0 Sticker Minifig Vest with Shield with White Maltese Cross on Dark Grey Background
0 Name: 003238g.dat
0 Author: J.C. Tchang [tchang]
0 !LDRAW_ORG Unofficial_Part
0 !LICENSE Redistributable under CCAL version 2.0 : see CAreadme.txt

0 BFC CERTIFY CCW
0 !KEYWORDS Castle, Malta, part 3840, set 375-2, set 6075-2

0 !HISTORY 2007-11-11 [mikeheide] fixed errors
0 !HISTORY 2007-11-12 [mikeheide] fixed overlapping quads, moved 0.5LDU in z
0 !HISTORY 2008-11-28 [anathema] used new subparts, fixed base colour
0 !HISTORY 2010-04-05 [PTadmin] Official Update 2010-01
0 !HISTORY 2019-09-08 [anathema] Corrected colour of back

1 16 0 0 0 1 0 0 0 1 0 0 0 1 s\3238s02.dat
1 8 0 -0.25 4 0.48 0 0 0 1 0 0 0 0.48 s\003238s6.dat
1 8 0 -0.25 4 -0.48 0 0 0 1 0 0 0 0.48 s\003238s6.dat
1 8 -11 -0.25 -16 -2 0 0 0 1 0 0 0 -2 1-4disc.dat
1 8 11 -0.25 -16 0 0 2 0 1 0 -2 0 0 1-4disc.dat
4 8 -11 -0.25 -18 11 -0.25 -18 11 -0.25 -16 -11 -0.25 -16
4 8 0 -0.25 -11.5376 -4.2048 -0.25 -7.7936 -11 -0.25 -16 0 -0.25 -16
4 8 -13 -0.25 -4 -13 -0.25 -16 -4.2048 -0.25 -7.7936 -7.1664 -0.25 -3.5264
4 8 -7.1664 -0.25 -3.5264 -8.9856 -0.25 1.1056 -13 -0.25 0.8 -13 -0.25 -4
4 8 -13 -0.25 6.4 -13 -0.25 0.8 -8.9856 -0.25 1.1056 -9.6 -0.25 6.08
4 8 -9.6 -0.25 6.08 -9.6 -0.25 10.72 -13 -0.25 17 -13 -0.25 6.4
4 8 0 -0.25 -16 11 -0.25 -16 4.2048 -0.25 -7.7936 0 -0.25 -11.5376
4 8 7.1664 -0.25 -3.5264 4.2048 -0.25 -7.7936 13 -0.25 -16 13 -0.25 -4
4 8 13 -0.25 -4 13 -0.25 0.8 8.9856 -0.25 1.1056 7.1664 -0.25 -3.5264
4 8 9.6 -0.25 6.08 8.9856 -0.25 1.1056 13 -0.25 0.8 13 -0.25 6.4
4 8 13 -0.25 6.4 13 -0.25 17 9.6 -0.25 10.72 9.6 -0.25 6.08
4 8 -9.6 -0.25 10.72 9.6 -0.25 10.72 13 -0.25 17 -13 -0.25 17
3 8 -13 -0.25 -16 -11 -0.25 -16 -4.2048 -0.25 -7.7936
3 8 13 -0.25 -16 4.2048 -0.25 -7.7936 11 -0.25 -16
