0 Technic Gearwheel Z8 with Pin Holes, Flywheel Socket and Short Shaft
0 Name: 18590.dat
0 Author: Massimo Maso [Sirio]
0 !LDRAW_ORG Unofficial_Part
0 !LICENSE Redistributable under CCAL version 2.0 : see CAreadme.txt

0 BFC CERTIFY CCW

0 !KEYWORDS Ninjago

0 !HISTORY 2018-01-28 {LEGO Digital Designer} Original part shape
0 !HISTORY 2020-03-28 [Sirio] File preparation for LDraw Parts Tracker

0 // Subparts
1 16 0 0 0 1 0 0 0 1 0 0 0 1 s\18590s01.dat
1 16 0 0 0 -1 0 0 0 1 0 0 0 -1 s\18590s01.dat
1 16 0 60 0 1 0 0 0 1 0 0 0 1 s\18590s02.dat
1 16 0 60 0 0.707107 0 -0.707107 0 1 0 0.707107 0 0.707107 s\18590s02.dat
1 16 0 60 0 0 0 -1 0 1 0 1 0 0 s\18590s02.dat
1 16 0 60 0 -0.707107 0 -0.707107 0 1 0 0.707107 0 -0.707107 s\18590s02.dat
1 16 0 60 0 -1 0 0 0 1 0 0 0 -1 s\18590s02.dat
1 16 0 60 0 -0.707107 0 0.707107 0 1 0 -0.707107 0 -0.707107 s\18590s02.dat
1 16 0 60 0 0 0 1 0 1 0 -1 0 0 s\18590s02.dat
1 16 0 60 0 0.707107 0 0.707107 0 1 0 -0.707107 0 0.707107 s\18590s02.dat
0 // Primitives
0 BFC INVERTNEXT
1 16 0 72.725 0 4 0 0 0 -26.225 0 0 0 4 4-4cylc.dat
1 16 0 46.5 0 4 0 0 0 1 0 0 0 4 4-4ndis.dat
1 16 0 35.5 0 .55 0 0 0 .4125 0 0 0 .55 4-4con29.dat
1 16 0 35.9125 0 1.45 0 0 0 1.0875 0 0 0 1.45 4-4con10.dat
1 16 0 37 0 0.5 0 0 0 2.25 0 0 0 0.5 4-4con28.dat
1 16 0 49.85 0 14 0 0 0 -10.6 0 0 0 14 4-4cylo.dat
1 16 0 49.85 0 7 0 0 0 -1 0 0 0 7 4-4ring1.dat
1 16 0 70.15 0 7 0 0 0 1 0 0 0 7 4-4ring1.dat
1 16 0 76.25 0 14 0 0 0 -6.1 0 0 0 14 4-4cylc.dat
1 16 0 80 0 1.7 0 0 0 -1 0 0 0 1.7 rect.dat
0 // Bottom cross
0 // Faces
3 16 -2.5 76.25 13.50308 0 76.25 14 -2.5 77.248 9.028
3 16 2.502 77.248 9.028 0 76.25 14 2.5 76.25 13.50308
3 16 -2.5 77.248 9.028 0 76.25 14 2.502 77.248 9.028
3 16 -13.503085 76.25 -2.5 -14 76.25 0 -9.267 77.075 -2.412
3 16 -9.183 77.129 2.588 -14 76.25 0 -13.50308 76.25 2.5
3 16 -9.267 77.075 -2.412 -14 76.25 0 -9.183 77.129 2.588
3 16 2.5 76.25 -13.50308 0 76.25 -14 2.502 77.129 -9.095
3 16 2.502 77.129 -9.095 0 76.25 -14 -2.5 77.129 -9.095
3 16 -2.5 77.129 -9.095 0 76.25 -14 -2.5 76.25 -13.50308
3 16 9.185 77.129 2.588 13.50308 76.25 2.5 14 76.25 0
3 16 9.185 77.129 2.588 14 76.25 0 9.269 77.075 -2.412
3 16 9.269 77.075 -2.412 14 76.25 0 13.50308 76.25 -2.5
4 16 2.502 77.248 9.028 1.7 80 1.7 -1.7 80 1.7 -2.5 77.248 9.028
4 16 -1.7 80 1.7 -1.7 80 -1.7 -9.267 77.075 -2.412 -9.183 77.129 2.588
4 16 1.7 80 1.7 9.185 77.129 2.588 9.269 77.075 -2.412 1.7 80 -1.7
4 16 1.7 80 -1.7 2.502 77.129 -9.095 -2.5 77.129 -9.095 -1.7 80 -1.7
3 16 -1.7 80 -1.7 -2.5 77.129 -9.095 -2.5 79.7523 -2.5
3 16 -2.5 79.7523 2.5 -2.5 77.248 9.028 -1.7 80 1.7
3 16 1.7 80 1.7 2.502 77.248 9.028 2.5 79.7523 2.5
3 16 -2.5 79.7523 -2.5 -9.267 77.075 -2.412 -1.7 80 -1.7
3 16 -1.7 80 1.7 -9.183 77.129 2.588 -2.5 79.7523 2.5
3 16 2.5 79.7523 -2.5 1.7 80 -1.7 9.269 77.075 -2.412
3 16 9.185 77.129 2.588 1.7 80 1.7 2.5 79.7523 2.5
3 16 1.7 80 -1.7 2.5 79.7523 -2.5 2.502 77.129 -9.095
3 16 -13.50308 76.25 2.5 -2.5 76.25 2.5 -9.183 77.129 2.588
3 16 -2.5 76.25 -2.5 -13.50308 76.25 -2.5 -9.267 77.075 -2.412
3 16 -2.5 76.25 -13.50308 -2.5 76.25 -2.5 -2.5 77.129 -9.095
3 16 -2.5 76.25 13.50308 -2.5 77.248 9.028 -2.5 76.25 2.5
3 16 13.50308 76.25 2.5 9.185 77.129 2.588 2.5 76.25 2.5
3 16 2.5 76.25 -2.5 9.269 77.075 -2.412 13.50308 76.25 -2.5
3 16 2.5 76.25 -13.503085 2.502 77.129 -9.095 2.5 76.25 -2.5
3 16 2.5 76.25 13.503085 2.5 76.25 2.5 2.502 77.248 9.028
3 16 -9.183 77.129 2.588 -2.5 76.25 2.5 -2.5 79.7523 2.5
3 16 -2.5 76.25 -2.5 -9.267 77.075 -2.412 -2.5 79.7523 -2.5
3 16 -2.5 79.7523 -2.5 -2.5 77.129 -9.095 -2.5 76.25 -2.5
3 16 -2.5 77.248 9.028 -2.5 79.7523 2.5 -2.5 76.25 2.5
3 16 9.185 77.129 2.588 2.5 79.7523 2.5 2.5 76.25 2.5
3 16 2.5 76.25 -2.5 2.5 79.7523 -2.5 9.269 77.075 -2.412
3 16 2.5 79.7523 -2.5 2.5 76.25 -2.5 2.502 77.129 -9.095
3 16 2.502 77.248 9.028 2.5 76.25 2.5 2.5 79.7523 2.5
0 // Edges
2 24 -2.5 77.129 -9.095 -2.5 79.7523 -2.5
2 24 -2.5 79.7523 2.5 -2.5 77.248 9.028
2 24 2.502 77.248 9.028 2.5 79.7523 2.5
2 24 -13.50308 76.25 2.5 -9.183 77.129 2.588
2 24 -9.267 77.075 -2.412 -13.503085 76.25 -2.5
2 24 -13.50308 76.25 2.5 -2.5 76.25 2.5
2 24 -2.5 76.25 2.5 -2.5 79.7523 2.5
2 24 -2.5 79.7523 2.5 -9.183 77.129 2.588
2 24 -2.5 76.25 -2.5 -13.503085 76.25 -2.5
2 24 -9.267 77.075 -2.412 -2.5 79.7523 -2.5
2 24 -2.5 79.7523 -2.5 -2.5 76.25 -2.5
2 24 -2.5 76.25 -13.50308 -2.5 77.129 -9.095
2 24 2.502 77.129 -9.095 2.5 76.25 -13.503085
2 24 -2.5 76.25 -13.50308 -2.5 76.25 -2.5
2 24 -2.5 76.25 13.503085 -2.5 77.248 9.028
2 24 -2.5 76.25 2.5 -2.5 76.25 13.50308
2 24 9.185 77.129 2.588 13.50308 76.25 2.5
2 24 13.50308 76.25 -2.5 9.269 77.075 -2.412
2 24 2.5 76.25 2.5 13.50308 76.25 2.5
2 24 9.185 77.129 2.588 2.5 79.7523 2.5
2 24 2.5 79.7523 2.5 2.5 76.25 2.5
2 24 13.50308 76.25 -2.5 2.5 76.25 -2.5
2 24 2.5 76.25 -2.5 2.5 79.7523 -2.5
2 24 2.5 79.7523 -2.5 9.269 77.075 -2.412
2 24 2.5 76.25 -2.5 2.5 76.25 -13.50308
2 24 2.502 77.129 -9.095 2.5 79.7523 -2.5
2 24 2.5 76.25 13.50308 2.502 77.248 9.028
2 24 2.5 76.25 13.50308 2.5 76.25 2.5
2 24 2.502 77.129 -9.095 -2.5 77.129 -9.095
2 24 9.185 77.129 2.588 9.269 77.075 -2.412
2 24 2.502 77.248 9.028 -2.5 77.248 9.028
2 24 -9.183 77.129 2.588 -9.267 77.075 -2.412
2 24 -1.7 80 -1.7 -2.5 79.7523 -2.5
2 24 1.7 80 -1.7 2.5 79.7523 -2.5
2 24 1.7 80 1.7 2.5 79.7523 2.5
2 24 -1.7 80 1.7 -2.5 79.7523 2.5
0 // Outside cones conditional lines
5 24 -14.5 37 0 -13.39655 37 -5.54915 -12.9346 39.25 -5.3578 -16.5 35.5 0
5 24 -13.39655 37 -5.54915 -10.25295 37 -10.25295 -9.8994 39.25 -9.8994 -14.736205 35.9125 -6.104065
5 24 -10.25295 37 -10.25295 -5.54915 37 -13.39655 -5.3578 39.25 -12.9346 -11.278245 35.9125 -11.278245
5 24 -5.54915 37 -13.39655 0 37 -14.5  0 39.25 -14 -6.104065 35.9125 -14.736205
5 24 0 37 -14.5 5.54915 37 -13.39655 5.3578 39.25 -12.9346 0 35.9125 -15.95
5 24 5.54915 37 -13.39655 10.25295 37 -10.25295 9.8994 39.25 -9.8994 6.104065 35.9125 -14.736205
5 24 10.25295 37 -10.25295 13.39655 37 -5.54915 12.9346 39.25 -5.3578 11.278245 35.9125 -11.278245
5 24 13.39655 37 -5.54915 14.5 37 0 14 39.25 0 14.736205 35.9125 -6.104065
5 24 14.5 37 0 13.39655 37 5.54915 12.9346 39.25 5.3578 15.95 35.9125 0
5 24 13.39655 37 5.54915 10.25295 37 10.25295 9.8994 39.25 9.8994 14.736205 35.9125 6.104065
5 24 10.25295 37 10.25295 5.54915 37 13.39655 5.3578 39.25 12.9346 11.278245 35.9125 11.278245
5 24 5.54915 37 13.39655 0 37 14.5 0 39.25 14 6.104065 35.9125 14.736205
5 24 0 37 14.5 -5.54915 37 13.39655 -5.3578 39.25 12.9346 0 35.9125 15.95
5 24 -5.54915 37 13.39655 -10.25295 37 10.25295 -9.8994 39.25 9.8994 -6.104065 35.9125 14.736205
5 24 -10.25295 37 10.25295 -13.39655 37 5.54915 -12.9346 39.25 5.3578 -11.278245 35.9125 11.278245
5 24 -13.39655 37 5.54915 -14.5 37 0 -14 39.25 0 -14.736205 35.9125 6.104065
