0 Windscreen  6 x  4 x  1.333 Curved with Red "PORSCHE" and White and Grey Roof (Needs work)
0 Name: 18973p04.dat
0 Author: Massimo Maso [Sirio]
0 !LDRAW_ORG Unofficial_Part
0 !LICENSE Redistributable under CCAL version 2.0 : see CAreadme.txt

0 BFC CERTIFY CCW

0 // Needs Work: the drawing is complete but it may not correspond perfectly to the physical part.
0 // It is based only on photos, it has not yet been possible to compare it with a real component.

1 16 0 0 0 1 0 0 0 1 0 0 0 1 s\18973s01.dat

0 // Left side
4 16 0 14.016 -85 0 24 -110 5.22 24 -109.656 5.22 14.016 -84.742
4 16 0 6.528 -60 0 14.016 -85 5.22 14.016 -84.742 5.22 6.528 -59.828
3 16 5.22 24 -109.656 10.352 24 -108.636 10.352 14.016 -83.977
3 16 10.352 14.016 -83.977 5.22 14.016 -84.742 5.22 24 -109.656
4 16 10.352 6.528 -59.318 5.22 6.528 -59.828 5.22 14.016 -84.742 10.352 14.016 -83.977
4 16 15.308 14.016 -82.717 10.352 24 -108.636 15.308 24 -106.956 20 14.016 -80.98
3 16 10.352 24 -108.636 15.308 14.016 -82.717 10.352 14.016 -83.977
4 16 15.308 6.528 -58.478 10.352 14.016 -83.977 15.308 14.016 -82.717 20 6.528 -57.32
3 16 10.352 6.528 -59.318 10.352 14.016 -83.977 15.308 6.528 -58.478
4 16 20 14.016 -80.98 15.308 24 -106.956 20 24 -104.64 24.352 14.016 -78.802
4 16 20 6.528 -57.32 15.308 14.016 -82.717 20 14.016 -80.98 24.352 6.528 -55.868
4 16 24.352 14.016 -78.802 20 24 -104.64 24.352 24 -101.736 28.284 14.016 -76.213
3 16 24.352 6.528 -55.868 20 14.016 -80.98 24.352 14.016 -78.802
4 16 28.284 14.016 -76.213 24.352 24 -101.736 28.284 24 -98.284 31.736 14.016 -73.264
3 16 28.284 6.528 -54.142 24.352 14.016 -78.802 28.284 14.016 -76.213
3 16 24.352 14.016 -78.802 28.284 6.528 -54.142 24.352 6.528 -55.868
4 16 31.736 14.016 -73.264 28.284 24 -98.284 31.736 24 -94.352 34.64 14.016 -70
3 16 28.284 14.016 -76.213 31.736 14.016 -73.264 31.736 6.528 -52.176
3 16 31.736 6.528 -52.176 28.284 6.528 -54.142 28.284 14.016 -76.213
4 16 34.64 14.016 -70 31.736 24 -94.352 34.64 24 -90 36.956 14.016 -66.481
3 16 34.64 14.016 -70 34.64 6.528 -50 31.736 14.016 -73.264
3 16 31.736 6.528 -52.176 31.736 14.016 -73.264 34.64 6.528 -50
3 16 36.956 24 -85.308 36.956 14.016 -66.481 34.64 24 -90
4 16 36.956 6.528 -47.654 34.64 14.016 -70 36.956 14.016 -66.481 38.636 6.528 -45.176
3 16 34.64 14.016 -70 36.956 6.528 -47.654 34.64 6.528 -50
3 16 36.956 1.536 -28.827 34.64 6.528 -50 36.956 6.528 -47.654
3 16 38.636 14.016 -62.764 36.956 24 -85.308 38.636 24 -80.352
3 16 36.956 24 -85.308 38.636 14.016 -62.764 36.956 14.016 -66.481
3 16 38.636 6.528 -45.176 36.956 14.016 -66.481 38.636 14.016 -62.764
4 16 38.636 1.536 -27.588 36.956 6.528 -47.654 38.636 6.528 -45.176 40 1.5403 -25.6593
3 16 38.636 1.536 -27.588 36.956 1.536 -28.827 36.956 6.528 -47.654
3 16 38.636 24 -80.352 39.656 24 -75.22 40 13.6299 -55.922
3 16 39.656 24 -75.22 40 24 -70 40 13.6299 -55.922
3 16 40 13.6299 -55.922 38.636 14.016 -62.764 38.636 24 -80.352
3 16 38.636 14.016 -62.764 40 13.6299 -55.922 40 6.1075 -41.0546
3 16 40 6.1075 -41.0546 38.636 6.528 -45.176 38.636 14.016 -62.764
3 16 38.636 6.528 -45.176 40 6.1075 -41.0546 40 1.5403 -25.6593
0 // Right side
4 16 -5.22 14.016 -84.742 -5.22 24 -109.656 0 24 -110 0 14.016 -85
4 16 -5.22 6.528 -59.828 -5.22 14.016 -84.742 0 14.016 -85 0 6.528 -60
3 16 -10.352 24 -108.636 -5.22 24 -109.656 -10.352 14.016 -83.977
3 16 -5.22 14.016 -84.742 -10.352 14.016 -83.977 -5.22 24 -109.656
4 16 -10.352 14.016 -83.977 -5.22 14.016 -84.742 -5.22 6.528 -59.828 -10.352 6.528 -59.318
4 16 -15.308 24 -106.956 -10.352 24 -108.636 -15.308 14.016 -82.717 -20 14.016 -80.98
3 16 -10.352 24 -108.636 -10.352 14.016 -83.977 -15.308 14.016 -82.717
4 16 -15.308 14.016 -82.717 -10.352 14.016 -83.977 -15.308 6.528 -58.478 -20 6.528 -57.32
3 16 -15.308 6.528 -58.478 -10.352 14.016 -83.977 -10.352 6.528 -59.318
4 16 -20 24 -104.64 -15.308 24 -106.956 -20 14.016 -80.98 -24.352 14.016 -78.802
4 16 -20 14.016 -80.98 -15.308 14.016 -82.717 -20 6.528 -57.32 -24.352 6.528 -55.868
4 16 -24.352 24 -101.736 -20 24 -104.64 -24.352 14.016 -78.802 -28.284 14.016 -76.213
3 16 -24.352 6.528 -55.868 -24.352 14.016 -78.802 -20 14.016 -80.98
4 16 -28.284 24 -98.284 -24.352 24 -101.736 -28.284 14.016 -76.213 -31.736 14.016 -73.264
3 16 -28.284 6.528 -54.142 -28.284 14.016 -76.213 -24.352 14.016 -78.802
3 16 -24.352 14.016 -78.802 -24.352 6.528 -55.868 -28.284 6.528 -54.142
4 16 -31.736 24 -94.352 -28.284 24 -98.284 -31.736 14.016 -73.264 -34.64 14.016 -70
3 16 -31.736 14.016 -73.264 -28.284 14.016 -76.213 -31.736 6.528 -52.176
3 16 -28.284 6.528 -54.142 -31.736 6.528 -52.176 -28.284 14.016 -76.213
4 16 -34.64 24 -90 -31.736 24 -94.352 -34.64 14.016 -70 -36.956 14.016 -66.481
3 16 -31.736 14.016 -73.264 -34.64 6.528 -50 -34.64 14.016 -70
3 16 -34.64 6.528 -50 -31.736 14.016 -73.264 -31.736 6.528 -52.176
3 16 -34.64 24 -90 -36.956 14.016 -66.481 -36.956 24 -85.308
4 16 -36.956 14.016 -66.481 -34.64 14.016 -70 -36.956 6.528 -47.654 -38.636 6.528 -45.176
3 16 -34.64 14.016 -70 -34.64 6.528 -50 -36.956 6.528 -47.654
3 16 -36.956 1.536 -28.827 -36.956 6.528 -47.654 -34.64 6.528 -50
3 16 -38.636 14.016 -62.764 -38.636 24 -80.352 -36.956 24 -85.308
3 16 -36.956 24 -85.308 -36.956 14.016 -66.481 -38.636 14.016 -62.764
3 16 -38.636 6.528 -45.176 -38.636 14.016 -62.764 -36.956 14.016 -66.481
4 16 -38.636 6.528 -45.176 -36.956 6.528 -47.654 -38.636 1.536 -27.588 -40 1.5403 -25.6593
3 16 -36.956 1.536 -28.827 -38.636 1.536 -27.588 -36.956 6.528 -47.654
3 16 -39.656 24 -75.22 -38.636 24 -80.352 -40 13.6299 -55.922
3 16 -40 24 -70 -39.656 24 -75.22 -40 13.6299 -55.922
3 16 -38.636 14.016 -62.764 -40 13.6299 -55.922 -38.636 24 -80.352
3 16 -40 13.6299 -55.922 -38.636 14.016 -62.764 -40 6.1075 -41.0546
3 16 -38.636 6.528 -45.176 -40 6.1075 -41.0546 -38.636 14.016 -62.764
3 16 -40 6.1075 -41.0546 -38.636 6.528 -45.176 -40 1.5403 -25.6593
0 // Modified faces
0 // Dark gray faces
3 8 0 2.879008 -41.7258 3.8941 2.845364 -41.4706 0 2.13504 -38
3 8 5.22 2.15434 -38 0 2.13504 -38 3.8941 2.845364 -41.4706
3 8 3.8941 2.845364 -41.4706 5.22 2.796892 -41.20684 5.22 2.15434 -38
4 8 10.352 2.580048 -39.81629 10.352 2.212356 -38 5.22 2.15434 -38 5.22 2.796892 -41.20684
3 8 5.22 2.796892 -41.20684 7.7216 2.734351 -40.7092 10.352 2.580048 -39.81629
3 8 11.4169 2.525137 -39.4548 10.352 2.212356 -38 10.352 2.580048 -39.81629
3 8 10.352 2.212356 -38 11.4169 2.525137 -39.4548 14.3672 2.281241 -38
4 8 31.5 .3609157 -15.86797 31.4747 .5984566 -18.7853 33.2305 .6128253 -18.8005 36.5 .2458903 -13.99758
3 8 36.5 .2458903 -13.99758 33.2305 .6128253 -18.8005 36.15667 .6842791 -19.40883
3 8 36.15667 .6842791 -19.40883 36.5 .4914767 -17.01132 36.5 .2458903 -13.99758
3 8 36.5 0.7055449 -19.4802 36.5 0.4914767 -17.01132 36.15667 0.6842791 -19.40883
4 8 36.5 0 -10 31.5 0 -10 31.5 .3609157 -15.86797 36.5 .2458903 -13.99758
4 8 36.5 0 9 31.5 0 9 31.5 0 -10 36.5 0 -10
4 8 -5.22 2.15434 -38 -5.22 2.796892 -41.20684 -3.8941 2.845364 -41.4706 0 2.879008 -41.7258
3 8 0 2.879008 -41.7258 0 2.13504 -38 -5.22 2.15434 -38
4 8 -10 2.208816 -38 -10 1.536 -34.67649 -10.352 1.536 -34.659 -10.352 2.285522 -38.36142
4 8 -10.352 2.285522 -38.36142 -10.352 2.580048 -39.81629 -7.7216 2.734351 -40.7092 -5.22 2.796892 -41.20684
3 8 -5.22 2.796892 -41.20684 -10 2.208816 -38 -10.352 2.285522 -38.36142
3 8 -10 2.208816 -38 -5.22 2.796892 -41.20684 -5.22 2.15434 -38
3 8 -15 1.846237 -35.79758 -15 2.23254 -37.6733 -14.917 2.241073 -37.7288
3 8 -14.917 2.241073 -37.7288 -14.58612 2.263127 -37.89197 -15 1.846237 -35.79758
4 8 -15 1.536 -34.2651 -15 1.846237 -35.79758 -14.58612 2.263127 -37.89197 -11.4169 2.525137 -39.4548
4 8 -10.352 2.285522 -38.36142 -10.352 1.536 -34.659 -15 1.536 -34.2651 -11.4169 2.525137 -39.4548
3 8 -11.4169 2.525137 -39.4548 -10.352 2.580048 -39.81629 -10.352 2.285522 -38.36142
3 8 -10 .5844278 -19.50287 -15 .5691416 -19.25431 -15 .6283458 -20.19731
4 8 -10 .5844278 -19.50287 -15 .6283458 -20.19731 -10.352 1.536 -34.659 -10 1.536 -34.67649
3 8 -15 1.536 -34.2651 -10.352 1.536 -34.659 -15 .6283458 -20.19731
4 8 -10 .5844278 -19.50287 -10 .3075 -15 -15 .3075005 -15 -15 .5691416 -19.25431
4 8 -21 0 9 -39 0 9 -39 0 4 -21 0 4
0 // White faces
4 15 0 1.536 -35 0 2.13504 -38 5.22 2.15434 -38 5.22 1.536 -34.914
4 15 10.352 2.212356 -38 10.352 1.536 -34.659 5.22 1.536 -34.914 5.22 2.15434 -38
4 15 20 1.536 -33.66 15.308 1.536 -34.239 14.66397 2.184706 -37.49799 14.917 2.241073 -37.7288
4 15 18.1617 1.880728 -35.5607 19.93459 1.605597 -34.006 20 1.536 -33.66 14.917 2.241073 -37.7288
3 15 14.917 2.241073 -37.7288 14.66397 2.184706 -37.49799 14.58611 2.263137 -37.89202
3 15 10.352 1.536 -34.659 14.66397 2.184706 -37.49799 15.308 1.536 -34.239
3 15 14.66397 2.184706 -37.49799 10.352 1.536 -34.659 10.352 2.212356 -38
4 15 14.3672 2.281241 -38 14.58611 2.263137 -37.89202 14.66397 2.184706 -37.49799 10.352 2.212356 -38
3 15 19.93459 1.605597 -34.006 20 1.5969 -33.94864 20 1.536 -33.66
3 15 20 1.5969 -33.94864 20.40647 1.536 -33.59219 20 1.536 -33.66
3 15 0 .615 -20 10.352 1.536 -34.659 15.308 .5682 -19.239
3 15 10.352 1.536 -34.659 0 .615 -20 5.22 1.536 -34.914
3 15 28.284 .4349 -17.071 15.308 .5682 -19.239 25.8369 1.110792 -26.8089
3 15 25.8369 1.110792 -26.8089 25.90394 1.101401 -26.67296 28.284 .4349 -17.071
3 15 25.8369 1.110792 -26.8089 15.308 .5682 -19.239 21.0958 1.504841 -32.9877
3 15 21.0958 1.504841 -32.9877 23.6688 1.334132 -30.0536 25.8369 1.110792 -26.8089
4 15 20.40647 1.536 -33.59219 21.0958 1.504841 -32.9877 15.308 .5682 -19.239 20 1.536 -33.66
3 15 28.5946 .7058768 -20.674 29.05892 .6820809 -20.21761 28.284 .4349 -17.071
3 15 28.5946 .7058768 -20.674 28.284 .4349 -17.071 28.284 .7531119 -21.40592
3 15 10.352 1.536 -34.659 15.308 1.536 -34.239 15.308 .5682 -19.239
3 15 15.308 .5682 -19.239 15.308 1.536 -34.239 20 1.536 -33.66
3 15 27.9087 .8119848 -22.2903 28.284 .7531119 -21.40592 28.284 .4349 -17.071
3 15 28.284 .4349 -17.071 27.5629 .8811855 -23.3089 27.9087 .8119848 -22.2903
3 15 27.5629 .8811855 -23.3089 28.284 .4349 -17.071 25.90394 1.101401 -26.67296
3 15 29.5794 .6593126 -19.70603 28.284 .4349 -17.071 29.05892 .6820809 -20.21761
3 15 29.8468 .6398946 -19.4432 28.284 .4349 -17.071 29.5794 .6593126 -19.70603
3 15 31.5 .3609157 -15.86797 28.284 .4349 -17.071 29.8468 .6398946 -19.4432
3 15 29.8468 .6398946 -19.4432 31.4747 .5984566 -18.7853 31.5 .3609157 -15.86797
3 15 36.5 .4914767 -17.01132 36.956 .2354 -13.827 36.5 .2458903 -13.99758
4 15 36.5 .4914767 -17.01132 36.5 .7055449 -19.4802 36.956 .7337893 -19.57499 36.956 .2354 -13.827
3 15 36.956 .7337893 -19.57499 37.67601 .7928093 -19.72467 36.956 .2354 -13.827
4 15 39 0.07733246 -11.25723 36.956 0.2354 -13.827 37.67601 0.7928093 -19.72467 39 0.8652392 -19.9999
4 15 21 .06150427 -11 18 .0615 -11 0 .615 -20 15.308 .5682 -19.239
3 15 15.308 .5682 -19.239 28.284 .4349 -17.071 21 .06150427 -11
3 15 21 .06150427 -11 28.284 .4349 -17.071 21 .05249879 -10.85357
3 15 31.5 0 -10 21 0 -10 31.5 .3609157 -15.86797
3 15 21 0 -10 21 .05249879 -10.85357 28.284 .4349 -17.071
3 15 28.284 .4349 -17.071 31.5 .3609157 -15.86797 21 0 -10
4 15 39 .07733246 -11.25723 39 0 -10 36.5 0 -10 36.5 .2458903 -13.99758
3 15 36.5 .2458903 -13.99758 36.956 .2354 -13.827 39 .07733246 -11.25723
4 15 31.5 0 9 21 0 9 21 0 -10 31.5 0 -10
4 15 39 0 -10 39 0 9 36.5 0 9 36.5 0 -10
4 15 -5.22 1.536 -34.914 -5.22 2.15434 -38 0 2.13504 -38 0 1.536 -35
4 15 -10 1.536 -34.67649 -10 2.208816 -38 -5.22 2.15434 -38 -5.22 1.536 -34.914
4 15 -20 1.536 -33.66 -19.93459 1.605597 -34.006 -18.1617 1.880728 -35.5607 -15 2.23254 -37.6733
4 15 -15 1.846237 -35.79758 -15.308 1.536 -34.239 -20 1.536 -33.66 -15 2.23254 -37.6733
3 15 -15 1.536 -34.2651 -15.308 1.536 -34.239 -15 1.846237 -35.79758
3 15 -19.93459 1.605597 -34.006 -20 1.536 -33.66 -20 1.5969 -33.94864
3 15 -20 1.5969 -33.94864 -20 1.536 -33.66 -20.40647 1.536 -33.59219
3 15 5.22 1.536 -34.914 0 .615 -20 -5.22 1.536 -34.914
3 15 -15 .5691416 -19.25431 -15.308 .5682 -19.239 -15 .6283458 -20.19731
4 15 0 .615 -20 -10 .5844278 -19.50287 -10 1.536 -34.67649 -5.22 1.536 -34.914
3 15 -20 1.536 -33.66 -15.308 1.536 -34.239 -15.308 .5682 -19.239
3 15 -28.284 .4349 -17.071 -25.90394 1.101401 -26.67296 -25.8369 1.110792 -26.8089
3 15 -25.8369 1.110792 -26.8089 -15.308 .5682 -19.239 -28.284 .4349 -17.071
4 15 -15.308 .5682 -19.239 -25.8369 1.110792 -26.8089 -23.6688 1.334132 -30.0536 -21.0958 1.504841 -32.9877
4 15 -15.308 .5682 -19.239 -21.0958 1.504841 -32.9877 -20.40647 1.536 -33.59219 -20 1.536 -33.66
3 15 -29.5794 .6593126 -19.70603 -29.05892 .6820809 -20.21761 -28.284 .4349 -17.071
3 15 -36.956 .2354 -13.827 -36.15667 .6842788 -19.40882 -33.2304 .6128245 -18.8005
3 15 -29.8468 .6398946 -19.4432 -29.5794 .6593126 -19.70603 -28.284 .4349 -17.071
3 15 -28.284 .4349 -17.071 -31.4747 .5984566 -18.7853 -29.8468 .6398946 -19.4432
4 15 -36.956 .2354 -13.827 -33.2304 .6128245 -18.8005 -31.4747 .5984566 -18.7853 -28.284 .4349 -17.071
3 15 -36.15667 .6842788 -19.40882 -36.956 .2354 -13.827 -36.956 .7337889 -19.57499
3 15 -28.284 .4349 -17.071 -29.05892 .6820809 -20.21761 -28.5946 .7058768 -20.674
3 15 -28.5946 .7058768 -20.674 -28.284 .7531119 -21.40592 -28.284 .4349 -17.071
4 15 -15.308 1.536 -34.239 -15 1.536 -34.2651 -15 .6283458 -20.19731 -15.308 .5682 -19.239
3 15 -28.284 .4349 -17.071 -28.284 .7531119 -21.40592 -27.9087 .8119848 -22.2903
4 15 -28.284 .4349 -17.071 -27.9087 .8119848 -22.2903 -27.5629 .8811855 -23.3089 -25.90394 1.101401 -26.67296
3 15 -36.956 .7337889 -19.57499 -36.956 .2354 -13.827 -37.67601 .7928089 -19.72467
4 15 -39 .8652392 -19.9999 -37.67601 .7928089 -19.72467 -36.956 .2354 -13.827 -39 .07733246 -11.25723
3 15 -28.284 .4349 -17.071 -15 .3075005 -15 -21 .06150427 -11
3 15 -15 .3075005 -15 -28.284 .4349 -17.071 -15.308 .5682 -19.239
3 15 -15 .5691416 -19.25431 -15 .3075005 -15 -15.308 .5682 -19.239
4 15 -10 0.3075 -15 -18 0.0615 -11 -21 0.06150427 -11 -15 0.3075005 -15
3 15 -28.284 .4349 -17.071 -21 .06150427 -11 -21 .05249879 -10.85357
3 15 -10 .3075 -15 -10 .5844278 -19.50287 0 .615 -20
3 15 -39 0 -10 -39 .07733246 -11.25723 -36.956 .2354 -13.827
3 15 -28.284 .4349 -17.071 -21 0 -10 -21 .05249879 -10.85357
4 15 -36.956 .2354 -13.827 -28.284 .4349 -17.071 -21 0 -10 -39 0 -10
4 15 -21 0 4 -39 0 4 -39 0 -10 -21 0 -10
3 15 18 .0615 -11 -18 .0615 -11 -10 .3075 -15
3 15 -10 .3075 -15 0 .615 -20 18 .0615 -11
0 // Black border
4 0 5.22 2.796892 -41.20684 3.8941 2.845364 -41.4706 3.9595 2.945124 -41.9674 5.22 2.899041 -41.71665
4 0 0 2.879008 -41.7258 0 2.979067 -42.2269 3.9595 2.945124 -41.9674 3.8941 2.845364 -41.4706
4 0 5.134 4.736455 -50.8882 5.1994 4.836214 -51.385 5.22 4.835461 -51.3809 5.22 4.733311 -50.87109
4 0 5.1994 4.836214 -51.385 5.134 4.736455 -50.8882 0 4.775748 -51.2247 0 4.875808 -51.7258
4 0 10.352 2.580048 -39.81629 7.7216 2.734351 -40.7092 7.8513 2.833638 -41.1932 10.352 2.686954 -40.34437
4 0 7.8513 2.833638 -41.1932 7.7216 2.734351 -40.7092 5.22 2.796892 -41.20684 5.22 2.899041 -41.71665
4 0 10.1801 4.616541 -49.8845 10.3098 4.715827 -50.3685 10.352 4.713352 -50.35417 10.352 4.606457 -49.82615
4 0 5.22 4.835461 -51.3809 10.3098 4.715827 -50.3685 10.1801 4.616541 -49.8845 5.22 4.733311 -50.87109
4 0 19.93459 1.605597 -34.006 18.1617 1.880728 -35.5607 18.4668 1.970367 -35.9583 19.78386 1.765961 -34.80326
4 0 14.55713 2.292322 -38.03864 15.1675 2.339199 -38.1628 14.917 2.241073 -37.7288 14.58611 2.263137 -37.89202
4 0 14.917 2.241073 -37.7288 15.1675 2.339199 -38.1628 18.4668 1.970367 -35.9583 18.1617 1.880728 -35.5607
3 0 15.1675 2.339199 -38.1628 14.55713 2.292322 -38.03864 14.46404 2.386088 -38.50971
4 0 15.052 4.408642 -48.2307 15.2438 4.510671 -48.6936 17.35459 4.350553 -47.6527 17.47083 4.226878 -47.03785
4 0 12.25077 4.615442 -49.70962 15.2438 4.510671 -48.6936 15.052 4.408642 -48.2307 12.36261 4.502782 -49.14363
3 0 14.3672 2.281241 -38 14.55713 2.292322 -38.03864 14.58611 2.263137 -37.89202
4 0 14.55713 2.292322 -38.03864 14.3672 2.281241 -38 11.4169 2.525137 -39.4548 11.6087 2.622158 -39.9178
3 0 11.6087 2.622158 -39.9178 14.46404 2.386088 -38.50971 14.55713 2.292322 -38.03864
4 0 11.6087 2.622158 -39.9178 11.4169 2.525137 -39.4548 10.352 2.580048 -39.81629 10.352 2.686954 -40.34437
4 0 10.352 4.606457 -49.82615 10.352 4.713352 -50.35417 12.25077 4.615442 -49.70962 12.36261 4.502782 -49.14363
4 0 19.93459 1.605597 -34.006 19.78386 1.765961 -34.80326 20 1.737223 -34.61371 20 1.5969 -33.94864
4 0 19.6664 4.11276 -45.9551 19.917 4.217378 -46.3891 20 4.209999 -46.33364 20 4.083101 -45.7322
4 0 17.35459 4.350553 -47.6527 19.917 4.217378 -46.3891 19.6664 4.11276 -45.9551 17.47083 4.226878 -47.03785
4 0 23.9443 3.718487 -43.0967 24.2494 3.827189 -43.4943 24.352 3.815054 -43.40432 24.352 3.67027 -42.73916
4 0 22.22611 3.97452 -44.84621 24.2494 3.827189 -43.4943 23.9443 3.718487 -43.0967 22.34798 3.834729 -44.16333
4 0 20 1.5969 -33.94864 20 1.737223 -34.61371 21.34295 1.536 -33.43597 20.40647 1.536 -33.59219
4 0 20 4.083101 -45.7322 20 4.209999 -46.33364 22.22611 3.97452 -44.84621 22.34798 3.834729 -44.16333
4 0 27.8125 3.215703 -39.7044 28.1668 3.331015 -40.0587 28.284 3.312426 -39.92506 28.284 3.140913 -39.16676
4 0 26.76038 3.470359 -41.29214 28.1668 3.331015 -40.0587 27.8125 3.215703 -39.7044 26.88889 3.307204 -40.51438
4 0 26.76038 3.470359 -41.29214 26.88889 3.307204 -40.51438 24.352 3.67027 -42.73916 24.352 3.815054 -43.40432
4 0 31.2048 2.588389 -35.8362 31.6024 2.714217 -36.1413 31.736 2.684897 -35.94135 31.736 2.471811 -35.0412
4 0 30.85106 2.815723 -36.998 31.6024 2.714217 -36.1413 31.2048 2.588389 -35.8362 30.98801 2.617686 -36.08343
4 0 28.284 3.140913 -39.16676 28.284 3.312426 -39.92506 30.85106 2.815723 -36.998 30.98801 2.617686 -36.08343
4 0 34.64 1.633015 -30.38868 34.5707 1.655129 -30.52921 34.40973 1.931829 -31.7584 34.4972 1.960794 -31.8089
3 0 34.4972 1.960794 -31.8089 34.64 1.915223 -31.51932 34.64 1.633015 -30.38868
3 0 34.4972 1.960794 -31.8089 34.40973 1.931829 -31.7584 34.38019 1.98262 -31.98402
3 0 34.0632 1.853728 -31.5583 34.40973 1.931829 -31.7584 34.5707 1.655129 -30.52921
4 0 34.40973 1.931829 -31.7584 34.0632 1.853728 -31.5583 31.736 2.471811 -35.0412 31.736 2.684897 -35.94135
3 0 31.736 2.684897 -35.94135 34.38019 1.98262 -31.98402 34.40973 1.931829 -31.7584
4 0 35.63865 1.536 -29.49421 34.89549 1.536 -29.8706 34.64 1.633015 -30.38868 34.64 1.915223 -31.51932
3 0 25.8369 1.110792 -26.8089 25.86607 1.112007 -26.82574 25.90394 1.101401 -26.67296
4 0 25.86607 1.112007 -26.82574 25.8369 1.110792 -26.8089 23.6688 1.334132 -30.0536 24.0664 1.355964 -30.3587
3 0 24.0664 1.355964 -30.3587 25.53524 1.204649 -28.1604 25.86607 1.112007 -26.82574
4 0 21.0958 1.504841 -32.9877 21.4501 1.531156 -33.342 24.0664 1.355964 -30.3587 23.6688 1.334132 -30.0536
4 0 21.34295 1.536 -33.43597 21.4501 1.531156 -33.342 21.0958 1.504841 -32.9877 20.40647 1.536 -33.59219
4 0 29.05892 0.6820809 -20.21761 28.5946 0.7058768 -20.674 29.016 0.7357459 -20.9609 29.19794 0.7264222 -20.78208
4 0 28.5946 .7058768 -20.674 28.284 .7531119 -21.40592 27.9087 .8119848 -22.2903 28.3762 .8330471 -22.4686
3 0 28.3762 0.8330471 -22.4686 29.016 0.7357459 -20.9609 28.5946 0.7058768 -20.674
3 0 28.3762 .8330471 -22.4686 27.9087 .8119848 -22.2903 28.284 .8510589 -22.74023
3 0 27.9087 .8119848 -22.2903 27.5629 .8811855 -23.3089 28.0259 .9027172 -23.5006
3 0 28.0259 .9027172 -23.5006 28.284 .8510589 -22.74023 27.9087 .8119848 -22.2903
4 0 27.5629 0.8811855 -23.3089 25.90394 1.101401 -26.67296 25.86607 1.112007 -26.82574 26.2709 1.135681 -27.0594
3 0 26.2709 1.135681 -27.0594 28.0259 0.9027172 -23.5006 27.5629 0.8811855 -23.3089
3 0 26.2709 1.135681 -27.0594 25.86607 1.112007 -26.82574 25.53524 1.204649 -28.1604
4 0 29.81179 0.6995703 -20.17873 29.5794 0.6593126 -19.70603 29.05892 0.6820809 -20.21761 29.19794 0.7264222 -20.78208
3 0 31.4747 .5984566 -18.7853 31.5698 .6399856 -19.2862 33.1769 .6531281 -19.3
3 0 33.2305 .6128253 -18.8005 36.08566 .7241606 -19.90475 36.15667 .6842791 -19.40883
4 0 33.2305 .6128253 -18.8005 31.4747 .5984566 -18.7853 33.1769 .6531281 -19.3 36.08566 .7241606 -19.90475
4 0 29.8468 .6398946 -19.4432 30.1264 .6767242 -19.8695 31.5698 .6399856 -19.2862 31.4747 .5984566 -18.7853
4 0 30.1264 0.6767242 -19.8695 29.8468 0.6398946 -19.4432 29.5794 0.6593126 -19.70603 29.81179 0.6995703 -20.17873
4 0 36.5 .7055449 -19.4802 36.15667 .6842791 -19.40883 36.08566 .7241606 -19.90475 36.956 .7780714 -20.0857
3 0 36.956 .7780714 -20.0857 36.956 .7337893 -19.57499 36.5 .7055449 -19.4802
4 0 36.3388 1.345618 -26.9439 36.8017 1.382577 -27.1357 36.956 1.349941 -26.68116 36.956 1.215074 -25.12572
4 0 35.63865 1.536 -29.49421 36.8017 1.382577 -27.1357 36.3388 1.345618 -26.9439 34.89549 1.536 -29.8706
3 0 37.73999 .8423373 -20.2487 36.956 .7337893 -19.57499 36.956 .7780714 -20.0857
3 0 36.956 .7337893 -19.57499 37.73999 .8423373 -20.2487 37.67601 .7928093 -19.72467
4 0 36.956 1.215074 -25.12572 36.956 1.349941 -26.68116 38.11019 1.128938 -23.28108 37.97053 1.020813 -22.13706
4 0 37.73999 .8423373 -20.2487 38.3946 .8781501 -20.3848 39 .8652392 -19.9999 37.67601 .7928093 -19.72467
4 0 39 0.8652392 -19.9999 38.3946 0.8781501 -20.3848 37.9956 1.015058 -22.0632 38.4766 1.044842 -22.2017
4 0 38.11019 1.128938 -23.28108 38.4766 1.044842 -22.2017 37.9956 1.015058 -22.0632 37.97053 1.020813 -22.13706
4 0 -3.9595 2.945124 -41.9674 -3.8941 2.845364 -41.4706 -5.22 2.796892 -41.20684 -5.22 2.899041 -41.71665
4 0 -3.8941 2.845364 -41.4706 -3.9595 2.945124 -41.9674 0 2.979067 -42.2269 0 2.879008 -41.7258
4 0 -5.22 4.835461 -51.3809 -5.1994 4.836214 -51.385 -5.134 4.736455 -50.8882 -5.22 4.733311 -50.87109
4 0 0 4.875808 -51.7258 0 4.775748 -51.2247 -5.134 4.736455 -50.8882 -5.1994 4.836214 -51.385
4 0 -7.8513 2.833638 -41.1932 -7.7216 2.734351 -40.7092 -10.352 2.580048 -39.81629 -10.352 2.686954 -40.34437
4 0 -5.22 2.796892 -41.20684 -7.7216 2.734351 -40.7092 -7.8513 2.833638 -41.1932 -5.22 2.899041 -41.71665
4 0 -10.352 4.713352 -50.35417 -10.3098 4.715827 -50.3685 -10.1801 4.616541 -49.8845 -10.352 4.606457 -49.82615
4 0 -10.1801 4.616541 -49.8845 -10.3098 4.715827 -50.3685 -5.22 4.835461 -51.3809 -5.22 4.733311 -50.87109
4 0 -19.78386 1.765961 -34.80326 -18.4668 1.970367 -35.9583 -18.1617 1.880728 -35.5607 -19.93459 1.605597 -34.006
4 0 -18.1617 1.880728 -35.5607 -18.4668 1.970367 -35.9583 -15.1675 2.339199 -38.1628 -15 2.23254 -37.6733
3 0 -15 2.23254 -37.6733 -15.1675 2.339199 -38.1628 -14.917 2.241073 -37.7288
4 0 -14.58612 2.263127 -37.89197 -14.917 2.241073 -37.7288 -15.1675 2.339199 -38.1628 -14.46404 2.386088 -38.50971
4 0 -17.35459 4.350553 -47.6527 -15.2438 4.510671 -48.6936 -15.052 4.408642 -48.2307 -17.47083 4.226878 -47.03785
4 0 -15.052 4.408642 -48.2307 -15.2438 4.510671 -48.6936 -12.25077 4.615442 -49.70962 -12.36261 4.502782 -49.14363
4 0 -11.6087 2.622158 -39.9178 -11.4169 2.525137 -39.4548 -14.58612 2.263127 -37.89197 -14.46404 2.386088 -38.50971
4 0 -10.352 2.580048 -39.81629 -11.4169 2.525137 -39.4548 -11.6087 2.622158 -39.9178 -10.352 2.686954 -40.34437
4 0 -12.36261 4.502782 -49.14363 -12.25077 4.615442 -49.70962 -10.352 4.713352 -50.35417 -10.352 4.606457 -49.82615
4 0 -20 1.5969 -33.94864 -20 1.737223 -34.61371 -19.78386 1.765961 -34.80326 -19.93459 1.605597 -34.006
4 0 -20 4.209999 -46.33364 -19.917 4.217378 -46.3891 -19.6664 4.11276 -45.9551 -20 4.083101 -45.7322
4 0 -19.6664 4.11276 -45.9551 -19.917 4.217378 -46.3891 -17.35459 4.350553 -47.6527 -17.47083 4.226878 -47.03785
4 0 -24.352 3.815054 -43.40432 -24.2494 3.827189 -43.4943 -23.9443 3.718487 -43.0967 -24.352 3.67027 -42.73916
4 0 -23.9443 3.718487 -43.0967 -24.2494 3.827189 -43.4943 -22.22611 3.97452 -44.84621 -22.34798 3.834729 -44.16333
4 0 -20 1.737223 -34.61371 -20 1.5969 -33.94864 -20.40647 1.536 -33.59219 -21.34295 1.536 -33.43597
4 0 -22.34798 3.834729 -44.16333 -22.22611 3.97452 -44.84621 -20 4.209999 -46.33364 -20 4.083101 -45.7322
4 0 -28.284 3.312426 -39.92506 -28.1668 3.331015 -40.0587 -27.8125 3.215703 -39.7044 -28.284 3.140912 -39.16675
4 0 -27.8125 3.215703 -39.7044 -28.1668 3.331015 -40.0587 -26.76038 3.470359 -41.29214 -26.88889 3.307204 -40.51438
4 0 -24.352 3.815054 -43.40432 -24.352 3.67027 -42.73916 -26.88889 3.307204 -40.51438 -26.76038 3.470359 -41.29214
4 0 -31.736 2.684897 -35.94135 -31.6024 2.714217 -36.1413 -31.2048 2.588389 -35.8362 -31.736 2.471811 -35.0412
4 0 -31.2048 2.588389 -35.8362 -31.6024 2.714217 -36.1413 -30.85106 2.815723 -36.998 -30.98801 2.61768 -36.0834
4 0 -30.98801 2.61768 -36.0834 -30.85106 2.815723 -36.998 -28.284 3.312426 -39.92506 -28.284 3.140912 -39.16675
4 0 -34.5707 1.655129 -30.52921 -34.64 1.633015 -30.38868 -34.64 1.915223 -31.51932 -34.4972 1.960794 -31.8089
3 0 -34.4972 1.960794 -31.8089 -34.40973 1.931829 -31.7584 -34.5707 1.655129 -30.52921
3 0 -34.4972 1.960794 -31.8089 -34.38019 1.98262 -31.98402 -34.40973 1.931829 -31.7584
3 0 -34.0632 1.853728 -31.5583 -34.5707 1.655129 -30.52921 -34.40973 1.931829 -31.7584
4 0 -34.0632 1.853728 -31.5583 -34.40973 1.931829 -31.7584 -34.38019 1.98262 -31.98402 -31.736 2.684897 -35.94135
3 0 -31.736 2.684897 -35.94135 -31.736 2.471811 -35.0412 -34.0632 1.853728 -31.5583
4 0 -34.64 1.915223 -31.51932 -34.64 1.633015 -30.38868 -34.89549 1.536 -29.8706 -35.63865 1.536 -29.49421
3 0 -25.8369 1.110792 -26.8089 -25.90394 1.101401 -26.67296 -25.86607 1.112007 -26.82574
4 0 -25.8369 1.110792 -26.8089 -25.86607 1.112007 -26.82574 -25.53524 1.204649 -28.1604 -24.0664 1.355964 -30.3587
3 0 -24.0664 1.355964 -30.3587 -23.6688 1.334132 -30.0536 -25.8369 1.110792 -26.8089
4 0 -23.6688 1.334132 -30.0536 -24.0664 1.355964 -30.3587 -21.4501 1.531156 -33.342 -21.0958 1.504841 -32.9877
4 0 -20.40647 1.536 -33.59219 -21.0958 1.504841 -32.9877 -21.4501 1.531156 -33.342 -21.34295 1.536 -33.43597
4 0 -29.016 0.7357459 -20.9609 -28.5946 0.7058768 -20.674 -29.05892 0.6820809 -20.21761 -29.19794 0.7264222 -20.78208
4 0 -28.284 0.7531119 -21.40592 -28.5946 0.7058768 -20.674 -29.016 0.7357459 -20.9609 -28.3762 0.8330471 -22.4686
3 0 -28.3762 0.8330471 -22.4686 -28.284 0.8285385 -22.43344 -28.284 0.7531119 -21.40592
3 0 -28.3762 0.8330471 -22.4686 -28.284 0.8510589 -22.74023 -28.284 0.8285385 -22.43344
3 0 -27.9087 0.8119848 -22.2903 -28.284 0.7531119 -21.40592 -28.284 0.8285385 -22.43344
4 0 -27.9087 0.8119848 -22.2903 -28.284 0.8285385 -22.43344 -28.284 0.8510589 -22.74023 -28.0259 0.9027172 -23.5006
3 0 -28.0259 0.9027172 -23.5006 -27.5629 0.8811855 -23.3089 -27.9087 0.8119848 -22.2903
4 0 -25.90394 1.101401 -26.67296 -27.5629 0.8811855 -23.3089 -28.0259 0.9027172 -23.5006 -26.2709 1.135681 -27.0594
3 0 -26.2709 1.135681 -27.0594 -25.86607 1.112007 -26.82574 -25.90394 1.101401 -26.67296
3 0 -26.2709 1.135681 -27.0594 -25.53524 1.204649 -28.1604 -25.86607 1.112007 -26.82574
4 0 -29.19794 0.7264222 -20.78208 -29.05892 0.6820809 -20.21761 -29.5794 0.6593126 -19.70603 -29.81179 0.6995703 -20.17873
4 0 -31.4747 0.5984566 -18.7853 -31.5698 0.6399856 -19.2862 -30.1264 0.6767242 -19.8695 -29.8468 0.6398946 -19.4432
4 0 -33.2304 0.6128245 -18.8005 -33.1769 0.6531281 -19.3 -31.5698 0.6399856 -19.2862 -31.4747 0.5984566 -18.7853
4 0 -29.5794 0.6593126 -19.70603 -29.8468 0.6398946 -19.4432 -30.1264 0.6767242 -19.8695 -29.81179 0.6995703 -20.17873
4 0 -33.1769 0.6531281 -19.3 -33.2304 0.6128245 -18.8005 -36.15667 0.6842788 -19.40882 -36.08566 0.7241606 -19.90475
4 0 -36.08566 0.7241606 -19.90475 -36.15667 0.6842788 -19.40882 -36.956 0.7337889 -19.57499 -36.956 0.7780714 -20.0857
4 0 -36.956 1.349941 -26.68116 -36.8017 1.382577 -27.1357 -36.3388 1.345618 -26.9439 -36.956 1.215074 -25.12572
4 0 -36.3388 1.345618 -26.9439 -36.8017 1.382577 -27.1357 -35.63865 1.536 -29.49421 -34.89549 1.536 -29.8706
4 0 -36.956 0.7780714 -20.0857 -36.956 0.7337889 -19.57499 -37.67601 0.7928089 -19.72467 -37.73999 0.8423373 -20.2487
4 0 -36.956 1.349941 -26.68116 -36.956 1.215074 -25.12572 -37.97053 1.020813 -22.13706 -38.11019 1.128938 -23.28108
4 0 -37.67601 0.7928089 -19.72467 -39 0.8652392 -19.9999 -38.3946 0.8781501 -20.3848 -37.73999 0.8423373 -20.2487
4 0 -38.4766 1.044842 -22.2017 -37.9956 1.015058 -22.0632 -38.3946 0.8781501 -20.3848 -39 0.8652392 -19.9999
4 0 -37.9956 1.015058 -22.0632 -38.4766 1.044842 -22.2017 -38.11019 1.128938 -23.28108 -37.97053 1.020813 -22.13706
0 // Light bluish gray faces
4 71 5.22 3.221793 -43.32743 3.9595 2.945124 -41.9674 0 2.979067 -42.2269 0 3.205285 -43.3598
3 71 0 3.205285 -43.3598 5.22 3.228279 -43.3598 5.22 3.221793 -43.32743
3 71 3.9595 2.945124 -41.9674 5.22 3.221793 -43.32743 5.22 2.899041 -41.71665
4 71 5.22 3.473858 -44.58543 5.22 3.468722 -44.5598 0 3.444901 -44.5598 0 3.684517 -45.7598
3 71 0 3.684517 -45.7598 3.8456 3.704628 -45.7598 5.22 3.473858 -44.58543
4 71 5.22 3.473858 -44.58543 3.8456 3.704628 -45.7598 4.3517 3.718321 -45.8198 5.22 3.477153 -44.60188
4 71 5.22 3.477153 -44.60188 4.3517 3.718321 -45.8198 4.7963 3.7697 -46.0689 5.22 3.488716 -44.65959
4 71 5.22 3.488716 -44.65959 4.7963 3.7697 -46.0689 5.1118 3.85095 -46.4692 5.22 3.551772 -44.97429
3 71 5.1118 3.85095 -46.4692 5.22 3.928269 -46.8533 5.22 3.551772 -44.97429
4 71 3.45 3.943765 -46.9598 3.45 4.184208 -48.1598 3.6796 4.175809 -48.1141 3.6796 3.95368 -47.0055
4 71 3.6796 3.95368 -47.0055 3.6796 4.175809 -48.1141 3.8743 4.150404 -47.9841 3.8743 3.980371 -47.1355
4 71 3.8743 3.980371 -47.1355 3.8743 4.150404 -47.9841 4.0043 4.111821 -47.7894 4.0043 4.019812 -47.3302
3 71 4.0043 4.019812 -47.3302 4.0043 4.111821 -47.7894 4.05 4.065967 -47.5598
3 71 5.2055 4.275741 -48.5877 5.22 4.274844 -48.58298 5.22 4.247852 -48.44827
4 71 5.22 4.274844 -48.58298 5.2055 4.275741 -48.5877 5.0007 4.350865 -48.966 5.22 4.333089 -48.87367
3 71 5.134 4.736455 -50.8882 5.22 4.724678 -50.82801 5.22 4.721935 -50.81432
4 71 0 4.163749 -48.1598 3.45 4.184208 -48.1598 3.45 3.943765 -46.9598 0 3.924133 -46.9598
3 71 5.0007 4.350865 -48.966 4.6667 4.404083 -49.2371 5.134 4.736455 -50.8882
3 71 5.134 4.736455 -50.8882 5.22 4.733311 -50.87109 5.22 4.724678 -50.82801
4 71 5.0007 4.350865 -48.966 5.134 4.736455 -50.8882 5.22 4.721935 -50.81432 5.22 4.333089 -48.87367
4 71 5.134 4.736455 -50.8882 4.6667 4.404083 -49.2371 4.2544 4.427307 -49.3598 0 4.775748 -51.2247
3 71 0 4.775748 -51.2247 4.2544 4.427307 -49.3598 0 4.403365 -49.3598
4 71 10.352 3.207856 -42.91747 8.6274 3.326311 -43.5883 9.9325 4.01865 -46.9434 10.352 3.989836 -46.78022
3 71 7.8513 2.833638 -41.1932 5.22 2.899041 -41.71665 7.2383 3.180893 -42.939
3 71 7.2383 3.180893 -42.939 7.6332 3.133931 -42.6874 7.8513 2.833638 -41.1932
4 71 10.352 2.686954 -40.34437 7.8513 2.833638 -41.1932 7.6332 3.133931 -42.6874 10.352 2.947189 -41.62986
3 71 6.9698 3.255667 -43.3226 5.25 3.228876 -43.3598 6.8685 3.345239 -43.7797
3 71 5.25 3.228876 -43.3598 5.22 3.221793 -43.32743 5.22 3.228279 -43.3598
4 71 7.2383 3.180893 -42.939 5.22 2.899041 -41.71665 5.22 3.221793 -43.32743 5.25 3.228876 -43.3598
3 71 5.25 3.228876 -43.3598 6.9698 3.255667 -43.3226 7.2383 3.180893 -42.939
3 71 5.25 3.228876 -43.3598 6.9499 3.43925 -44.2408 6.8685 3.345239 -43.7797
3 71 5.25 3.469319 -44.5598 5.22 3.468722 -44.5598 5.22 3.473858 -44.58543
3 71 5.25 3.469319 -44.5598 5.22 3.473858 -44.58543 5.22 3.477153 -44.60188
3 71 5.25 3.469319 -44.5598 5.22 3.477153 -44.60188 5.22 3.488716 -44.65959
3 71 5.25 3.469319 -44.5598 5.22 3.488716 -44.65959 5.22 3.551772 -44.97429
4 71 5.22 3.551772 -44.97429 5.22 3.928269 -46.8533 5.25 3.950206 -46.9598 8.2549 4.133868 -47.5959
3 71 8.2549 4.133868 -47.5959 5.25 3.469319 -44.5598 5.22 3.551772 -44.97429
4 71 9.2816 3.982911 -46.7992 8.2451 3.433019 -44.1344 8.2858 3.480111 -44.365 9.1558 3.941663 -46.6017
4 71 9.4734 4.012008 -46.9334 8.2957 3.38727 -43.9059 8.2451 3.433019 -44.1344 9.2816 3.982911 -46.7992
4 71 9.9325 4.01865 -46.9434 8.6274 3.326311 -43.5883 8.43 3.349793 -43.7141 9.702 4.024571 -46.9841
3 71 5.25 3.950206 -46.9598 5.25 4.190649 -48.1598 8.2549 4.133868 -47.5959
4 71 9.702 4.024571 -46.9841 8.43 3.349793 -43.7141 8.2957 3.38727 -43.9059 9.4734 4.012008 -46.9334
4 71 8.2549 4.133868 -47.5959 6.9499 3.43925 -44.2408 5.25 3.228876 -43.3598 5.25 3.469319 -44.5598
4 71 5.22 4.274844 -48.58298 8.2549 4.133868 -47.5959 5.25 4.190649 -48.1598 5.22 4.247852 -48.44827
3 71 8.2549 4.133868 -47.5959 5.22 4.274844 -48.58298 5.22 4.333089 -48.87367
4 71 5.22 4.724678 -50.82801 8.8901 4.274557 -48.2593 8.5066 4.216344 -47.9908 5.22 4.721935 -50.81432
4 71 9.8083 4.287842 -48.2793 10.1801 4.616541 -49.8845 10.352 4.606457 -49.82615 10.352 4.250497 -48.06781
3 71 9.8083 4.287842 -48.2793 9.3472 4.299662 -48.3606 10.1801 4.616541 -49.8845
4 71 9.3472 4.299662 -48.3606 8.8901 4.274557 -48.2593 5.22 4.724678 -50.82801 5.22 4.733311 -50.87109
3 71 5.22 4.733311 -50.87109 10.1801 4.616541 -49.8845 9.3472 4.299662 -48.3606
4 71 5.22 4.721935 -50.81432 8.5066 4.216344 -47.9908 8.2549 4.133868 -47.5959 5.22 4.333089 -48.87367
4 71 19.78386 1.765961 -34.80326 18.4668 1.970367 -35.9583 18.278 2.350097 -37.8254 19.05272 2.54385 -38.67058
4 71 18.4668 1.970367 -35.9583 15.1675 2.339199 -38.1628 17.3934 2.494619 -38.6363 18.278 2.350097 -37.8254
4 71 17.3934 2.494619 -38.6363 15.1675 2.339199 -38.1628 14.46404 2.386088 -38.50971 14.2528 2.598864 -39.57866
3 71 14.2528 2.598864 -39.57866 16.3006 2.60683 -39.316 17.3934 2.494619 -38.6363
4 71 17.3934 2.494619 -38.6363 16.3006 2.60683 -39.316 16.7356 2.848219 -40.4344 18.77438 2.839985 -40.14283
4 71 18.0407 3.572367 -43.7895 16.7356 2.848219 -40.4344 13.86287 2.991625 -41.55182 13.03597 3.824534 -45.73622
3 71 18.0407 3.572367 -43.7895 18.07048 3.588891 -43.86606 18.77438 2.839985 -40.14283
3 71 18.0407 3.572367 -43.7895 18.77438 2.839985 -40.14283 16.7356 2.848219 -40.4344
3 71 16.3006 2.60683 -39.316 14.2528 2.598864 -39.57866 14.13851 2.713983 -40.157
4 71 17.47083 4.226878 -47.03785 17.82573 3.849286 -45.16063 12.76034 4.102165 -47.131 12.36261 4.502782 -49.14363
3 71 12.36261 4.502782 -49.14363 15.052 4.408642 -48.2307 17.47083 4.226878 -47.03785
3 71 11.6087 2.622158 -39.9178 14.2528 2.598864 -39.57866 14.46404 2.386088 -38.50971
4 71 10.352 3.207856 -42.91747 10.352 3.989836 -46.78022 13.03597 3.824534 -45.73622 13.86287 2.991625 -41.55182
4 71 14.2528 2.598864 -39.57866 11.6087 2.622158 -39.9178 10.352 2.686954 -40.34437 10.352 2.947189 -41.62986
3 71 10.352 2.947189 -41.62986 14.13851 2.713983 -40.157 14.2528 2.598864 -39.57866
4 71 10.352 4.250497 -48.06781 10.352 4.606457 -49.82615 12.36261 4.502782 -49.14363 12.76034 4.102165 -47.131
4 71 20 1.737223 -34.61371 19.78386 1.765961 -34.80326 19.05272 2.54385 -38.67058 19.8997 2.782912 -39.5946
3 71 19.8997 2.782912 -39.5946 20 2.70279 -39.1901 20 1.737223 -34.61371
3 71 19.8997 2.782912 -39.5946 20 2.768737 -39.50266 20 2.70279 -39.1901
4 71 20 3.185909 -41.47988 18.77438 2.839985 -40.14283 18.07048 3.588891 -43.86606 20 4.083101 -45.7322
3 71 20 4.083101 -45.7322 18.4757 3.829788 -44.9078 17.47083 4.226878 -47.03785
3 71 19.6664 4.11276 -45.9551 20 4.083101 -45.7322 17.47083 4.226878 -47.03785
3 71 20 4.083101 -45.7322 18.07048 3.588891 -43.86606 18.4757 3.829788 -44.9078
3 71 18.4757 3.829788 -44.9078 17.82573 3.849286 -45.16063 17.47083 4.226878 -47.03785
3 71 24.352 3.67027 -42.73916 23.45432 2.565696 -37.96408 23.9443 3.718487 -43.0967
3 71 24.352 2.097456 -35.51341 24.352 1.536 -32.934 23.80164 2.167298 -36.0179
3 71 23.45432 2.565696 -37.96408 24.352 3.67027 -42.73916 24.352 2.451779 -37.14122
3 71 23.9443 3.718487 -43.0967 23.45432 2.565696 -37.96408 22.34798 3.834729 -44.16333
4 71 21.34295 1.536 -33.43597 20 1.737223 -34.61371 20 2.70279 -39.1901 21.43042 1.536 -33.42138
4 71 24.352 1.536 -32.934 21.43042 1.536 -33.42138 20 2.70279 -39.1901 20 2.768737 -39.50266
3 71 20 2.768737 -39.50266 23.80164 2.167298 -36.0179 24.352 1.536 -32.934
3 71 21.4477 3.570083 -43.0592 20 3.185909 -41.47988 20 4.083101 -45.7322
3 71 22.34798 3.834729 -44.16333 22.3323 3.430148 -42.2484 21.4477 3.570083 -43.0592
4 71 23.45432 2.565696 -37.96408 20.7105 2.999784 -40.4792 22.3323 3.430148 -42.2484 22.34798 3.834729 -44.16333
3 71 22.34798 3.834729 -44.16333 21.4477 3.570083 -43.0592 20 4.083101 -45.7322
3 71 27.877 2.052716 -34.5342 28.284 2.19355 -34.97821 28.284 1.536 -32.071
4 71 28.284 2.595185 -36.75395 27.6284 2.368342 -36.0388 26.88889 3.307204 -40.51438 27.8125 3.215703 -39.7044
3 71 27.8125 3.215703 -39.7044 28.284 3.140913 -39.16676 28.284 2.595185 -36.75395
3 71 27.877 2.052716 -34.5342 28.284 1.536 -32.071 26.06547 1.536 -32.55793
4 71 25.8707 1.866992 -34.1213 24.71024 1.536 -32.85537 24.352 1.536 -32.934 24.352 2.097456 -35.51341
4 71 26.6815 2.098276 -35.0059 24.352 2.451779 -37.14122 24.352 3.67027 -42.73916 26.88889 3.307204 -40.51438
3 71 26.88889 3.307204 -40.51438 27.6284 2.368342 -36.0388 26.6815 2.098276 -35.0059
3 71 31.53205 1.833203 -32.45965 31.736 2.471811 -35.0412 31.736 1.79793 -32.19449
4 71 31.736 2.471811 -35.0412 31.53205 1.833203 -32.45965 30.98801 2.617686 -36.08343 31.2048 2.588389 -35.8362
3 71 31.1276 1.8599 -32.6933 30.98801 2.617686 -36.08343 31.53205 1.833203 -32.45965
4 71 28.78196 1.536 -31.9292 28.284 1.536 -32.071 28.284 2.19355 -34.97821 29.1878 2.474772 -35.9642
3 71 29.1878 2.474772 -35.9642 30.2111 1.787345 -32.6335 28.78196 1.536 -31.9292
3 71 30.98801 2.617686 -36.08343 31.1276 1.8599 -32.6933 30.6634 1.843867 -32.7546
4 71 30.98801 2.617686 -36.08343 30.6634 1.843867 -32.7546 30.2111 1.787345 -32.6335 29.1878 2.474772 -35.9642
3 71 29.1878 2.474772 -35.9642 28.3033 2.60119 -36.775 30.98801 2.617686 -36.08343
3 71 30.98801 2.617686 -36.08343 28.3033 2.60119 -36.775 28.284 3.140913 -39.16676
3 71 28.3033 2.60119 -36.775 28.284 2.595185 -36.75395 28.284 3.140913 -39.16676
3 71 34.5707 1.655129 -30.52921 34.64 1.633015 -30.38868 34.64 1.536 -30
4 71 32.44074 1.536 -30.82397 31.818 1.7799 -32.0876 31.736 1.79793 -32.19449 31.736 2.471811 -35.0412
4 71 34.5707 1.655129 -30.52921 34.64 1.536 -30 32.44074 1.536 -30.82397 31.736 2.471811 -35.0412
3 71 31.736 2.471811 -35.0412 34.0632 1.853728 -31.5583 34.5707 1.655129 -30.52921
3 71 34.89549 1.536 -29.8706 34.64 1.536 -30 34.64 1.633015 -30.38868
3 71 24.0664 1.355964 -30.3587 24.79125 1.412995 -31.16193 25.53524 1.204649 -28.1604
4 71 24.56896 1.475243 -32.0587 24.79125 1.412995 -31.16193 24.0664 1.355964 -30.3587 21.4501 1.531156 -33.342
3 71 21.4501 1.531156 -33.342 24.2489 1.495267 -32.3521 24.56896 1.475243 -32.0587
3 71 21.4501 1.531156 -33.342 21.34295 1.536 -33.43597 21.43042 1.536 -33.42138
4 71 24.44359 1.510351 -32.56449 24.2489 1.495267 -32.3521 21.4501 1.531156 -33.342 21.43042 1.536 -33.42138
3 71 21.43042 1.536 -33.42138 24.352 1.536 -32.934 24.44359 1.510351 -32.56449
3 71 29.016 0.7357459 -20.9609 29.24689 0.7420368 -20.98085 29.19794 0.7264222 -20.78208
4 71 30.14436 1.028306 -24.62506 28.284 1.266521 -28.39995 28.284 1.36027 -29.67708 28.854 1.392807 -29.958
3 71 28.854 1.392807 -29.958 30.59013 1.170496 -26.43514 30.14436 1.028306 -24.62506
4 71 29.016 0.7357459 -20.9609 28.3762 0.8330471 -22.4686 28.284 0.8510589 -22.74023 28.284 0.8887844 -23.25415
4 71 29.51683 0.8281417 -22.07697 29.24689 0.7420368 -20.98085 29.016 0.7357459 -20.9609 28.284 0.8887844 -23.25415
4 71 29.51683 0.8281417 -22.07697 28.284 0.8887844 -23.25415 28.284 1.067251 -25.68535 29.69858 0.886115 -22.81497
4 71 28.284 1.379058 -29.93302 28.7116 1.403462 -30.1437 28.854 1.392807 -29.958 28.284 1.36027 -29.67708
4 71 28.284 1.394994 -30.15011 28.5088 1.407826 -30.2609 28.7116 1.403462 -30.1437 28.284 1.379058 -29.93302
3 71 28.5088 1.407826 -30.2609 28.284 1.394994 -30.15011 28.284 1.405466 -30.29277
4 71 31.0359 1.312686 -28.24521 29.9304 1.454242 -30.4884 31.0068 1.515685 -31.0189 31.48168 1.454878 -30.05531
3 71 30.0176 1.504587 -31.1494 30.2034 1.518931 -31.2919 30.4295 1.528098 -31.3524
4 71 30.8643 1.526345 -31.2047 31.0068 1.515685 -31.0189 29.9304 1.454242 -30.4884 29.8699 1.469582 -30.7146
4 71 30.6616 1.530704 -31.3218 30.8643 1.526345 -31.2047 29.8699 1.469582 -30.7146 29.9005 1.487259 -30.9467
4 71 30.4295 1.528098 -31.3524 30.6616 1.530704 -31.3218 29.9005 1.487259 -30.9467 30.0176 1.504587 -31.1494
3 71 28.284 1.507577 -31.6838 28.284 1.536 -32.071 28.78196 1.536 -31.9292
3 71 27.7776 1.333791 -29.4275 28.284 1.36027 -29.67708 28.284 1.266521 -28.39995
3 71 28.0259 0.9027172 -23.5006 28.284 0.8887844 -23.25415 28.284 0.8510589 -22.74023
4 71 28.284 0.8887844 -23.25415 28.0259 0.9027172 -23.5006 26.2709 1.135681 -27.0594 26.436 1.312741 -29.4352
3 71 26.436 1.312741 -29.4352 28.284 1.067251 -25.68535 28.284 0.8887844 -23.25415
3 71 26.2709 1.135681 -27.0594 26.315 1.343993 -29.8875 26.436 1.312741 -29.4352
3 71 26.315 1.343993 -29.8875 25.1335 1.44635 -31.5412 26.3762 1.379055 -30.3517
3 71 27.8648 1.383717 -30.0885 28.0506 1.397164 -30.2309 28.2767 1.405255 -30.2915
4 71 27.7776 1.333791 -29.4275 27.7171 1.349421 -29.6537 28.284 1.379058 -29.93302 28.284 1.36027 -29.67708
4 71 27.7171 1.349421 -29.6537 27.7477 1.366951 -29.8858 28.284 1.394994 -30.15011 28.284 1.379058 -29.93302
4 71 28.284 1.394994 -30.15011 27.7477 1.366951 -29.8858 27.8648 1.383717 -30.0885 28.2767 1.405255 -30.2915
3 71 28.2767 1.405255 -30.2915 28.284 1.405466 -30.29277 28.284 1.394994 -30.15011
3 71 26.3762 1.379055 -30.3517 25.1335 1.44635 -31.5412 26.6104 1.412594 -30.7572
4 71 26.2709 1.135681 -27.0594 25.53524 1.204649 -28.1604 24.79125 1.412995 -31.16193 25.1335 1.44635 -31.5412
3 71 25.1335 1.44635 -31.5412 26.315 1.343993 -29.8875 26.2709 1.135681 -27.0594
3 71 26.6104 1.412594 -30.7572 25.1335 1.44635 -31.5412 26.9819 1.439493 -31.0421
4 71 28.284 1.507577 -31.6838 26.9819 1.439493 -31.0421 25.1335 1.44635 -31.5412 26.06547 1.536 -32.55793
3 71 26.06547 1.536 -32.55793 28.284 1.536 -32.071 28.284 1.507577 -31.6838
3 71 25.1335 1.44635 -31.5412 24.79125 1.412995 -31.16193 24.56896 1.475243 -32.0587
3 71 24.44359 1.510351 -32.56449 24.352 1.536 -32.934 24.71024 1.536 -32.85537
4 71 29.24689 .7420368 -20.98085 30.40405 .8021725 -21.38347 29.81179 .6995703 -20.17873 29.19794 .7264222 -20.78208
4 71 31.74022 1.033648 -24.10144 31.07214 0.9179118 -22.74247 30.14436 1.028306 -24.62506 30.59013 1.170496 -26.43514
3 71 30.40405 .8021725 -21.38347 29.24689 .7420368 -20.98085 29.51683 .8281417 -22.07697
3 71 30.40405 .8021725 -21.38347 29.51683 .8281417 -22.07697 29.69858 .886115 -22.81497
4 71 33.0764 1.265126 -26.81942 32.40831 1.149386 -25.46042 31.0359 1.312686 -28.24521 31.48168 1.454878 -30.05531
3 71 33.7445 1.380865 -28.17842 32.44074 1.536 -30.82397 34.64 1.536 -30
4 71 36.08566 .7241606 -19.90475 33.1769 .6531281 -19.3 31.6235 .8308673 -21.6237 32.6999 .8821384 -22.1541
3 71 36.08566 .7241606 -19.90475 32.6999 .8821384 -22.1541 33.7763 .9334176 -22.6846
3 71 36.08566 .7241606 -19.90475 33.7763 .9334176 -22.6846 34.8527 .9846969 -23.2151
4 71 30.1264 .6767242 -19.8695 29.81179 .6995703 -20.17873 30.40405 .8021725 -21.38347 30.5471 .7795881 -21.0932
3 71 30.5471 0.7795881 -21.0932 31.5698 0.6399856 -19.2862 30.1264 0.6767242 -19.8695
4 71 31.6235 0.8308673 -21.6237 33.1769 0.6531281 -19.3 31.5698 0.6399856 -19.2862 30.5471 0.7795881 -21.0932
4 71 31.74022 1.033648 -24.10144 32.6999 0.8821384 -22.1541 31.6235 0.8308673 -21.6237 31.07214 0.9179118 -22.74247
3 71 34.8527 .9846969 -23.2151 35.56159 1.018463 -23.56441 36.08566 .7241606 -19.90475
4 71 34.8527 0.9846969 -23.2151 33.7763 0.9334176 -22.6846 32.40831 1.149386 -25.46042 33.0764 1.265126 -26.81942
3 71 33.7445 1.380865 -28.17842 34.64 1.536 -30 35.3745 1.123526 -24.87088
4 71 36.956 .7780714 -20.0857 36.08566 .7241606 -19.90475 35.56159 1.018463 -23.56441 35.9291 1.050304 -23.7455
3 71 35.9291 1.050304 -23.7455 36.956 1.215074 -25.12572 36.956 .7780714 -20.0857
3 71 36.956 1.215074 -25.12572 35.9291 1.050304 -23.7455 35.3745 1.123526 -24.87088
3 71 36.3388 1.345618 -26.9439 36.956 1.215074 -25.12572 35.3745 1.123526 -24.87088
4 71 34.89549 1.536 -29.8706 36.3388 1.345618 -26.9439 35.3745 1.123526 -24.87088 34.64 1.536 -30
4 71 36.956 .7780714 -20.0857 36.956 1.215074 -25.12572 37.96459 1.016218 -22.08844 37.73999 .8423373 -20.2487
3 71 37.96459 1.016218 -22.08844 36.956 1.215074 -25.12572 37.97053 1.020813 -22.13706
4 71 37.9956 1.015058 -22.0632 38.3946 .8781501 -20.3848 37.73999 .8423373 -20.2487 37.96459 1.016218 -22.08844
3 71 37.9956 1.015058 -22.0632 37.96459 1.016218 -22.08844 37.97053 1.020813 -22.13706
3 71 -4.789 3.288189 -43.6659 -3.9595 2.945124 -41.9674 -5.22 2.899041 -41.71665
3 71 -3.9595 2.945124 -41.9674 -4.789 3.288189 -43.6659 -4.3404 3.236936 -43.4175
4 71 -3.8309 3.223693 -43.3598 0 2.979067 -42.2269 -3.9595 2.945124 -41.9674 -4.3404 3.236936 -43.4175
3 71 0 2.979067 -42.2269 -3.8309 3.223693 -43.3598 0 3.205285 -43.3598
3 71 -5.22 2.899041 -41.71665 -5.1084 3.369612 -44.067 -4.789 3.288189 -43.6659
3 71 -5.1084 3.369612 -44.067 -5.22 2.899041 -41.71665 -5.22 3.447802 -44.45539
4 71 0 3.444901 -44.5598 -3.45 3.462879 -44.5598 -3.45 3.703322 -45.7598 0 3.684517 -45.7598
3 71 -4.0043 3.538926 -44.9302 -4.05 3.585081 -45.1598 -4.0043 3.630935 -45.3894
4 71 -3.8743 3.669498 -45.584 -3.8743 3.499484 -44.7355 -4.0043 3.538926 -44.9302 -4.0043 3.630935 -45.3894
4 71 -3.6796 3.694923 -45.7141 -3.6796 3.472794 -44.6055 -3.8743 3.499484 -44.7355 -3.8743 3.669498 -45.584
4 71 -3.45 3.703322 -45.7598 -3.45 3.462879 -44.5598 -3.6796 3.472794 -44.6055 -3.6796 3.694923 -45.7141
4 71 -5.22 4.176126 -48.0903 -4.6781 3.922793 -46.8349 -5.0081 3.869382 -46.5629 -5.22 4.150369 -47.96176
4 71 -5.22 4.182698 -48.1231 -4.2691 3.946469 -46.9598 -4.6781 3.922793 -46.8349 -5.22 4.176126 -48.0903
4 71 -5.22 4.150369 -47.96176 -5.0081 3.869382 -46.5629 -5.2089 3.794406 -46.1854 -5.22 3.796058 -46.19346
4 71 0 3.924133 -46.9598 -4.2691 3.946469 -46.9598 -5.22 4.182698 -48.1231 -5.22 4.190051 -48.1598
3 71 -5.22 4.190051 -48.1598 0 4.163749 -48.1598 0 3.924133 -46.9598
3 71 -5.2089 3.794406 -46.1854 -5.22 3.771411 -46.07046 -5.22 3.796058 -46.19346
3 71 -5.134 4.736455 -50.8882 -5.22 4.509696 -49.75508 -5.22 4.733311 -50.87109
4 71 -5.22 4.430494 -49.3598 -5.22 4.509696 -49.75508 -5.134 4.736455 -50.8882 0 4.775748 -51.2247
3 71 0 4.775748 -51.2247 0 4.403365 -49.3598 -5.22 4.430494 -49.3598
3 71 -5.22 2.899041 -41.71665 -7.2384 3.180915 -42.9391 -6.9698 3.255667 -43.3226
4 71 -10.352 2.947203 -41.62992 -7.6332 3.133952 -42.6875 -7.8513 2.833638 -41.1932 -10.352 2.686954 -40.34437
4 71 -5.22 2.899041 -41.71665 -7.8513 2.833638 -41.1932 -7.6332 3.133952 -42.6875 -7.2384 3.180915 -42.9391
4 71 -8.6274 3.326311 -43.5883 -9.0625 3.557098 -44.7067 -8.8319 3.563018 -44.7474 -8.43 3.349793 -43.7141
4 71 -8.43 3.349793 -43.7141 -8.8319 3.563018 -44.7474 -8.6033 3.544989 -44.6697 -8.2957 3.38727 -43.9059
4 71 -8.2957 3.38727 -43.9059 -8.6033 3.544989 -44.6697 -8.4116 3.521359 -44.5625 -8.2451 3.433039 -44.1345
3 71 -6.9698 3.255667 -43.3226 -6.8685 3.345259 -43.7798 -5.22 2.899041 -41.71665
3 71 -8.2451 3.433039 -44.1345 -8.4116 3.521359 -44.5625 -8.2858 3.480111 -44.365
4 71 -5.22 2.899041 -41.71665 -6.8685 3.345259 -43.7798 -6.9499 3.43927 -44.2409 -5.25 3.469319 -44.5598
3 71 -5.25 3.469319 -44.5598 -5.22 3.447802 -44.45539 -5.22 2.899041 -41.71665
4 71 -10.352 3.468527 -44.20511 -9.0625 3.557098 -44.7067 -8.6274 3.326311 -43.5883 -10.352 3.207854 -42.91746
3 71 -7.3849 3.672005 -45.3592 -7.6365 3.754791 -45.7541 -8.69 4.364655 -48.7143
3 71 -7.6365 3.754791 -45.7541 -8.0201 3.813005 -46.0226 -8.69 4.364655 -48.7143
4 71 -5.25 3.709762 -45.7598 -5.25 3.469319 -44.5598 -6.9499 3.43927 -44.2409 -7.3849 3.672005 -45.3592
3 71 -8.0201 3.813005 -46.0226 -8.3585 3.831593 -46.0976 -8.69 4.364655 -48.7143
3 71 -5.25 4.190649 -48.1598 -5.22 4.176126 -48.0903 -5.22 4.150369 -47.96176
3 71 -5.25 4.190649 -48.1598 -5.22 4.182698 -48.1231 -5.22 4.176126 -48.0903
4 71 -8.69 4.364655 -48.7143 -5.25 4.190649 -48.1598 -5.22 4.150369 -47.96176 -5.22 3.796058 -46.19346
3 71 -5.25 4.190649 -48.1598 -8.69 4.364655 -48.7143 -5.25 4.431092 -49.3598
3 71 -5.25 4.190649 -48.1598 -5.22 4.190051 -48.1598 -5.22 4.182698 -48.1231
4 71 -9.4975 3.787884 -45.8251 -10.352 3.729189 -45.4927 -10.352 4.606457 -49.82615 -10.1801 4.616541 -49.8845
3 71 -10.1801 4.616541 -49.8845 -9.8083 4.287842 -48.2793 -9.4975 3.787884 -45.8251
3 71 -9.8083 4.287842 -48.2793 -10.1801 4.616541 -49.8845 -8.69 4.364655 -48.7143
4 71 -5.22 3.771411 -46.07046 -5.25 3.709762 -45.7598 -7.3849 3.672005 -45.3592 -8.69 4.364655 -48.7143
3 71 -8.69 4.364655 -48.7143 -5.22 3.796058 -46.19346 -5.22 3.771411 -46.07046
4 71 -5.25 4.431092 -49.3598 -8.69 4.364655 -48.7143 -10.1801 4.616541 -49.8845 -5.22 4.733311 -50.87109
3 71 -5.22 4.733311 -50.87109 -5.22 4.509696 -49.75508 -5.25 4.431092 -49.3598
3 71 -5.25 4.431092 -49.3598 -5.22 4.509696 -49.75508 -5.22 4.430494 -49.3598
4 71 -19.4084 2.165425 -36.78922 -18.278 2.350097 -37.8254 -18.4668 1.970367 -35.9583 -19.78386 1.765961 -34.80326
3 71 -18.4668 1.970367 -35.9583 -18.278 2.350097 -37.8254 -18.0012 2.420828 -38.203
3 71 -14.46404 2.386088 -38.50971 -15.1675 2.339199 -38.1628 -16.3006 2.60683 -39.316
3 71 -18.0012 2.420828 -38.203 -17.8899 2.511686 -38.6579 -16.3006 2.60683 -39.316
3 71 -17.8899 2.511686 -38.6579 -17.9613 2.608793 -39.1206 -16.3006 2.60683 -39.316
3 71 -17.9613 2.608793 -39.1206 -18.2042 2.697408 -39.5209 -16.3006 2.60683 -39.316
4 71 -16.3006 2.60683 -39.316 -15.1675 2.339199 -38.1628 -18.4668 1.970367 -35.9583 -18.0012 2.420828 -38.203
4 71 -18.07048 3.58889 -43.86605 -16.3006 2.60683 -39.316 -18.2042 2.697408 -39.5209 -18.77437 2.839997 -40.14289
3 71 -16.3006 2.60683 -39.316 -14.13851 2.713989 -40.15702 -14.46404 2.386088 -38.50971
4 71 -15.6172 2.909383 -40.8694 -16.0523 3.150774 -41.9878 -13.58723 3.26927 -42.94667 -13.86288 2.99162 -41.5518
4 71 -13.3116 3.546899 -44.34143 -16.4873 3.392142 -43.1061 -17.3573 3.87492 -45.3429 -15.052 4.408642 -48.2307
3 71 -15.052 4.408642 -48.2307 -12.36261 4.502782 -49.14363 -13.3116 3.546899 -44.34143
4 71 -17.47083 4.226878 -47.03785 -15.052 4.408642 -48.2307 -17.3573 3.87492 -45.3429 -17.82573 3.849293 -45.16066
4 71 -11.6087 2.622158 -39.9178 -14.46404 2.386088 -38.50971 -14.13851 2.713989 -40.15702 -10.352 2.947203 -41.62992
3 71 -10.352 2.947203 -41.62992 -10.352 2.686954 -40.34437 -11.6087 2.622158 -39.9178
4 71 -13.86288 2.99162 -41.5518 -13.58723 3.26927 -42.94667 -10.352 3.468527 -44.20511 -10.352 3.207854 -42.91746
3 71 -10.352 3.729189 -45.4927 -13.3116 3.546899 -44.34143 -12.36261 4.502782 -49.14363
3 71 -10.352 3.729189 -45.4927 -12.36261 4.502782 -49.14363 -10.352 4.606457 -49.82615
4 71 -20 1.737223 -34.61371 -20 2.081815 -36.24693 -19.4084 2.165425 -36.78922 -19.78386 1.765961 -34.80326
3 71 -19.5311 2.491543 -38.3046 -20 2.425272 -37.87478 -20 2.811217 -39.704
3 71 -20 2.811217 -39.704 -19.3927 2.524171 -38.4934 -19.5311 2.491543 -38.3046
3 71 -20 2.811217 -39.704 -19.3371 2.569254 -38.7208 -19.3927 2.524171 -38.4934
3 71 -20 2.811217 -39.704 -19.3728 2.619936 -38.9522 -19.3371 2.569254 -38.7208
3 71 -20 2.811217 -39.704 -19.4943 2.668482 -39.1523 -19.3728 2.619936 -38.9522
4 71 -18.77437 2.839997 -40.14289 -20 3.185917 -41.47992 -20 4.083101 -45.7322 -18.4757 3.829788 -44.9078
3 71 -18.4757 3.829788 -44.9078 -18.07048 3.58889 -43.86605 -18.77437 2.839997 -40.14289
3 71 -19.6664 4.11276 -45.9551 -18.4757 3.829788 -44.9078 -20 4.083101 -45.7322
4 71 -18.4757 3.829788 -44.9078 -19.6664 4.11276 -45.9551 -17.47083 4.226878 -47.03785 -17.82573 3.849293 -45.16066
4 71 -23.10698 2.964106 -39.91032 -24.14899 1.768869 -34.07157 -24.352 1.743105 -33.88547 -24.352 2.806112 -38.76909
4 71 -22.75963 3.362541 -41.85668 -24.352 3.16046 -40.39701 -24.352 3.67027 -42.73916 -23.9443 3.718487 -43.0967
3 71 -23.9443 3.718487 -43.0967 -22.34798 3.834729 -44.16333 -22.75963 3.362541 -41.85668
4 71 -20 2.081815 -36.24693 -20 1.737223 -34.61371 -21.34295 1.536 -33.43597 -23.45004 1.536 -33.08446
4 71 -20 2.425272 -37.87478 -24.14899 1.768869 -34.07157 -23.10698 2.964106 -39.91032 -21.9637 3.144978 -40.9583
3 71 -21.9637 3.144978 -40.9583 -20 2.811217 -39.704 -20 2.425272 -37.87478
3 71 -22.3323 3.430148 -42.2484 -22.75963 3.362541 -41.85668 -22.34798 3.834729 -44.16333
3 71 -21.9637 3.144978 -40.9583 -21.7636 3.16357 -41.0798 -20 2.811217 -39.704
3 71 -21.7636 3.16357 -41.0798 -21.5322 3.162958 -41.1155 -20 2.811217 -39.704
3 71 -21.5322 3.162958 -41.1155 -21.3048 3.143223 -41.0599 -20 2.811217 -39.704
3 71 -21.3048 3.143223 -41.0599 -21.116 3.107377 -40.9215 -20 2.811217 -39.704
3 71 -20.6368 3.354901 -42.1746 -20 4.083101 -45.7322 -20 3.185917 -41.47992
3 71 -20 4.083101 -45.7322 -20.6368 3.354901 -42.1746 -21.0145 3.426596 -42.4514
3 71 -20 4.083101 -45.7322 -21.0145 3.426596 -42.4514 -21.4693 3.466066 -42.5626
3 71 -20 4.083101 -45.7322 -21.4693 3.466066 -42.5626 -21.932 3.467308 -42.4913
3 71 -22.3323 3.430148 -42.2484 -22.34798 3.834729 -44.16333 -20 4.083101 -45.7322
3 71 -20 4.083101 -45.7322 -21.932 3.467308 -42.4913 -22.3323 3.430148 -42.2484
3 71 -28.284 2.193535 -34.97814 -27.87701 2.052705 -34.53415 -28.284 1.536 -32.071
3 71 -27.8125 3.215703 -39.7044 -28.284 2.626001 -36.89019 -28.284 3.140912 -39.16675
4 71 -28.284 2.603948 -36.79269 -28.284 2.626001 -36.89019 -27.8125 3.215703 -39.7044 -26.88889 3.307204 -40.51438
3 71 -26.88889 3.307204 -40.51438 -27.36457 2.703289 -37.6355 -28.284 2.603948 -36.79269
3 71 -26.06551 1.536 -32.55792 -28.284 1.536 -32.071 -27.87701 2.052705 -34.53415
4 71 -27.087 2.213923 -35.4482 -27.2084 2.263278 -35.6483 -25.2764 1.7122 -33.5406 -25.4652 1.751345 -33.679
4 71 -27.2084 2.263278 -35.6483 -27.2441 2.31533 -35.8796 -25.049 1.689234 -33.485 -25.2764 1.7122 -33.5406
4 71 -27.2441 2.31533 -35.8796 -27.1885 2.362194 -36.1071 -24.8176 1.685928 -33.5206 -25.049 1.689234 -33.485
4 71 -27.1885 2.362194 -36.1071 -27.0501 2.396678 -36.2959 -24.6175 1.702815 -33.6421 -24.8176 1.685928 -33.5206
4 71 -24.6175 1.702815 -33.6421 -27.0501 2.396678 -36.2959 -24.352 2.806112 -38.76909 -24.352 1.743105 -33.88547
4 71 -24.352 3.67027 -42.73916 -24.352 3.16046 -40.39701 -27.36457 2.703289 -37.6355 -26.88889 3.307204 -40.51438
3 71 -31.70821 1.576187 -31.27359 -31.736 1.536 -31.088 -31.736 1.580729 -31.27695
4 71 -31.736 1.988487 -32.99947 -31.42053 1.992202 -33.19483 -31.70821 1.576187 -31.27359 -31.736 1.580729 -31.27695
3 71 -31.2048 2.588389 -35.8362 -31.02388 2.56581 -35.84386 -31.02866 2.558893 -35.81191
4 71 -31.42053 1.992202 -33.19483 -31.736 1.988487 -32.99947 -31.736 2.471811 -35.0412 -31.2048 2.588389 -35.8362
3 71 -31.2048 2.588389 -35.8362 -31.02866 2.558893 -35.81191 -31.42053 1.992202 -33.19483
3 71 -31.2048 2.588389 -35.8362 -31.01908 2.57275 -35.87591 -31.02388 2.56581 -35.84386
3 71 -31.2048 2.588389 -35.8362 -30.98801 2.61768 -36.0834 -31.01908 2.57275 -35.87591
3 71 -31.27021 1.536 -31.22064 -31.736 1.536 -31.088 -31.70821 1.576187 -31.27359
3 71 -28.377 2.222472 -35.0796 -28.93067 1.536 -31.88685 -29.27366 1.536 -31.78918
4 71 -28.284 1.536 -32.071 -28.49811 1.536 -32.01003 -28.377 2.222472 -35.0796 -28.284 2.193535 -34.97814
3 71 -28.377 2.222472 -35.0796 -28.49811 1.536 -32.01003 -28.93067 1.536 -31.88685
4 71 -31.27021 1.536 -31.22064 -31.70821 1.576187 -31.27359 -31.42053 1.992202 -33.19483 -28.377 2.222472 -35.0796
3 71 -28.377 2.222472 -35.0796 -29.27366 1.536 -31.78918 -31.27021 1.536 -31.22064
4 71 -31.02388 2.56581 -35.84386 -28.6913 2.437908 -35.9426 -28.62 2.32864 -35.4798 -31.02866 2.558893 -35.81191
4 71 -31.02866 2.558893 -35.81191 -28.62 2.32864 -35.4798 -28.377 2.222472 -35.0796 -31.42053 1.992202 -33.19483
4 71 -31.01908 2.57275 -35.87591 -28.5801 2.533612 -36.3974 -28.6913 2.437908 -35.9426 -31.02388 2.56581 -35.84386
4 71 -28.5801 2.533612 -36.3974 -31.01908 2.57275 -35.87591 -30.98801 2.61768 -36.0834 -28.284 3.140912 -39.16675
4 71 -28.284 2.626001 -36.89019 -28.3033 2.60119 -36.775 -28.5801 2.533612 -36.3974 -28.284 3.140912 -39.16675
3 71 -28.3033 2.60119 -36.775 -28.284 2.626001 -36.89019 -28.284 2.603948 -36.79269
3 71 -34.5707 1.655129 -30.52921 -34.64 1.536 -30 -34.64 1.633015 -30.38868
4 71 -31.736 1.580729 -31.27695 -31.736 1.536 -31.088 -34.35062 1.536 -30.10842 -34.0632 1.853728 -31.5583
4 71 -34.64 1.536 -30 -34.5707 1.655129 -30.52921 -34.0632 1.853728 -31.5583 -34.35062 1.536 -30.10842
3 71 -34.0632 1.853728 -31.5583 -31.736 1.988487 -32.99947 -31.736 1.580729 -31.27695
3 71 -34.0632 1.853728 -31.5583 -31.736 2.471811 -35.0412 -31.736 1.988487 -32.99947
3 71 -34.64 1.633015 -30.38868 -34.64 1.536 -30 -34.89549 1.536 -29.8706
3 71 -24.54004 1.483342 -32.17538 -24.249 1.495267 -32.3521 -21.4501 1.531156 -33.342
3 71 -21.4501 1.531156 -33.342 -24.0664 1.355964 -30.3587 -24.54004 1.483342 -32.17538
3 71 -24.0664 1.355964 -30.3587 -25.53524 1.204649 -28.1604 -24.54004 1.483342 -32.17538
4 71 -21.34295 1.536 -33.43597 -21.4501 1.531156 -33.342 -24.249 1.495267 -32.3521 -23.45004 1.536 -33.08446
4 71 -28.284 0.8887844 -23.25415 -28.284 0.8741234 -23.05443 -29.31754 0.7645744 -21.26775 -29.51683 0.8281417 -22.07697
4 71 -29.016 0.7357459 -20.9609 -29.19794 0.7264222 -20.78208 -29.31754 0.7645744 -21.26775 -28.284 0.8741234 -23.05443
4 71 -28.284 0.8510589 -22.74023 -28.3762 0.8330471 -22.4686 -29.016 0.7357459 -20.9609 -28.284 0.8741234 -23.05443
4 71 -28.284 1.26652 -28.39995 -30.14435 1.028305 -24.62504 -30.59012 1.170495 -26.43512 -28.854 1.392807 -29.958
3 71 -28.854 1.392807 -29.958 -28.284 1.36027 -29.67708 -28.284 1.26652 -28.39995
4 71 -29.69858 0.886115 -22.81497 -28.284 1.067251 -25.68535 -28.284 0.8887844 -23.25415 -29.51683 0.8281417 -22.07697
4 71 -31.27021 1.536 -31.22064 -29.6652 1.488206 -31.0266 -31.0359 1.312687 -28.24523 -31.736 1.536 -31.088
4 71 -28.284 1.36027 -29.67708 -28.854 1.392807 -29.958 -28.7116 1.403462 -30.1437 -28.284 1.379058 -29.93302
4 71 -28.284 1.379058 -29.93302 -28.7116 1.403462 -30.1437 -28.5088 1.407826 -30.2609 -28.284 1.394994 -30.15011
3 71 -28.5088 1.407826 -30.2609 -28.284 1.405302 -30.29054 -28.284 1.394994 -30.15011
4 71 -28.93067 1.536 -31.88685 -28.9748 1.518244 -31.6324 -29.3802 1.509526 -31.3982 -29.27366 1.536 -31.78918
4 71 -28.284 1.536 -32.071 -28.284 1.503846 -31.63298 -28.5106 1.513033 -31.6936 -28.49811 1.536 -32.01003
4 71 -28.49811 1.536 -32.01003 -28.5106 1.513033 -31.6936 -28.9748 1.518244 -31.6324 -28.93067 1.536 -31.88685
4 71 -29.3802 1.509526 -31.3982 -29.6652 1.488206 -31.0266 -31.27021 1.536 -31.22064 -29.27366 1.536 -31.78918
3 71 -28.0259 0.9027172 -23.5006 -28.284 0.8741234 -23.05443 -28.284 0.8887844 -23.25415
3 71 -28.0259 0.9027172 -23.5006 -28.284 0.8510589 -22.74023 -28.284 0.8741234 -23.05443
3 71 -27.7776 1.333791 -29.4275 -28.284 1.26652 -28.39995 -28.284 1.36027 -29.67708
4 71 -28.0259 0.9027172 -23.5006 -28.284 0.8887844 -23.25415 -28.284 1.067251 -25.68535 -26.436 1.312741 -29.4352
3 71 -26.436 1.312741 -29.4352 -26.2709 1.135681 -27.0594 -28.0259 0.9027172 -23.5006
4 71 -26.2709 1.135681 -27.0594 -26.436 1.312741 -29.4352 -26.315 1.343993 -29.8875 -25.53524 1.204649 -28.1604
4 71 -27.7171 1.349421 -29.6537 -27.7776 1.333791 -29.4275 -28.284 1.36027 -29.67708 -28.284 1.379058 -29.93302
4 71 -27.7477 1.366951 -29.8858 -27.7171 1.349421 -29.6537 -28.284 1.379058 -29.93302 -28.284 1.394994 -30.15011
4 71 -27.7477 1.366951 -29.8858 -28.284 1.394994 -30.15011 -28.284 1.405302 -30.29054 -28.2767 1.405255 -30.2915
3 71 -28.2767 1.405255 -30.2915 -27.8648 1.383717 -30.0885 -27.7477 1.366951 -29.8858
3 71 -25.53524 1.204649 -28.1604 -26.315 1.343993 -29.8875 -26.3762 1.379055 -30.3517
3 71 -27.8648 1.383717 -30.0885 -28.2767 1.405255 -30.2915 -28.0506 1.397164 -30.2309
4 71 -28.0583 1.495778 -31.5726 -28.284 1.503846 -31.63298 -28.284 1.536 -32.071 -26.06551 1.536 -32.55792
3 71 -26.06551 1.536 -32.55792 -25.9444 1.52435 -32.4258 -28.0583 1.495778 -31.5726
4 71 -25.1119 1.482456 -32.0378 -26.3762 1.379055 -30.3517 -26.6104 1.412594 -30.7572 -25.5668 1.497948 -32.149
4 71 -25.53524 1.204649 -28.1604 -26.3762 1.379055 -30.3517 -25.1119 1.482456 -32.0378 -24.6492 1.480235 -32.1091
3 71 -24.6492 1.480235 -32.1091 -24.54004 1.483342 -32.17538 -25.53524 1.204649 -28.1604
3 71 -25.9444 1.52435 -32.4258 -26.9819 1.439493 -31.0421 -28.0583 1.495778 -31.5726
4 71 -25.9444 1.52435 -32.4258 -25.5668 1.497948 -32.149 -26.6104 1.412594 -30.7572 -26.9819 1.439493 -31.0421
4 71 -29.51683 0.8281417 -22.07697 -29.31754 0.7645744 -21.26775 -29.87414 0.7103729 -20.30557 -30.35263 0.7932655 -21.27889
4 71 -29.87414 0.7103729 -20.30557 -29.31754 0.7645744 -21.26775 -29.19794 0.7264222 -20.78208 -29.81179 0.6995703 -20.17873
4 71 -30.59012 1.170495 -26.43512 -30.14435 1.028305 -24.62504 -31.07213 0.9179097 -22.74245 -31.74021 1.033646 -24.10141
4 71 -30.40405 0.8021725 -21.38347 -29.69858 0.886115 -22.81497 -29.51683 0.8281417 -22.07697 -30.35263 0.7932655 -21.27889
4 71 -32.4083 1.149386 -25.46041 -34.44909 1.502928 -29.61167 -34.35062 1.536 -30.10842 -31.736 1.536 -31.088
3 71 -31.736 1.536 -31.088 -31.0359 1.312687 -28.24523 -32.4083 1.149386 -25.46041
3 71 -34.44909 1.502928 -29.61167 -34.64 1.536 -30 -34.35062 1.536 -30.10842
4 71 -31.5698 0.6399856 -19.2862 -33.1769 0.6531281 -19.3 -35.60957 0.9915196 -23.22937 -35.57 1.013736 -23.50564
3 71 -35.57 1.013736 -23.50564 -30.1264 0.6767242 -19.8695 -31.5698 0.6399856 -19.2862
3 71 -33.1769 0.6531281 -19.3 -36.08566 0.7241606 -19.90475 -35.60957 0.9915196 -23.22937
4 71 -29.87414 0.7103729 -20.30557 -30.1264 0.6767242 -19.8695 -30.5471 0.7795881 -21.0932 -30.35263 0.7932655 -21.27889
4 71 -35.56159 1.018461 -23.56439 -30.5471 0.7795881 -21.0932 -30.1264 0.6767242 -19.8695 -35.57 1.013736 -23.50564
3 71 -30.1264 0.6767242 -19.8695 -29.87414 0.7103729 -20.30557 -29.81179 0.6995703 -20.17873
4 71 -31.07213 0.9179097 -22.74245 -31.093 0.9146148 -22.7001 -32.1694 0.9658859 -23.2305 -31.74021 1.033646 -24.10141
3 71 -30.5471 0.7795881 -21.0932 -30.40405 0.8021725 -21.38347 -30.35263 0.7932655 -21.27889
4 71 -33.2458 1.017165 -23.761 -35.38264 1.118955 -24.81403 -35.33705 1.144556 -25.13239 -34.44909 1.502928 -29.61167
3 71 -34.44909 1.502928 -29.61167 -32.4083 1.149386 -25.46041 -33.2458 1.017165 -23.761
3 71 -35.33705 1.144556 -25.13239 -34.64 1.536 -30 -34.44909 1.502928 -29.61167
3 71 -35.9291 1.050304 -23.7455 -35.57 1.013736 -23.50564 -35.60957 0.9915196 -23.22937
4 71 -36.08566 0.7241606 -19.90475 -36.956 0.7780714 -20.0857 -36.956 1.022915 -22.90952 -35.9291 1.050304 -23.7455
3 71 -35.9291 1.050304 -23.7455 -35.60957 0.9915196 -23.22937 -36.08566 0.7241606 -19.90475
3 71 -35.9291 1.050304 -23.7455 -35.56159 1.018461 -23.56439 -35.57 1.013736 -23.50564
4 71 -36.956 1.215074 -25.12572 -36.3388 1.345618 -26.9439 -35.9291 1.050304 -23.7455 -36.956 1.022915 -22.90952
3 71 -35.33705 1.144556 -25.13239 -35.38264 1.118955 -24.81403 -35.3986 1.120338 -24.8219
4 71 -35.9291 1.050304 -23.7455 -36.3388 1.345618 -26.9439 -34.89549 1.536 -29.8706 -34.64 1.536 -30
4 71 -35.33705 1.144556 -25.13239 -35.3986 1.120338 -24.8219 -35.9291 1.050304 -23.7455 -34.64 1.536 -30
4 71 -36.956 1.022915 -22.90952 -36.956 0.7780714 -20.0857 -37.73999 0.8423373 -20.2487 -37.96459 1.016218 -22.08844
4 71 -37.97053 1.020813 -22.13706 -36.956 1.215074 -25.12572 -36.956 1.022915 -22.90952 -37.96459 1.016218 -22.08844
4 71 -37.73999 0.8423373 -20.2487 -38.3946 0.8781501 -20.3848 -37.9956 1.015058 -22.0632 -37.96459 1.016218 -22.08844
3 71 -37.9956 1.015058 -22.0632 -37.97053 1.020813 -22.13706 -37.96459 1.016218 -22.08844
0 // Red text "PORSCHE"
0 // Letter "P"
4 4 -28.284 1.26652 -28.39995 -28.284 1.067251 -25.68535 -29.69858 0.886115 -22.81497 -30.14435 1.028305 -24.62504
4 4 -29.6652 1.488206 -31.0266 -28.854 1.392807 -29.958 -30.59012 1.170495 -26.43512 -31.0359 1.312687 -28.24523
4 4 -28.7116 1.403462 -30.1437 -28.854 1.392807 -29.958 -29.6652 1.488206 -31.0266 -29.3802 1.509526 -31.3982
3 4 -28.5106 1.513033 -31.6936 -28.284 1.503846 -31.63298 -28.284 1.408585 -30.33526
4 4 -28.5088 1.407826 -30.2609 -28.7116 1.403462 -30.1437 -29.3802 1.509526 -31.3982 -28.9748 1.518244 -31.6324
4 4 -28.284 1.405302 -30.29054 -28.5088 1.407826 -30.2609 -28.9748 1.518244 -31.6324 -28.5106 1.513033 -31.6936
3 4 -28.5106 1.513033 -31.6936 -28.284 1.408585 -30.33526 -28.284 1.405302 -30.29054
4 4 -27.7776 1.333791 -29.4275 -26.436 1.312741 -29.4352 -28.284 1.067251 -25.68535 -28.284 1.26652 -28.39995
3 4 -27.7776 1.333791 -29.4275 -27.7171 1.349421 -29.6537 -26.436 1.312741 -29.4352
4 4 -27.7171 1.349421 -29.6537 -27.7477 1.366951 -29.8858 -26.315 1.343993 -29.8875 -26.436 1.312741 -29.4352
4 4 -27.7477 1.366951 -29.8858 -27.8648 1.383717 -30.0885 -26.3762 1.379055 -30.3517 -26.315 1.343993 -29.8875
4 4 -27.8648 1.383717 -30.0885 -28.0506 1.397164 -30.2309 -26.6104 1.412594 -30.7572 -26.3762 1.379055 -30.3517
4 4 -28.0506 1.397164 -30.2309 -28.2767 1.405255 -30.2915 -28.284 1.408585 -30.33526 -28.284 1.503846 -31.63298
3 4 -28.284 1.503846 -31.63298 -28.0583 1.495778 -31.5726 -28.0506 1.397164 -30.2309
4 4 -28.0506 1.397164 -30.2309 -28.0583 1.495778 -31.5726 -26.9819 1.439493 -31.0421 -26.6104 1.412594 -30.7572
3 4 -28.2767 1.405255 -30.2915 -28.284 1.405302 -30.29054 -28.284 1.408585 -30.33526
4 4 -30.14435 1.028305 -24.62504 -29.69858 0.886115 -22.81497 -30.40405 0.8021725 -21.38347 -31.07213 0.9179097 -22.74245
4 4 -31.0359 1.312687 -28.24523 -30.59012 1.170495 -26.43512 -31.74021 1.033646 -24.10141 -32.4083 1.149386 -25.46041
4 4 -33.2458 1.017165 -23.761 -30.5471 0.7795881 -21.0932 -35.56159 1.018461 -23.56439 -35.38264 1.118955 -24.81403
4 4 -30.40405 0.8021725 -21.38347 -30.5471 0.7795881 -21.0932 -31.093 0.9146148 -22.7001 -31.07213 0.9179097 -22.74245
3 4 -30.5471 0.7795881 -21.0932 -32.1694 0.9658859 -23.2305 -31.093 0.9146148 -22.7001
3 4 -30.5471 0.7795881 -21.0932 -33.2458 1.017165 -23.761 -32.1694 0.9658859 -23.2305
4 4 -31.74021 1.033646 -24.10141 -32.1694 0.9658859 -23.2305 -33.2458 1.017165 -23.761 -32.4083 1.149386 -25.46041
4 4 -35.56159 1.018461 -23.56439 -35.9291 1.050304 -23.7455 -35.3986 1.120338 -24.8219 -35.38264 1.118955 -24.81403
0 // Letter "O"
4 4 -18.77437 2.839997 -40.14289 -17.8899 2.511686 -38.6579 -18.0012 2.420828 -38.203 -19.4084 2.165425 -36.78922
3 4 -18.0012 2.420828 -38.203 -18.278 2.350097 -37.8254 -19.4084 2.165425 -36.78922
3 4 -17.9613 2.608793 -39.1206 -17.8899 2.511686 -38.6579 -18.77437 2.839997 -40.14289
3 4 -18.2042 2.697408 -39.5209 -17.9613 2.608793 -39.1206 -18.77437 2.839997 -40.14289
3 4 -19.4084 2.165425 -36.78922 -19.5311 2.491543 -38.3046 -19.3927 2.524171 -38.4934
3 4 -19.3371 2.569254 -38.7208 -18.77437 2.839997 -40.14289 -19.4084 2.165425 -36.78922
4 4 -19.4084 2.165425 -36.78922 -20 2.081815 -36.24693 -20 2.425272 -37.87478 -19.5311 2.491543 -38.3046
3 4 -19.4084 2.165425 -36.78922 -19.3927 2.524171 -38.4934 -19.3371 2.569254 -38.7208
3 4 -18.77437 2.839997 -40.14289 -19.3371 2.569254 -38.7208 -19.3728 2.619936 -38.9522
3 4 -18.77437 2.839997 -40.14289 -19.3728 2.619936 -38.9522 -19.4943 2.668482 -39.1523
4 4 -18.77437 2.839997 -40.14289 -19.4943 2.668482 -39.1523 -20 2.811217 -39.704 -20 3.185917 -41.47992
3 4 -24.14899 1.768869 -34.07157 -24.352 1.536 -32.934 -24.352 1.743105 -33.88547
4 4 -22.75963 3.362541 -41.85668 -23.10698 2.964106 -39.91032 -24.352 2.806112 -38.76909 -24.352 3.16046 -40.39701
4 4 -23.45004 1.536 -33.08446 -24.352 1.536 -32.934 -24.14899 1.768869 -34.07157 -20 2.425272 -37.87478
3 4 -20 2.425272 -37.87478 -20 2.081815 -36.24693 -23.45004 1.536 -33.08446
4 4 -20 2.811217 -39.704 -21.116 3.107377 -40.9215 -20.6368 3.354901 -42.1746 -20 3.185917 -41.47992
4 4 -21.3048 3.143223 -41.0599 -21.0145 3.426596 -42.4514 -20.6368 3.354901 -42.1746 -21.116 3.107377 -40.9215
4 4 -21.5322 3.162958 -41.1155 -21.4693 3.466066 -42.5626 -21.0145 3.426596 -42.4514 -21.3048 3.143223 -41.0599
4 4 -22.75963 3.362541 -41.85668 -22.3323 3.430148 -42.2484 -21.9637 3.144978 -40.9583 -23.10698 2.964106 -39.91032
4 4 -21.932 3.467308 -42.4913 -21.7636 3.16357 -41.0798 -21.9637 3.144978 -40.9583 -22.3323 3.430148 -42.2484
4 4 -21.932 3.467308 -42.4913 -21.4693 3.466066 -42.5626 -21.5322 3.162958 -41.1155 -21.7636 3.16357 -41.0798
3 4 -27.87701 2.052705 -34.53415 -28.284 2.193535 -34.97814 -27.55408 2.462693 -36.48857
3 4 -28.284 2.193535 -34.97814 -28.284 2.598278 -36.76762 -27.55408 2.462693 -36.48857
4 4 -27.55408 2.462693 -36.48857 -28.284 2.598278 -36.76762 -28.284 2.603948 -36.79269 -27.36457 2.703289 -37.6355
3 4 -24.73752 1.536 -32.84939 -25.2764 1.7122 -33.5406 -25.049 1.689234 -33.485
3 4 -24.73752 1.536 -32.84939 -25.4652 1.751345 -33.679 -25.2764 1.7122 -33.5406
3 4 -24.73752 1.536 -32.84939 -25.049 1.689234 -33.485 -24.8176 1.685928 -33.5206
4 4 -24.8176 1.685928 -33.5206 -24.6175 1.702815 -33.6421 -24.41149 1.536 -32.92094 -24.73752 1.536 -32.84939
4 4 -26.06551 1.536 -32.55792 -27.87701 2.052705 -34.53415 -27.55408 2.462693 -36.48857 -27.087 2.213923 -35.4482
4 4 -25.4652 1.751345 -33.679 -24.73752 1.536 -32.84939 -26.06551 1.536 -32.55792 -27.087 2.213923 -35.4482
3 4 -27.2084 2.263278 -35.6483 -27.087 2.213923 -35.4482 -27.55408 2.462693 -36.48857
3 4 -27.2441 2.31533 -35.8796 -27.2084 2.263278 -35.6483 -27.55408 2.462693 -36.48857
3 4 -27.55408 2.462693 -36.48857 -27.1885 2.362194 -36.1071 -27.2441 2.31533 -35.8796
3 4 -27.55408 2.462693 -36.48857 -27.0501 2.396678 -36.2959 -27.1885 2.362194 -36.1071
4 4 -24.41149 1.536 -32.92094 -24.6175 1.702815 -33.6421 -24.352 1.743105 -33.88547 -24.352 1.536 -32.934
4 4 -27.0501 2.396678 -36.2959 -27.55408 2.462693 -36.48857 -27.36457 2.703289 -37.6355 -24.352 3.16046 -40.39701
3 4 -24.352 3.16046 -40.39701 -24.352 2.806112 -38.76909 -27.0501 2.396678 -36.2959
3 4 -28.284 2.193535 -34.97814 -28.377 2.222472 -35.0796 -28.62 2.32864 -35.4798
3 4 -28.284 2.193535 -34.97814 -28.62 2.32864 -35.4798 -28.6913 2.437908 -35.9426
3 4 -28.6913 2.437908 -35.9426 -28.5801 2.533612 -36.3974 -28.284 2.193535 -34.97814
4 4 -28.5801 2.533612 -36.3974 -28.3033 2.60119 -36.775 -28.284 2.598278 -36.76762 -28.284 2.193535 -34.97814
3 4 -28.3033 2.60119 -36.775 -28.284 2.603948 -36.79269 -28.284 2.598278 -36.76762
3 4 -24.249 1.495267 -32.3521 -24.54004 1.483342 -32.17538 -24.38137 1.527774 -32.8155
4 4 -24.249 1.495267 -32.3521 -24.38137 1.527774 -32.8155 -24.352 1.536 -32.934 -23.45004 1.536 -33.08446
3 4 -25.1119 1.482456 -32.0378 -25.5668 1.497948 -32.149 -24.73752 1.536 -32.84939
3 4 -25.5668 1.497948 -32.149 -25.9444 1.52435 -32.4258 -24.73752 1.536 -32.84939
3 4 -24.6492 1.480235 -32.1091 -25.1119 1.482456 -32.0378 -24.73752 1.536 -32.84939
4 4 -24.54004 1.483342 -32.17538 -24.6492 1.480235 -32.1091 -24.73752 1.536 -32.84939 -24.41149 1.536 -32.92094
3 4 -24.41149 1.536 -32.92094 -24.38137 1.527774 -32.8155 -24.54004 1.483342 -32.17538
3 4 -24.73752 1.536 -32.84939 -25.9444 1.52435 -32.4258 -26.06551 1.536 -32.55792
3 4 -24.38137 1.527774 -32.8155 -24.41149 1.536 -32.92094 -24.352 1.536 -32.934
0 // Letter "R"
4 4 -6.8685 3.345259 -43.7798 -8.2451 3.433039 -44.1345 -8.2858 3.480111 -44.365 -6.9499 3.43927 -44.2409
4 4 -9.4975 3.787884 -45.8251 -9.0625 3.557098 -44.7067 -10.352 3.468527 -44.20511 -10.352 3.729189 -45.4927
4 4 -10.352 3.207854 -42.91746 -8.6274 3.326311 -43.5883 -7.6332 3.133952 -42.6875 -10.352 2.947203 -41.62992
4 4 -8.43 3.349793 -43.7141 -7.2384 3.180915 -42.9391 -7.6332 3.133952 -42.6875 -8.6274 3.326311 -43.5883
4 4 -8.2957 3.38727 -43.9059 -6.9698 3.255667 -43.3226 -7.2384 3.180915 -42.9391 -8.43 3.349793 -43.7141
4 4 -8.2451 3.433039 -44.1345 -6.8685 3.345259 -43.7798 -6.9698 3.255667 -43.3226 -8.2957 3.38727 -43.9059
3 4 -9.0625 3.557098 -44.7067 -9.4975 3.787884 -45.8251 -8.8319 3.563018 -44.7474
4 4 -7.3849 3.672005 -45.3592 -6.9499 3.43927 -44.2409 -8.2858 3.480111 -44.365 -7.6365 3.754791 -45.7541
4 4 -7.6365 3.754791 -45.7541 -8.2858 3.480111 -44.365 -8.4116 3.521359 -44.5625 -8.0201 3.813005 -46.0226
4 4 -9.4975 3.787884 -45.8251 -9.8083 4.287842 -48.2793 -8.69 4.364655 -48.7143 -8.3585 3.831593 -46.0976
4 4 -8.0201 3.813005 -46.0226 -8.4116 3.521359 -44.5625 -8.6033 3.544989 -44.6697 -8.3585 3.831593 -46.0976
4 4 -8.3585 3.831593 -46.0976 -8.6033 3.544989 -44.6697 -8.8319 3.563018 -44.7474 -9.4975 3.787884 -45.8251
4 4 -15.6172 2.909383 -40.8694 -16.3006 2.60683 -39.316 -18.07048 3.58889 -43.86605 -17.82573 3.849293 -45.16066
3 4 -17.82573 3.849293 -45.16066 -16.0523 3.150774 -41.9878 -15.6172 2.909383 -40.8694
4 4 -13.58723 3.26927 -42.94667 -16.0523 3.150774 -41.9878 -16.4873 3.392142 -43.1061 -13.3116 3.546899 -44.34143
3 4 -17.82573 3.849293 -45.16066 -16.4873 3.392142 -43.1061 -16.0523 3.150774 -41.9878
3 4 -17.82573 3.849293 -45.16066 -17.3573 3.87492 -45.3429 -16.4873 3.392142 -43.1061
4 4 -16.3006 2.60683 -39.316 -15.6172 2.909383 -40.8694 -13.86288 2.99162 -41.5518 -14.13851 2.713989 -40.15702
4 4 -13.58723 3.26927 -42.94667 -13.3116 3.546899 -44.34143 -10.352 3.729189 -45.4927 -10.352 3.468527 -44.20511
4 4 -14.13851 2.713989 -40.15702 -13.86288 2.99162 -41.5518 -10.352 3.207854 -42.91746 -10.352 2.947203 -41.62992
3 4 -18.4757 3.829788 -44.9078 -17.82573 3.849293 -45.16066 -18.07048 3.58889 -43.86605
0 // Letter "S"
4 4 0 3.205285 -43.3598 0 3.444901 -44.5598 5.22 3.468722 -44.5598 5.22 3.228279 -43.3598
4 4 0 3.924133 -46.9598 3.45 3.943765 -46.9598 3.8456 3.704628 -45.7598 0 3.684517 -45.7598
3 4 4.05 4.065967 -47.5598 5.22 4.187046 -48.1448 5.22 3.952614 -46.9748
4 4 3.6796 3.95368 -47.0055 4.3517 3.718321 -45.8198 3.8456 3.704628 -45.7598 3.45 3.943765 -46.9598
4 4 3.8743 3.980371 -47.1355 4.7963 3.7697 -46.0689 4.3517 3.718321 -45.8198 3.6796 3.95368 -47.0055
4 4 4.0043 4.019812 -47.3302 5.1118 3.85095 -46.4692 4.7963 3.7697 -46.0689 3.8743 3.980371 -47.1355
4 4 5.22 3.928269 -46.8533 5.1118 3.85095 -46.4692 4.0043 4.019812 -47.3302 4.05 4.065967 -47.5598
3 4 4.05 4.065967 -47.5598 5.22 3.952614 -46.9748 5.22 3.928269 -46.8533
4 4 5.22 4.187046 -48.1448 4.05 4.065967 -47.5598 4.0043 4.111821 -47.7894 5.2055 4.275741 -48.5877
3 4 5.2055 4.275741 -48.5877 5.22 4.247852 -48.44827 5.22 4.187046 -48.1448
4 4 3.8743 4.150404 -47.9841 3.6796 4.175809 -48.1141 4.6667 4.404083 -49.2371 5.0007 4.350865 -48.966
4 4 3.6796 4.175809 -48.1141 3.45 4.184208 -48.1598 4.2544 4.427307 -49.3598 4.6667 4.404083 -49.2371
4 4 4.2544 4.427307 -49.3598 3.45 4.184208 -48.1598 0 4.163749 -48.1598 0 4.403365 -49.3598
4 4 5.2055 4.275741 -48.5877 4.0043 4.111821 -47.7894 3.8743 4.150404 -47.9841 5.0007 4.350865 -48.966
4 4 5.22 3.468722 -44.5598 5.25 3.469319 -44.5598 5.25 3.228876 -43.3598 5.22 3.228279 -43.3598
4 4 5.22 4.187046 -48.1448 5.25 4.190649 -48.1598 5.25 3.950206 -46.9598 5.22 3.952614 -46.9748
3 4 5.25 3.950206 -46.9598 5.22 3.928269 -46.8533 5.22 3.952614 -46.9748
3 4 5.25 4.190649 -48.1598 5.22 4.187046 -48.1448 5.22 4.247852 -48.44827
4 4 -3.8309 3.223693 -43.3598 -3.45 3.462879 -44.5598 0 3.444901 -44.5598 0 3.205285 -43.3598
3 4 -4.05 3.585081 -45.1598 -5.22 3.471727 -44.5748 -5.22 3.706159 -45.7448
4 4 -3.6796 3.472794 -44.6055 -3.45 3.462879 -44.5598 -3.8309 3.223693 -43.3598 -4.3404 3.236936 -43.4175
4 4 -3.8743 3.499484 -44.7355 -3.6796 3.472794 -44.6055 -4.3404 3.236936 -43.4175 -4.789 3.288189 -43.6659
4 4 -4.0043 3.538926 -44.9302 -3.8743 3.499484 -44.7355 -4.789 3.288189 -43.6659 -5.1084 3.369612 -44.067
4 4 -5.1084 3.369612 -44.067 -5.22 3.447802 -44.45539 -5.22 3.471727 -44.5748 -4.05 3.585081 -45.1598
3 4 -4.05 3.585081 -45.1598 -4.0043 3.538926 -44.9302 -5.1084 3.369612 -44.067
4 4 -4.05 3.585081 -45.1598 -5.22 3.706159 -45.7448 -5.22 3.771411 -46.07046 -5.2089 3.794406 -46.1854
3 4 -5.2089 3.794406 -46.1854 -4.0043 3.630935 -45.3894 -4.05 3.585081 -45.1598
4 4 -5.0081 3.869382 -46.5629 -3.8743 3.669498 -45.584 -4.0043 3.630935 -45.3894 -5.2089 3.794406 -46.1854
4 4 -4.6781 3.922793 -46.8349 -3.6796 3.694923 -45.7141 -3.8743 3.669498 -45.584 -5.0081 3.869382 -46.5629
4 4 -4.2691 3.946469 -46.9598 -3.45 3.703322 -45.7598 -3.6796 3.694923 -45.7141 -4.6781 3.922793 -46.8349
4 4 -3.45 3.703322 -45.7598 -4.2691 3.946469 -46.9598 0 3.924133 -46.9598 0 3.684517 -45.7598
4 4 -5.22 4.190051 -48.1598 -5.22 4.430494 -49.3598 0 4.403365 -49.3598 0 4.163749 -48.1598
4 4 -5.22 3.471727 -44.5748 -5.25 3.469319 -44.5598 -5.25 3.709762 -45.7598 -5.22 3.706159 -45.7448
3 4 -5.25 3.469319 -44.5598 -5.22 3.471727 -44.5748 -5.22 3.447802 -44.45539
3 4 -5.25 3.709762 -45.7598 -5.22 3.771411 -46.07046 -5.22 3.706159 -45.7448
4 4 -5.22 4.190051 -48.1598 -5.25 4.190649 -48.1598 -5.25 4.431092 -49.3598 -5.22 4.430494 -49.3598
0 // Letter "C"
4 4 7.6332 3.133931 -42.6874 8.6274 3.326311 -43.5883 10.352 3.207856 -42.91747 10.352 2.947189 -41.62986
3 4 6.9698 3.255667 -43.3226 6.8685 3.345239 -43.7797 8.2957 3.38727 -43.9059
4 4 8.43 3.349793 -43.7141 8.6274 3.326311 -43.5883 7.6332 3.133931 -42.6874 7.2383 3.180893 -42.939
4 4 8.2957 3.38727 -43.9059 8.43 3.349793 -43.7141 7.2383 3.180893 -42.939 6.9698 3.255667 -43.3226
4 4 8.2451 3.433019 -44.1344 8.2957 3.38727 -43.9059 6.8685 3.345239 -43.7797 6.9499 3.43925 -44.2408
4 4 8.2858 3.480111 -44.365 8.2451 3.433019 -44.1344 6.9499 3.43925 -44.2408 8.2549 4.133868 -47.5959
3 4 8.2858 3.480111 -44.365 8.2549 4.133868 -47.5959 9.1558 3.941663 -46.6017
4 4 9.2816 3.982911 -46.7992 9.1558 3.941663 -46.6017 8.2549 4.133868 -47.5959 8.5066 4.216344 -47.9908
4 4 9.4734 4.012008 -46.9334 9.2816 3.982911 -46.7992 8.5066 4.216344 -47.9908 8.8901 4.274557 -48.2593
4 4 9.9325 4.01865 -46.9434 9.702 4.024571 -46.9841 9.3472 4.299662 -48.3606 9.8083 4.287842 -48.2793
4 4 9.702 4.024571 -46.9841 9.4734 4.012008 -46.9334 8.8901 4.274557 -48.2593 9.3472 4.299662 -48.3606
4 4 9.9325 4.01865 -46.9434 9.8083 4.287842 -48.2793 10.352 4.250497 -48.06781 10.352 3.989836 -46.78022
4 4 13.86287 2.991625 -41.55182 16.7356 2.848219 -40.4344 16.3006 2.60683 -39.316 14.13851 2.713983 -40.157
4 4 18.07048 3.588891 -43.86606 18.0407 3.572367 -43.7895 13.03597 3.824534 -45.73622 12.76034 4.102165 -47.131
3 4 12.76034 4.102165 -47.131 17.82573 3.849286 -45.16063 18.07048 3.588891 -43.86606
4 4 10.352 2.947189 -41.62986 10.352 3.207856 -42.91747 13.86287 2.991625 -41.55182 14.13851 2.713983 -40.157
4 4 10.352 3.989836 -46.78022 10.352 4.250497 -48.06781 12.76034 4.102165 -47.131 13.03597 3.824534 -45.73622
3 4 18.4757 3.829788 -44.9078 18.07048 3.588891 -43.86606 17.82573 3.849286 -45.16063
0 // Letter "H"
4 4 19.05272 2.54385 -38.67058 18.278 2.350097 -37.8254 17.3934 2.494619 -38.6363 18.77438 2.839985 -40.14283
3 4 19.8997 2.782912 -39.5946 20 2.811224 -39.70403 20 2.768737 -39.50266
3 4 19.8997 2.782912 -39.5946 19.05272 2.54385 -38.67058 18.77438 2.839985 -40.14283
3 4 19.8997 2.782912 -39.5946 18.77438 2.839985 -40.14283 20 2.891491 -40.08446
3 4 20 2.891491 -40.08446 20 2.811224 -39.70403 19.8997 2.782912 -39.5946
3 4 20 2.891491 -40.08446 18.77438 2.839985 -40.14283 20 3.185909 -41.47988
4 4 24.352 2.451779 -37.14122 24.352 2.097456 -35.51341 23.80164 2.167298 -36.0179 23.45432 2.565696 -37.96408
4 4 23.80164 2.167298 -36.0179 20 2.768737 -39.50266 20 2.811224 -39.70403 20.7105 2.999784 -40.4792
3 4 20.7105 2.999784 -40.4792 23.45432 2.565696 -37.96408 23.80164 2.167298 -36.0179
3 4 20.7105 2.999784 -40.4792 20 2.811224 -39.70403 20 2.891491 -40.08446
4 4 20.7105 2.999784 -40.4792 20 2.891491 -40.08446 20 3.185909 -41.47988 21.4477 3.570083 -43.0592
3 4 21.4477 3.570083 -43.0592 22.3323 3.430148 -42.2484 20.7105 2.999784 -40.4792
4 4 27.877 2.052716 -34.5342 27.6284 2.368342 -36.0388 28.284 2.595185 -36.75395 28.284 2.19355 -34.97821
4 4 26.06547 1.536 -32.55793 24.71024 1.536 -32.85537 25.8707 1.866992 -34.1213 27.877 2.052716 -34.5342
3 4 27.877 2.052716 -34.5342 25.8707 1.866992 -34.1213 26.6815 2.098276 -35.0059
4 4 24.352 2.451779 -37.14122 26.6815 2.098276 -35.0059 25.8707 1.866992 -34.1213 24.352 2.097456 -35.51341
3 4 26.6815 2.098276 -35.0059 27.6284 2.368342 -36.0388 27.877 2.052716 -34.5342
4 4 28.284 2.595185 -36.75395 28.3033 2.60119 -36.775 29.1878 2.474772 -35.9642 28.284 2.19355 -34.97821
3 4 24.2489 1.495267 -32.3521 24.44359 1.510351 -32.56449 24.56896 1.475243 -32.0587
4 4 25.1335 1.44635 -31.5412 24.56896 1.475243 -32.0587 24.44359 1.510351 -32.56449 24.71024 1.536 -32.85537
3 4 24.71024 1.536 -32.85537 26.06547 1.536 -32.55793 25.1335 1.44635 -31.5412
0 // Letter "E"
3 4 31.736 1.536 -31.088 31.5312 1.832161 -32.45573 31.53205 1.833203 -32.45965
3 4 31.53205 1.833203 -32.45965 31.736 1.79793 -32.19449 31.736 1.536 -31.088
4 4 31.5312 1.832161 -32.45573 31.736 1.536 -31.088 30.68395 1.536 -31.38758 31.1276 1.8599 -32.6933
3 4 31.1276 1.8599 -32.6933 31.53205 1.833203 -32.45965 31.5312 1.832161 -32.45573
3 4 30.2111 1.787345 -32.6335 30.20473 1.536 -31.52405 28.78196 1.536 -31.9292
4 4 30.6634 1.843867 -32.7546 31.1276 1.8599 -32.6933 30.68395 1.536 -31.38758 30.44664 1.536 -31.45516
4 4 30.2111 1.787345 -32.6335 30.6634 1.843867 -32.7546 30.44664 1.536 -31.45516 30.20473 1.536 -31.52405
3 4 32.44074 1.536 -30.82397 31.736 1.536 -31.088 31.818 1.7799 -32.0876
3 4 31.818 1.7799 -32.0876 31.736 1.536 -31.088 31.736 1.79793 -32.19449
4 4 28.284 1.067251 -25.68535 28.284 1.266521 -28.39995 30.14436 1.028306 -24.62506 29.69858 0.886115 -22.81497
3 4 28.854 1.392807 -29.958 28.7116 1.403462 -30.1437 29.9304 1.454242 -30.4884
4 4 28.7116 1.403462 -30.1437 28.5088 1.407826 -30.2609 29.8699 1.469582 -30.7146 29.9304 1.454242 -30.4884
4 4 28.854 1.392807 -29.958 29.9304 1.454242 -30.4884 31.0359 1.312686 -28.24521 30.59013 1.170496 -26.43514
4 4 29.8699 1.469582 -30.7146 28.5088 1.407826 -30.2609 28.284 1.405466 -30.29277 29.9005 1.487259 -30.9467
4 4 28.284 1.46385 -31.08812 30.0176 1.504587 -31.1494 29.9005 1.487259 -30.9467 28.284 1.405466 -30.29277
3 4 31.736 1.536 -31.088 31.48168 1.454878 -30.05531 31.0068 1.515685 -31.0189
3 4 31.736 1.536 -31.088 31.0068 1.515685 -31.0189 30.8643 1.526345 -31.2047
4 4 31.736 1.536 -31.088 30.8643 1.526345 -31.2047 30.6616 1.530704 -31.3218 30.68395 1.536 -31.38758
4 4 30.0176 1.504587 -31.1494 28.284 1.46385 -31.08812 28.284 1.507577 -31.6838 28.78196 1.536 -31.9292
4 4 30.20473 1.536 -31.52405 30.2034 1.518931 -31.2919 30.0176 1.504587 -31.1494 28.78196 1.536 -31.9292
4 4 30.68395 1.536 -31.38758 30.6616 1.530704 -31.3218 30.4295 1.528098 -31.3524 30.44664 1.536 -31.45516
4 4 30.44664 1.536 -31.45516 30.4295 1.528098 -31.3524 30.2034 1.518931 -31.2919 30.20473 1.536 -31.52405
4 4 26.436 1.312741 -29.4352 27.7776 1.333791 -29.4275 28.284 1.266521 -28.39995 28.284 1.067251 -25.68535
4 4 27.7171 1.349421 -29.6537 27.7776 1.333791 -29.4275 26.436 1.312741 -29.4352 26.315 1.343993 -29.8875
4 4 27.7477 1.366951 -29.8858 27.7171 1.349421 -29.6537 26.315 1.343993 -29.8875 26.3762 1.379055 -30.3517
4 4 27.8648 1.383717 -30.0885 27.7477 1.366951 -29.8858 26.3762 1.379055 -30.3517 26.6104 1.412594 -30.7572
4 4 28.0506 1.397164 -30.2309 27.8648 1.383717 -30.0885 26.6104 1.412594 -30.7572 26.9819 1.439493 -31.0421
3 4 28.0506 1.397164 -30.2309 26.9819 1.439493 -31.0421 28.2767 1.405255 -30.2915
4 4 28.2767 1.405255 -30.2915 26.9819 1.439493 -31.0421 28.284 1.46385 -31.08812 28.284 1.405466 -30.29277
3 4 26.9819 1.439493 -31.0421 28.284 1.507577 -31.6838 28.284 1.46385 -31.08812
4 4 31.07214 .9179118 -22.74247 30.40405 .8021725 -21.38347 29.69858 .886115 -22.81497 30.14436 1.028306 -24.62506
4 4 32.40831 1.149386 -25.46042 31.74022 1.033648 -24.10144 30.59013 1.170496 -26.43514 31.0359 1.312686 -28.24521
4 4 33.7445 1.380865 -28.17842 33.0764 1.265126 -26.81942 31.48168 1.454878 -30.05531 31.736 1.536 -31.088
3 4 31.736 1.536 -31.088 32.44074 1.536 -30.82397 33.7445 1.380865 -28.17842
4 4 31.07214 .9179118 -22.74247 31.6235 .8308673 -21.6237 30.5471 .7795881 -21.0932 30.40405 .8021725 -21.38347
4 4 32.40831 1.149386 -25.46042 33.7763 0.9334176 -22.6846 32.6999 0.8821384 -22.1541 31.74022 1.033648 -24.10144
4 4 35.56159 1.018463 -23.56441 34.8527 .9846969 -23.2151 33.0764 1.265126 -26.81942 33.7445 1.380865 -28.17842
3 4 33.7445 1.380865 -28.17842 35.3745 1.123526 -24.87088 35.56159 1.018463 -23.56441
3 4 35.9291 1.050304 -23.7455 35.56159 1.018463 -23.56441 35.3745 1.123526 -24.87088
0 // Neutral faces
3 16 5.22 6.528 -59.828 5.22 4.835461 -51.3809 5.1994 4.836214 -51.385
4 16 5.1994 4.836214 -51.385 0 4.875808 -51.7258 0 6.528 -60 5.22 6.528 -59.828
3 16 10.352 6.528 -59.318 10.352 4.713352 -50.35417 10.3098 4.715827 -50.3685
4 16 5.22 6.528 -59.828 10.352 6.528 -59.318 10.3098 4.715827 -50.3685 5.22 4.835461 -51.3809
3 16 15.308 6.528 -58.478 17.35459 4.350553 -47.6527 15.2438 4.510671 -48.6936
4 16 10.352 6.528 -59.318 15.308 6.528 -58.478 15.2438 4.510671 -48.6936 12.25077 4.615442 -49.70962
3 16 10.352 6.528 -59.318 12.25077 4.615442 -49.70962 10.352 4.713352 -50.35417
3 16 20 6.528 -57.32 20 4.209999 -46.33364 19.917 4.217378 -46.3891
4 16 15.308 6.528 -58.478 20 6.528 -57.32 19.917 4.217378 -46.3891 17.35459 4.350553 -47.6527
3 16 24.352 6.528 -55.868 24.352 3.815054 -43.40432 24.2494 3.827189 -43.4943
4 16 20 6.528 -57.32 24.352 6.528 -55.868 24.2494 3.827189 -43.4943 22.22611 3.97452 -44.84621
3 16 20 6.528 -57.32 22.22611 3.97452 -44.84621 20 4.209999 -46.33364
3 16 28.284 6.528 -54.142 28.284 3.312426 -39.92506 28.1668 3.331015 -40.0587
4 16 24.352 6.528 -55.868 28.284 6.528 -54.142 28.1668 3.331015 -40.0587 26.76038 3.470359 -41.29214
3 16 24.352 6.528 -55.868 26.76038 3.470359 -41.29214 24.352 3.815054 -43.40432
3 16 31.736 6.528 -52.176 31.736 2.684897 -35.94135 31.6024 2.714217 -36.1413
4 16 28.284 6.528 -54.142 31.736 6.528 -52.176 31.6024 2.714217 -36.1413 30.85106 2.815723 -36.998
3 16 28.284 6.528 -54.142 30.85106 2.815723 -36.998 28.284 3.312426 -39.92506
3 16 34.64 6.528 -50 34.64 1.944276 -31.63572 34.4972 1.960794 -31.8089
3 16 34.4972 1.960794 -31.8089 34.64 1.944276 -31.63572 34.64 1.915223 -31.51932
4 16 31.736 6.528 -52.176 34.64 6.528 -50 34.4972 1.960794 -31.8089 34.38019 1.98262 -31.98402
3 16 31.736 6.528 -52.176 34.38019 1.98262 -31.98402 31.736 2.684897 -35.94135
3 16 34.64 6.528 -50 36.956 1.536 -28.827 34.64 1.944276 -31.63572
4 16 34.64 1.944276 -31.63572 36.956 1.536 -28.827 35.63865 1.536 -29.49421 34.64 1.915223 -31.51932
3 16 36.956 1.536 -28.827 36.8017 1.382577 -27.1357 35.63865 1.536 -29.49421
3 16 36.956 1.536 -28.827 36.956 1.349941 -26.68116 36.8017 1.382577 -27.1357
4 16 38.636 1.536 -27.588 38.11019 1.128938 -23.28108 36.956 1.349941 -26.68116 36.956 1.536 -28.827
3 16 40 1.5403 -25.6593 40 0 -10 39.15601 0.9504202 -20.88281
3 16 38.636 1.536 -27.588 40 1.5403 -25.6593 39.15601 0.9504202 -20.88281
4 16 40 0 -10 39 0.07733246 -11.25723 39 0.8652392 -19.9999 39.15601 0.9504202 -20.88281
4 16 38.636 1.536 -27.588 39.15601 0.9504202 -20.88281 39 0.8652392 -19.9999 38.4766 1.044842 -22.2017
3 16 38.636 1.536 -27.588 38.4766 1.044842 -22.2017 38.11019 1.128938 -23.28108
3 16 20 0 -10 18 .0615 -11 21 .06150427 -11
3 16 20 0 -10 21 0.06150427 -11 21 0.05249879 -10.85357
3 16 20 0 -10 21 .05249879 -10.85357 21 0 -10
3 16 40 0 -10 39 0 -10 39 0.07733246 -11.25723
3 16 20 0 10 21 0 9 31.5 0 9
3 16 20 0 10 31.5 0 9 36.5 0 9
4 16 20 0 10 36.5 0 9 39 0 9 40 0 10
4 16 20 0 -10 21 0 -10 21 0 9 20 0 10
4 16 40 0 -10 40 0 10 39 0 9 39 0 -10
4 16 0 6.528 -60 0 4.875808 -51.7258 -5.1994 4.836214 -51.385 -5.22 6.528 -59.828
3 16 -5.22 6.528 -59.828 -5.1994 4.836214 -51.385 -5.22 4.835461 -51.3809
3 16 -10.352 6.528 -59.318 -10.3098 4.715827 -50.3685 -10.352 4.713352 -50.35417
4 16 -5.22 6.528 -59.828 -5.22 4.835461 -51.3809 -10.3098 4.715827 -50.3685 -10.352 6.528 -59.318
3 16 -15.308 6.528 -58.478 -15.2438 4.510671 -48.6936 -17.35459 4.350553 -47.6527
4 16 -10.352 6.528 -59.318 -12.25077 4.615442 -49.70962 -15.2438 4.510671 -48.6936 -15.308 6.528 -58.478
3 16 -10.352 6.528 -59.318 -10.352 4.713352 -50.35417 -12.25077 4.615442 -49.70962
3 16 -20 6.528 -57.32 -19.917 4.217378 -46.3891 -20 4.209999 -46.33364
4 16 -15.308 6.528 -58.478 -17.35459 4.350553 -47.6527 -19.917 4.217378 -46.3891 -20 6.528 -57.32
3 16 -24.352 6.528 -55.868 -24.2494 3.827189 -43.4943 -24.352 3.815054 -43.40432
4 16 -20 6.528 -57.32 -22.22611 3.97452 -44.84621 -24.2494 3.827189 -43.4943 -24.352 6.528 -55.868
3 16 -20 6.528 -57.32 -20 4.209999 -46.33364 -22.22611 3.97452 -44.84621
3 16 -28.284 6.528 -54.142 -28.1668 3.331015 -40.0587 -28.284 3.312426 -39.92506
4 16 -24.352 6.528 -55.868 -26.76038 3.470359 -41.29214 -28.1668 3.331015 -40.0587 -28.284 6.528 -54.142
3 16 -24.352 6.528 -55.868 -24.352 3.815054 -43.40432 -26.76038 3.470359 -41.29214
3 16 -31.736 6.528 -52.176 -31.6024 2.714217 -36.1413 -31.736 2.684897 -35.94135
4 16 -28.284 6.528 -54.142 -30.85106 2.815723 -36.998 -31.6024 2.714217 -36.1413 -31.736 6.528 -52.176
3 16 -28.284 6.528 -54.142 -28.284 3.312426 -39.92506 -30.85106 2.815723 -36.998
3 16 -34.4972 1.960794 -31.8089 -34.64 1.915223 -31.51932 -34.64 1.944276 -31.63572
3 16 -34.64 6.528 -50 -34.4972 1.960794 -31.8089 -34.64 1.944276 -31.63572
4 16 -31.736 6.528 -52.176 -34.38019 1.98262 -31.98402 -34.4972 1.960794 -31.8089 -34.64 6.528 -50
3 16 -31.736 6.528 -52.176 -31.736 2.684897 -35.94135 -34.38019 1.98262 -31.98402
4 16 -36.956 1.536 -28.827 -34.64 1.944276 -31.63572 -34.64 1.915223 -31.51932 -35.63865 1.536 -29.49421
3 16 -34.64 6.528 -50 -34.64 1.944276 -31.63572 -36.956 1.536 -28.827
3 16 -36.956 1.536 -28.827 -36.8017 1.382577 -27.1357 -36.956 1.349941 -26.68116
3 16 -36.956 1.536 -28.827 -35.63865 1.536 -29.49421 -36.8017 1.382577 -27.1357
4 16 -38.636 1.536 -27.588 -36.956 1.536 -28.827 -36.956 1.349941 -26.68116 -38.11019 1.128938 -23.28108
3 16 -40 1.5403 -25.6593 -39.63201 0.4143922 -14.74501 -40 0 -10
3 16 -40 1.5403 -25.6593 -39.15601 0.9504202 -20.88281 -39.63201 0.4143922 -14.74501
3 16 -38.636 1.536 -27.588 -39.15601 0.9504202 -20.88281 -40 1.5403 -25.6593
3 16 -40 0 -10 -39.63201 .4143922 -14.74501 -39 .07733246 -11.25723
3 16 -39 .07733246 -11.25723 -39.63201 .4143922 -14.74501 -39.15601 .9504202 -20.88281
3 16 -39.15601 .9504202 -20.88281 -39 .8652392 -19.9999 -39 .07733246 -11.25723
4 16 -38.636 1.536 -27.588 -38.4766 1.044842 -22.2017 -39 0.8652392 -19.9999 -39.15601 0.9504202 -20.88281
3 16 -38.636 1.536 -27.588 -38.11019 1.128938 -23.28108 -38.4766 1.044842 -22.2017
3 16 -20 0 -10 -21 .05249879 -10.85357 -21 .06150427 -11
3 16 -20 0 -10 -21 0.06150427 -11 -18 0.0615 -11
3 16 -39 .07733246 -11.25723 -39 0 -10 -40 0 -10
3 16 -20 0 -10 -21 0 -10 -21 .05249879 -10.85357
4 16 -20 0 10 -40 0 10 -39 0 9 -21 0 9
4 16 -39 0 4 -39 0 9 -40 0 10 -40 0 -10
3 16 -40 0 -10 -39 0 -10 -39 0 4
3 16 -20 0 -10 -21 0 4 -21 0 -10
4 16 -20 0 -10 -20 0 10 -21 0 9 -21 0 4
4 16 20 0 -10 -20 0 -10 -18 .0615 -11 18 .0615 -11
3 16 18.0407 3.572367 -43.7895 18.07048 3.588891 -43.86606 16.33 13.17 -32.84
