0 Windscreen  6 x  4 x  1.333 Curved with Bugatti "Chiron" Roof Pattern (Needs work)
0 Name: 18973p06.dat
0 Author: Massimo Maso [Sirio]
0 !LDRAW_ORG Unofficial_Part
0 !LICENSE Redistributable under CCAL version 2.0 : see CAreadme.txt

0 BFC CERTIFY CCW

0 // Needs Work: the drawing is complete but it may not correspond perfectly to the physical part.
0 // It is based only on photos, it has not yet been possible to compare it with a real component.

1 16 0 0 0 1 0 0 0 1 0 0 0 1 s\18973s01.dat

0 // Left side
4 16 0 14.016 -85 0 24 -110 5.22 24 -109.656 5.22 14.016 -84.742
4 16 0 6.528 -60 0 14.016 -85 5.22 14.016 -84.742 5.22 6.528 -59.828
3 16 10.352 24 -108.636 10.352 14.016 -83.977 5.22 24 -109.656
3 16 5.22 14.016 -84.742 5.22 24 -109.656 10.352 14.016 -83.977
4 16 10.352 6.528 -59.318 5.22 6.528 -59.828 5.22 14.016 -84.742 10.352 14.016 -83.977
4 16 15.308 14.016 -82.717 10.352 24 -108.636 15.308 24 -106.956 20 14.016 -80.98
3 16 15.308 14.016 -82.717 10.352 14.016 -83.977 10.352 24 -108.636
4 16 15.308 6.528 -58.478 10.352 14.016 -83.977 15.308 14.016 -82.717 20 6.528 -57.32
3 16 10.352 14.016 -83.977 15.308 6.528 -58.478 10.352 6.528 -59.318
4 16 20 14.016 -80.98 15.308 24 -106.956 20 24 -104.64 24.352 14.016 -78.802
4 16 20 6.528 -57.32 15.308 14.016 -82.717 20 14.016 -80.98 24.352 6.528 -55.868
4 16 24.352 14.016 -78.802 20 24 -104.64 24.352 24 -101.736 28.284 14.016 -76.213
3 16 20 14.016 -80.98 24.352 14.016 -78.802 24.352 6.528 -55.868
4 16 28.284 14.016 -76.213 24.352 24 -101.736 28.284 24 -98.284 31.736 14.016 -73.264
3 16 24.352 14.016 -78.802 28.284 14.016 -76.213 28.284 6.528 -54.142
3 16 28.284 6.528 -54.142 24.352 6.528 -55.868 24.352 14.016 -78.802
4 16 31.736 14.016 -73.264 28.284 24 -98.284 31.736 24 -94.352 34.64 14.016 -70
3 16 31.736 14.016 -73.264 31.736 6.528 -52.176 28.284 14.016 -76.213
3 16 28.284 6.528 -54.142 28.284 14.016 -76.213 31.736 6.528 -52.176
4 16 34.64 14.016 -70 31.736 24 -94.352 34.64 24 -90 36.956 14.016 -66.481
3 16 36.956 14.016 -66.481 34.64 24 -90 36.956 24 -85.308
3 16 39.656 24 -75.22 40 24 -70 40 13.6299 -55.922
0 // Right side
4 16 -5.22 14.016 -84.742 -5.22 24 -109.656 0 24 -110 0 14.016 -85
4 16 -5.22 6.528 -59.828 -5.22 14.016 -84.742 0 14.016 -85 0 6.528 -60
3 16 -10.352 24 -108.636 -5.22 24 -109.656 -10.352 14.016 -83.977
3 16 -5.22 14.016 -84.742 -10.352 14.016 -83.977 -5.22 24 -109.656
4 16 -10.352 14.016 -83.977 -5.22 14.016 -84.742 -5.22 6.528 -59.828 -10.352 6.528 -59.318
4 16 -15.308 24 -106.956 -10.352 24 -108.636 -15.308 14.016 -82.717 -20 14.016 -80.98
3 16 -10.352 24 -108.636 -10.352 14.016 -83.977 -15.308 14.016 -82.717
4 16 -15.308 14.016 -82.717 -10.352 14.016 -83.977 -15.308 6.528 -58.478 -20 6.528 -57.32
3 16 -15.308 6.528 -58.478 -10.352 14.016 -83.977 -10.352 6.528 -59.318
4 16 -20 24 -104.64 -15.308 24 -106.956 -20 14.016 -80.98 -24.352 14.016 -78.802
4 16 -20 14.016 -80.98 -15.308 14.016 -82.717 -20 6.528 -57.32 -24.352 6.528 -55.868
4 16 -24.352 24 -101.736 -20 24 -104.64 -24.352 14.016 -78.802 -28.284 14.016 -76.213
3 16 -24.352 6.528 -55.868 -24.352 14.016 -78.802 -20 14.016 -80.98
4 16 -28.284 24 -98.284 -24.352 24 -101.736 -28.284 14.016 -76.213 -31.736 14.016 -73.264
3 16 -28.284 6.528 -54.142 -28.284 14.016 -76.213 -24.352 14.016 -78.802
3 16 -24.352 14.016 -78.802 -24.352 6.528 -55.868 -28.284 6.528 -54.142
4 16 -31.736 24 -94.352 -28.284 24 -98.284 -31.736 14.016 -73.264 -34.64 14.016 -70
3 16 -31.736 14.016 -73.264 -28.284 14.016 -76.213 -31.736 6.528 -52.176
3 16 -28.284 6.528 -54.142 -31.736 6.528 -52.176 -28.284 14.016 -76.213
4 16 -34.64 24 -90 -31.736 24 -94.352 -34.64 14.016 -70 -36.956 14.016 -66.481
3 16 -34.64 24 -90 -36.956 14.016 -66.481 -36.956 24 -85.308
3 16 -40 13.6299 -55.922 -40 24 -70 -39.656 24 -75.22
0 // Modified faces
0 // White faces
3 15 0 .615 -20 1 .0615 -11 -1 .0615 -11
3 15 -1 .6119436 -19.9503 0 .615 -20 -1 .0615 -11
3 15 0 .615 -20 1 .6119436 -19.9503 1 .0615 -11
3 15 -1 .6119436 -19.9503 -1 .6150639 -20 0 .615 -20
3 15 0 .615 -20 1 .6150639 -20 1 .6119436 -19.9503
3 15 -1 .6150639 -20 -.9119 .7758879 -22.6053 0 .615 -20
3 15 0 .615 -20 .9119 .7758879 -22.6053 1 .6150639 -20
4 15 0 0.615 -20 -0.9119 0.7758879 -22.6053 -0.7497 1.075749 -27.4917 0 1.536 -35
4 15 0 1.536 -35 0.7497 1.075749 -27.4917 0.9119 0.7758879 -22.6053 0 0.615 -20
4 15 -30.5 0 9 -30.5 0 -10 -29.5 0 -10 -29.5 0 9
4 15 29.5 0 9 29.5 0 -10 30.5 0 -10 30.5 0 9
4 15 -30.5 0 -10 -30.5 .3839171 -16.242 -29.5 .4069241 -16.6161 -29.5 0 -10
4 15 29.5 0 -10 29.5 .4069241 -16.6161 30.5 .3839171 -16.242 30.5 0 -10
4 15 -30.5 0.3839171 -16.242 -30.5 0.8187983 -21.5787 -29.5 0.6455562 -19.5445 -29.5 0.4069241 -16.6161
4 15 29.5 0.4069241 -16.6161 29.5 0.6455562 -19.5445 30.5 0.8187983 -21.5787 30.5 0.3839171 -16.242
4 15 -30.5 0.8187983 -21.5787 -30.5 1.14175 -26.0692 -29.5 0.8227714 -22.0086 -29.5 0.6455562 -19.5445
4 15 29.5 0.6455562 -19.5445 29.5 0.8227714 -22.0086 30.5 1.14175 -26.0692 30.5 0.8187983 -21.5787
4 15 -30.5 1.14175 -26.0692 -30.5 1.536008 -31.44 -29.5 1.535993 -31.7247 -29.5 0.8227714 -22.0086
4 15 29.5 0.8227714 -22.0086 29.5 1.535993 -31.7247 30.5 1.536008 -31.44 30.5 1.14175 -26.0692
4 15 -30.5 1.536008 -31.44 -30.5 2.515929 -35.7725 -29.9134 2.389508 -35.3806 -29.5 1.535993 -31.7247
4 15 29.5 1.535993 -31.7247 29.9134 2.389508 -35.3806 30.5 2.515929 -35.7725 30.5 1.536008 -31.44
3 15 -29.5 1.535993 -31.7247 -29.9134 2.389508 -35.3806 -29.5 2.34429 -35.2984
3 15 29.5 2.34429 -35.2984 29.9134 2.389508 -35.3806 29.5 1.535993 -31.7247
0 // Black faces
4 0 -39 0 -10 -30.5 0 -10 -30.5 0 9 -39 0 9
4 0 -29.5 0 -10 -21 0 -10 -21 0 9 -29.5 0 9
4 0 29.5 0 9 21 0 9 21 0 -10 29.5 0 -10
4 0 39 0 9 30.5 0 9 30.5 0 -10 39 0 -10
3 0 -39 0 -10 -39 .07732999 -11.2572 -30.5 0 -10
3 0 30.5 0 -10 39 .07732999 -11.2572 39 0 -10
3 0 -29.5 0 -10 -21 .06150448 -11 -21 0 -10
3 0 21 0 -10 21 .06150427 -11 29.5 0 -10
3 0 -39 .07732999 -11.2572 -36.956 .2354 -13.827 -30.5 0 -10
3 0 -36.956 .2354 -13.827 -30.5 .3839171 -16.242 -30.5 0 -10
4 0 -29.5 0 -10 -29.5 .4069241 -16.6161 -28.284 .4349 -17.071 -21 .06150448 -11
4 0 -21 0.06150448 -11 -28.284 0.4349 -17.071 -15.308 0.5682 -19.239 -1 0.6119436 -19.9503
3 0 -1 .6119436 -19.9503 -1 .0615 -11 -21 .06150448 -11
3 0 1 .6119436 -19.9503 21 .06150427 -11 1 .0615 -11
4 0 1 0.6119436 -19.9503 15.308 0.5682 -19.239 28.284 0.4349 -17.071 21 0.06150427 -11
4 0 21 .06150427 -11 28.284 .4349 -17.071 29.5 .4069241 -16.6161 29.5 0 -10
3 0 36.956 .2354 -13.827 30.5 0 -10 30.5 .3839171 -16.242
3 0 30.5 0 -10 36.956 .2354 -13.827 39 .07732999 -11.2572
4 0 -39 .07732999 -11.2572 -39 1.126097 -22.8944 -38.636 1.536 -27.588 -36.956 .2354 -13.827
3 0 -39 1.537147 -27.0733 -38.636 1.536 -27.588 -39 1.126097 -22.8944
3 0 -36.956 1.536 -28.827 -36.956 0.2354 -13.827 -38.636 1.536 -27.588
3 0 -34.64 1.536 -30 -36.956 0.2354 -13.827 -36.956 1.536 -28.827
4 0 -36.956 0.2354 -13.827 -34.64 1.536 -30 -30.5 0.8187983 -21.5787 -30.5 0.3839171 -16.242
4 0 -30.5 0.8187983 -21.5787 -34.64 1.536 -30 -31.736 1.536 -31.088 -30.5 1.14175 -26.0692
3 0 -31.736 1.536 -31.088 -30.5 1.536008 -31.44 -30.5 1.14175 -26.0692
3 0 -29.5 0.6455562 -19.5445 -28.284 0.4349 -17.071 -29.5 0.4069241 -16.6161
3 0 -29.5 0.6455562 -19.5445 -29.5 0.8227714 -22.0086 -28.284 0.4349 -17.071
4 0 -28.284 0.4349 -17.071 -29.5 0.8227714 -22.0086 -29.5 1.535993 -31.7247 -28.284 1.536 -32.071
3 0 -28.284 1.536 -32.071 -24.352 1.536 -32.934 -28.284 0.4349 -17.071
4 0 -28.284 0.4349 -17.071 -24.352 1.536 -32.934 -20 1.536 -33.66 -15.308 0.5682 -19.239
3 0 -20 1.536 -33.66 -15.308 1.536 -34.239 -15.308 0.5682 -19.239
3 0 -15.308 1.536 -34.239 -10.352 1.536 -34.659 -15.308 0.5682 -19.239
4 0 -15.308 0.5682 -19.239 -10.352 1.536 -34.659 -5.22 1.536 -34.914 -1 0.6119436 -19.9503
3 0 -1 .6150639 -20 -1 .6119436 -19.9503 -5.22 1.536 -34.914
3 0 -5.22 1.536 -34.914 -.9119 .7758879 -22.6053 -1 .6150639 -20
3 0 -5.22 1.536 -34.914 -0.7497 1.075749 -27.4917 -0.9119 0.7758879 -22.6053
3 0 -5.22 1.536 -34.914 0 1.536 -35 -0.7497 1.075749 -27.4917
3 0 5.22 1.536 -34.914 0.7497 1.075749 -27.4917 0 1.536 -35
3 0 5.22 1.536 -34.914 0.9119 0.7758879 -22.6053 0.7497 1.075749 -27.4917
3 0 1 .6119436 -19.9503 1 .6150639 -20 5.22 1.536 -34.914
3 0 .9119 .7758879 -22.6053 5.22 1.536 -34.914 1 .6150639 -20
4 0 1 0.6119436 -19.9503 5.22 1.536 -34.914 10.352 1.536 -34.659 15.308 0.5682 -19.239
3 0 15.308 1.536 -34.239 15.308 0.5682 -19.239 10.352 1.536 -34.659
3 0 20 1.536 -33.66 15.308 0.5682 -19.239 15.308 1.536 -34.239
4 0 15.308 0.5682 -19.239 20 1.536 -33.66 24.352 1.536 -32.934 28.284 0.4349 -17.071
3 0 28.284 1.536 -32.071 28.284 0.4349 -17.071 24.352 1.536 -32.934
4 0 28.284 1.536 -32.071 29.5 1.535993 -31.7247 29.5 0.8227714 -22.0086 28.284 0.4349 -17.071
3 0 29.5 0.6455562 -19.5445 28.284 0.4349 -17.071 29.5 0.8227714 -22.0086
3 0 29.5 0.6455562 -19.5445 29.5 0.4069241 -16.6161 28.284 0.4349 -17.071
3 0 31.736 1.536 -31.088 30.5 1.14175 -26.0692 30.5 1.536008 -31.44
4 0 30.5 1.14175 -26.0692 31.736 1.536 -31.088 34.64 1.536 -30 30.5 0.8187983 -21.5787
4 0 30.5 0.3839171 -16.242 30.5 0.8187983 -21.5787 34.64 1.536 -30 36.956 0.2354 -13.827
3 0 34.64 1.536 -30 36.956 1.536 -28.827 36.956 0.2354 -13.827
3 0 36.956 1.536 -28.827 38.636 1.536 -27.588 36.956 0.2354 -13.827
3 0 39 1.537147 -27.0733 39 1.126097 -22.8944 38.636 1.536 -27.588
4 0 36.956 .2354 -13.827 38.636 1.536 -27.588 39 1.126097 -22.8944 39 .07732999 -11.2572
4 0 -39 1.537147 -27.0733 -39 5.196963 -39.9677 -36.956 6.528 -47.654 -38.636 1.536 -27.588
3 0 -39 6.415804 -44.0762 -38.636 6.528 -45.176 -39 5.196963 -39.9677
3 0 -38.636 6.528 -45.176 -36.956 6.528 -47.654 -39 5.196963 -39.9677
3 0 -36.956 6.528 -47.654 -36.956 1.536 -28.827 -38.636 1.536 -27.588
3 0 -36.956 6.528 -47.654 -34.64 6.528 -50 -36.956 1.536 -28.827
3 0 -34.64 6.528 -50 -33.6743 6.419372 -50.2884 -36.956 1.536 -28.827
3 0 -33.7497 6.527996 -50.6671 -33.6743 6.419372 -50.2884 -34.64 6.528 -50
3 0 -33.6743 6.419372 -50.2884 -33.1102 4.165662 -41.6818 -36.956 1.536 -28.827
3 0 -33.1102 4.165662 -41.6818 -33 3.757773 -40 -36.956 1.536 -28.827
3 0 -33 3.757773 -40 -32.6194 3.271073 -38.0866 -36.956 1.536 -28.827
4 0 -36.956 1.536 -28.827 -32.6194 3.271073 -38.0866 -31.736 2.879754 -36.7645 -31.736 1.536 -31.088
3 0 -31.736 2.879754 -36.7645 -31.5355 2.781706 -36.4645 -31.736 1.536 -31.088
3 0 -31.5355 2.781706 -36.4645 -30.9859 2.620661 -36.0972 -31.736 1.536 -31.088
4 0 -31.736 1.536 -31.088 -30.9859 2.620661 -36.0972 -30.5 2.515929 -35.7725 -30.5 1.536008 -31.44
4 0 -29.5 1.535993 -31.7247 -29.5 2.34429 -35.2984 -28.284 2.211258 -35.0565 -28.284 1.536 -32.071
3 0 -28.284 2.211258 -35.0565 -28 2.170282 -35 -28.284 1.536 -32.071
3 0 -28 2.170282 -35 -27.8 2.150425 -35 -28.284 1.536 -32.071
4 0 -28.284 1.536 -32.071 -27.8 2.150425 -35 -24.352 1.985702 -35 -24.352 1.536 -32.934
3 0 -24.352 1.985702 -35 -23.9833 1.958926 -35 -24.352 1.536 -32.934
4 0 -24.352 1.536 -32.934 -23.9833 1.958926 -35 -20 1.818725 -35 -20 1.536 -33.66
3 0 -20 1.818725 -35 -19.7467 1.805534 -35 -20 1.536 -33.66
4 0 -20 1.536 -33.66 -19.7467 1.805534 -35 -15.1576 1.687477 -35 -15.308 1.536 -34.239
4 0 -15.308 1.536 -34.239 -15.1576 1.687477 -35 -10.352 1.605032 -35 -10.352 1.536 -34.659
4 0 -10.352 1.536 -34.659 -10.352 1.605032 -35 -5.22 1.553232 -35 -5.22 1.536 -34.914
3 0 -5.22 1.553232 -35 0 1.536 -35 -5.22 1.536 -34.914
3 0 5.22 1.553232 -35 5.22 1.536 -34.914 0 1.536 -35
4 0 5.22 1.536 -34.914 5.22 1.553232 -35 10.352 1.605032 -35 10.352 1.536 -34.659
4 0 10.352 1.536 -34.659 10.352 1.605032 -35 15.1576 1.687477 -35 15.308 1.536 -34.239
4 0 15.308 1.536 -34.239 15.1576 1.687477 -35 19.7467 1.805534 -35 20 1.536 -33.66
3 0 20 1.818725 -35 20 1.536 -33.66 19.7467 1.805534 -35
4 0 20 1.536 -33.66 20 1.818725 -35 23.9833 1.958926 -35 24.352 1.536 -32.934
3 0 24.352 1.985702 -35 24.352 1.536 -32.934 23.9833 1.958926 -35
4 0 24.352 1.536 -32.934 24.352 1.985702 -35 27.8 2.150425 -35 28.284 1.536 -32.071
3 0 28 2.170282 -35 28.284 1.536 -32.071 27.8 2.150425 -35
3 0 28.284 2.211258 -35.0565 28.284 1.536 -32.071 28 2.170282 -35
4 0 28.284 1.536 -32.071 28.284 2.211258 -35.0565 29.5 2.34429 -35.2984 29.5 1.535993 -31.7247
4 0 30.5 1.536008 -31.44 30.5 2.515929 -35.7725 30.9859 2.620661 -36.0972 31.736 1.536 -31.088
3 0 31.5355 2.781706 -36.4645 31.736 1.536 -31.088 30.9859 2.620661 -36.0972
3 0 31.736 2.879754 -36.7645 31.736 1.536 -31.088 31.5355 2.781706 -36.4645
4 0 31.736 1.536 -31.088 31.736 2.879754 -36.7645 32.6194 3.271073 -38.0866 36.956 1.536 -28.827
3 0 33 3.757773 -40 36.956 1.536 -28.827 32.6194 3.271073 -38.0866
3 0 33.1102 4.165662 -41.6818 36.956 1.536 -28.827 33 3.757773 -40
3 0 33.6743 6.419372 -50.2884 36.956 1.536 -28.827 33.1102 4.165662 -41.6818
3 0 33.7497 6.527996 -50.6671 34.64 6.528 -50 33.6743 6.419372 -50.2884
3 0 34.64 6.528 -50 36.956 1.536 -28.827 33.6743 6.419372 -50.2884
3 0 36.956 6.528 -47.654 36.956 1.536 -28.827 34.64 6.528 -50
3 0 36.956 6.528 -47.654 38.636 1.536 -27.588 36.956 1.536 -28.827
3 0 38.636 6.528 -45.176 39 5.196963 -39.9677 36.956 6.528 -47.654
3 0 39 6.415804 -44.0762 39 5.196963 -39.9677 38.636 6.528 -45.176
4 0 38.636 1.536 -27.588 36.956 6.528 -47.654 39 5.196963 -39.9677 39 1.537147 -27.0733
4 0 -39 6.415804 -44.0762 -39 11.90553 -56.9706 -38.636 14.016 -62.764 -38.636 6.528 -45.176
3 0 -39 13.91295 -60.9381 -38.636 14.016 -62.764 -39 11.90553 -56.9706
4 0 -38.636 6.528 -45.176 -38.636 14.016 -62.764 -37.4093 14.01596 -65.478 -37.1056 13.34904 -64.5834
3 0 -37.1056 13.34904 -64.5834 -35.6858 10.8301 -60.4007 -38.636 6.528 -45.176
3 0 -35.6858 10.8301 -60.4007 -35.6523 10.74296 -60.2325 -38.636 6.528 -45.176
3 0 -35.6523 10.74296 -60.2325 -36.956 6.528 -47.654 -38.636 6.528 -45.176
4 0 -36.956 6.528 -47.654 -35.6523 10.74296 -60.2325 -34.64 8.453577 -55.1431 -34.64 6.528 -50
3 0 -34.64 8.453577 -55.1431 -34.2455 7.545093 -53.16 -34.64 6.528 -50
3 0 -34.2455 7.545093 -53.16 -33.7497 6.527996 -50.6671 -34.64 6.528 -50
3 0 34.2455 7.545093 -53.16 34.64 6.528 -50 33.7497 6.527996 -50.6671
3 0 34.64 8.453577 -55.1431 34.64 6.528 -50 34.2455 7.545093 -53.16
4 0 34.64 6.528 -50 34.64 8.453577 -55.1431 35.6523 10.74296 -60.2325 36.956 6.528 -47.654
3 0 35.6523 10.74296 -60.2325 38.636 6.528 -45.176 36.956 6.528 -47.654
3 0 35.6858 10.8301 -60.4007 38.636 6.528 -45.176 35.6523 10.74296 -60.2325
3 0 37.1056 13.34904 -64.5834 38.636 6.528 -45.176 35.6858 10.8301 -60.4007
4 0 37.1056 13.34904 -64.5834 37.4093 14.01596 -65.478 38.636 14.016 -62.764 38.636 6.528 -45.176
3 0 39 13.91295 -60.9381 39 11.90553 -56.9706 38.636 14.016 -62.764
4 0 38.636 6.528 -45.176 38.636 14.016 -62.764 39 11.90553 -56.9706 39 6.415804 -44.0762
3 0 -39 19.15012 -70.164 -38.636 17.60798 -69.0917 -39 13.91295 -60.9381
3 0 -38.636 17.60798 -69.0917 -38.636 14.016 -62.764 -39 13.91295 -60.9381
3 0 -38.636 17.60798 -69.0917 -38.2493 16.31385 -67.9527 -38.636 14.016 -62.764
3 0 -38.2493 16.31385 -67.9527 -37.4093 14.01596 -65.478 -38.636 14.016 -62.764
3 0 38.2493 16.31385 -67.9527 38.636 14.016 -62.764 37.4093 14.01596 -65.478
3 0 38.636 17.60798 -69.0917 38.636 14.016 -62.764 38.2493 16.31385 -67.9527
3 0 38.636 17.60798 -69.0917 39 13.91295 -60.9381 38.636 14.016 -62.764
3 0 39 19.15012 -70.164 39 13.91295 -60.9381 38.636 17.60798 -69.0917
0 // Neutral faces
3 16 -30.5 0 9 -40 0 10 -39 0 9
4 16 -40 0 10 -30.5 0 9 -29.5 0 9 -20 0 10
3 16 -21 0 9 -20 0 10 -29.5 0 9
4 16 -20 0 10 -21 0 9 -21 0 -10 -20 0 -10
3 16 -20 0 -10 -21 0 -10 -21 0.06150448 -11
3 16 -1 .0615 -11 -20 0 -10 -21 .06150448 -11
4 16 -20 0 -10 -1 .0615 -11 1 .0615 -11 20 0 -10
3 16 20 0 -10 1 .0615 -11 21 .06150427 -11
3 16 21 0 -10 20 0 -10 21 0.06150427 -11
4 16 20 0 -10 21 0 -10 21 0 9 20 0 10
3 16 20 0 10 21 0 9 29.5 0 9
4 16 20 0 10 29.5 0 9 30.5 0 9 40 0 10
3 16 40 0 10 30.5 0 9 39 0 9
4 16 -40 0 10 -40 0 -10 -39 0 -10 -39 0 9
4 16 39 0 9 39 0 -10 40 0 -10 40 0 10
3 16 -39 0 -10 -40 0 -10 -39 .07732999 -11.2572
3 16 40 0 -10 39 0 -10 39 .07732999 -11.2572
3 16 40 0 -10 39 .07732999 -11.2572 39 1.126097 -22.8944
3 16 -39 .07732999 -11.2572 -40 0 -10 -39 1.126097 -22.8944
4 16 -40 0 -10 -40 1.5403 -25.6593 -39 1.537147 -27.0733 -39 1.126097 -22.8944
4 16 39 1.126097 -22.8944 39 1.537147 -27.0733 40 1.5403 -25.6593 40 0 -10
3 16 -39 1.537147 -27.0733 -40 1.5403 -25.6593 -39 5.196963 -39.9677
3 16 40 1.5403 -25.6593 39 1.537147 -27.0733 39 5.196963 -39.9677
4 16 -40 1.5403 -25.6593 -40 6.1075 -41.0546 -39 6.415804 -44.0762 -39 5.196963 -39.9677
3 16 -31.736 6.528 -52.176 -33.6743 6.419372 -50.2884 -33.7497 6.527996 -50.6671
3 16 -31.736 6.528 -52.176 -33.1102 4.165662 -41.6818 -33.6743 6.419372 -50.2884
3 16 -31.736 6.528 -52.176 -33 3.757773 -40 -33.1102 4.165662 -41.6818
4 16 -31.736 2.879754 -36.7645 -32.6194 3.271073 -38.0866 -33 3.757773 -40 -31.736 6.528 -52.176
4 16 -31.5355 2.781706 -36.4645 -31.736 2.879754 -36.7645 -31.736 6.528 -52.176 -28.284 6.528 -54.142
3 16 -28.284 6.528 -54.142 -30.9859 2.620661 -36.0972 -31.5355 2.781706 -36.4645
3 16 -28.284 6.528 -54.142 -30.5 2.515929 -35.7725 -30.9859 2.620661 -36.0972
4 16 -29.5 2.34429 -35.2984 -29.9134 2.389508 -35.3806 -30.5 2.515929 -35.7725 -28.284 6.528 -54.142
3 16 -28.284 6.528 -54.142 -28.284 2.211258 -35.0565 -29.5 2.34429 -35.2984
4 16 -28 2.170282 -35 -28.284 2.211258 -35.0565 -28.284 6.528 -54.142 -24.352 6.528 -55.868
3 16 -27.8 2.150425 -35 -28 2.170282 -35 -24.352 6.528 -55.868
3 16 -24.352 1.985702 -35 -27.8 2.150425 -35 -24.352 6.528 -55.868
4 16 -24.352 1.985702 -35 -24.352 6.528 -55.868 -20 6.528 -57.32 -23.9833 1.958926 -35
3 16 -20 1.818725 -35 -23.9833 1.958926 -35 -20 6.528 -57.32
4 16 -20 1.818725 -35 -20 6.528 -57.32 -15.308 6.528 -58.478 -19.7467 1.805534 -35
4 16 -19.7467 1.805534 -35 -15.308 6.528 -58.478 -10.352 6.528 -59.318 -15.158 1.687491 -35
3 16 -10.352 1.605032 -35 -15.158 1.687491 -35 -10.352 6.528 -59.318
4 16 -10.352 1.605032 -35 -10.352 6.528 -59.318 -5.22 6.528 -59.828 -5.22 1.553232 -35
4 16 -5.22 1.553232 -35 -5.22 6.528 -59.828 0 6.528 -60 0 1.536 -35
4 16 0 1.536 -35 0 6.528 -60 5.22 6.528 -59.828 5.22 1.553232 -35
4 16 5.22 1.553232 -35 5.22 6.528 -59.828 10.352 6.528 -59.318 10.352 1.605032 -35
3 16 15.158 1.687491 -35 10.352 1.605032 -35 10.352 6.528 -59.318
4 16 15.158 1.687491 -35 10.352 6.528 -59.318 15.308 6.528 -58.478 19.7467 1.805534 -35
4 16 19.7467 1.805534 -35 15.308 6.528 -58.478 20 6.528 -57.32 20 1.818725 -35
3 16 23.9833 1.958926 -35 20 1.818725 -35 20 6.528 -57.32
4 16 23.9833 1.958926 -35 20 6.528 -57.32 24.352 6.528 -55.868 24.352 1.985702 -35
3 16 27.8 2.150425 -35 24.352 1.985702 -35 24.352 6.528 -55.868
3 16 28 2.170282 -35 27.8 2.150425 -35 24.352 6.528 -55.868
4 16 24.352 6.528 -55.868 28.284 6.528 -54.142 28.284 2.211258 -35.0565 28 2.170282 -35
3 16 28.284 2.211258 -35.0565 28.284 6.528 -54.142 29.5 2.34429 -35.2984
4 16 28.284 6.528 -54.142 30.5 2.515929 -35.7725 29.9134 2.389508 -35.3806 29.5 2.34429 -35.2984
3 16 30.5 2.515929 -35.7725 28.284 6.528 -54.142 30.9859 2.620661 -36.0972
3 16 30.9859 2.620661 -36.0972 28.284 6.528 -54.142 31.5355 2.781706 -36.4645
4 16 28.284 6.528 -54.142 31.736 6.528 -52.176 31.736 2.879754 -36.7645 31.5355 2.781706 -36.4645
4 16 31.736 6.528 -52.176 33 3.757773 -40 32.6194 3.271073 -38.0866 31.736 2.879754 -36.7645
3 16 33 3.757773 -40 31.736 6.528 -52.176 33.1102 4.165662 -41.6818
3 16 33.1102 4.165662 -41.6818 31.736 6.528 -52.176 33.6743 6.419372 -50.2884
3 16 33.6743 6.419372 -50.2884 31.736 6.528 -52.176 33.7497 6.527996 -50.6671
4 16 39 5.196963 -39.9677 39 6.415804 -44.0762 40 6.1075 -41.0546 40 1.5403 -25.6593
3 16 -39 6.415804 -44.0762 -40 6.1075 -41.0546 -39 11.90553 -56.9706
4 16 -40 6.1075 -41.0546 -40 13.6299 -55.922 -39 13.91295 -60.9381 -39 11.90553 -56.9706
3 16 -36.956 14.016 -66.481 -37.1056 13.34904 -64.5834 -37.4093 14.01596 -65.478
4 16 -35.6858 10.8301 -60.4007 -37.1056 13.34904 -64.5834 -36.956 14.016 -66.481 -34.64 14.016 -70
3 16 -34.64 14.016 -70 -35.6523 10.74296 -60.2325 -35.6858 10.8301 -60.4007
3 16 -34.64 14.016 -70 -34.64 8.453577 -55.1431 -35.6523 10.74296 -60.2325
4 16 -34.2455 7.545093 -53.16 -34.64 8.453577 -55.1431 -34.64 14.016 -70 -31.736 14.016 -73.264
4 16 -33.7497 6.527996 -50.6671 -34.2455 7.545093 -53.16 -31.736 14.016 -73.264 -31.736 6.528 -52.176
4 16 31.736 6.528 -52.176 31.736 14.016 -73.264 34.2455 7.545093 -53.16 33.7497 6.527996 -50.6671
4 16 31.736 14.016 -73.264 34.64 14.016 -70 34.64 8.453577 -55.1431 34.2455 7.545093 -53.16
3 16 34.64 8.453577 -55.1431 34.64 14.016 -70 35.6523 10.74296 -60.2325
3 16 35.6523 10.74296 -60.2325 34.64 14.016 -70 35.6858 10.8301 -60.4007
4 16 34.64 14.016 -70 36.956 14.016 -66.481 37.1056 13.34904 -64.5834 35.6858 10.8301 -60.4007
3 16 37.1056 13.34904 -64.5834 36.956 14.016 -66.481 37.4093 14.01596 -65.478
3 16 40 6.1075 -41.0546 39 6.415804 -44.0762 39 11.90553 -56.9706
4 16 39 11.90553 -56.9706 39 13.91295 -60.9381 40 13.6299 -55.922 40 6.1075 -41.0546
4 16 -40 13.6299 -55.922 -39.656 24 -75.22 -38.636 24 -80.352 -39 19.15012 -70.164
3 16 -39 19.15012 -70.164 -39 13.91295 -60.9381 -40 13.6299 -55.922
3 16 -39 19.15012 -70.164 -38.636 24 -80.352 -38.636 17.60798 -69.0917
3 16 39 13.91295 -60.9381 39 19.15012 -70.164 40 13.6299 -55.922
4 16 -38.2493 16.31385 -67.9527 -38.636 17.60798 -69.0917 -38.636 24 -80.352 -36.956 24 -85.308
4 16 -37.4093 14.01596 -65.478 -38.2493 16.31385 -67.9527 -36.956 24 -85.308 -36.956 14.016 -66.481
3 16 38.636 24 -80.352 39 19.15012 -70.164 38.636 17.60798 -69.0917
4 16 36.956 24 -85.308 38.636 24 -80.352 38.636 17.60798 -69.0917 38.2493 16.31385 -67.9527
4 16 36.956 14.016 -66.481 36.956 24 -85.308 38.2493 16.31385 -67.9527 37.4093 14.01596 -65.478
4 16 38.636 24 -80.352 39.656 24 -75.22 40 13.6299 -55.922 39 19.15012 -70.164
