0 Minifig Helmet SW Stormtrooper Ep.  8 with Pointed Mouth Pattern
0 Name: 20904ps0.dat
0 Author: Ulrich Röder [UR]
0 !LDRAW_ORG Unofficial_Part
0 !LICENSE Redistributable under CCAL version 2.0 : see CAreadme.txt

0 BFC CERTIFY CCW

0 !CATEGORY Minifig Headwear
0 !KEYWORDS Set 75225, Set 75190, Set 75166 Bricklink 20904pb05
0 !CMDLINE -c15
0 !HISTORY 2019-03-03 [UR] File 20904 preparation for LDraw Parts Tracker



0 // Main
1 16 0 0 0 1 0 0 0 1 0 0 0 1 s\20904s00.dat
1 16 0 0 0 1 0 0 0 1 0 0 0 1 s\20904ps0s01.dat
1 16 0 0 0 -1 0 0 0 1 0 0 0 1 s\20904ps0s01.dat
1 16 0 0 0 1 0 0 0 1 0 0 0 1 s\20904ps0s02.dat
3 16 -12.808 24.725 -15.221 -11.547 22.519 -16.607 -11.903 22.642 -16.22
3 16 -12.808 24.725 -15.221 -12.03 25.196 -16.268 -11.547 22.519 -16.607
4 16 -13.694 20.92 -14.063 -13.618 21.471 -14.222 -11.813 22.383 -16.3 -11.755 22.358 -16.358
4 16 -11.917 22.424 -16.206 -11.813 22.383 -16.3 -13.618 21.471 -14.222 -13.774 21.948 -14.196
3 16 -11.755 22.358 -16.358 -9.317 21.608 -18.017 -13.694 20.92 -14.063
3 16 -9.223 21.847 -18.211 -12.03 25.196 -16.268 -5.978 20.91 -20.449
3 16 -13.694 20.92 -14.063 -9.317 21.608 -18.017 -6.699 20.911 -19.852
3 16 -12.695 22.702 -15.361 -12.808 24.725 -15.221 -11.903 22.642 -16.22
3 16 -13.774 21.948 -14.196 -12.683 22.479 -15.375 -11.917 22.424 -16.206
4 16 -13.044 22.395 -14.985 -12.683 22.479 -15.375 -13.774 21.948 -14.196 -13.3 22.28 -14.708
3 16 -13.774 21.948 -14.196 -13.695 22.086 -14.281 -13.3 22.28 -14.708
3 16 -11.547 22.519 -16.607 -12.03 25.196 -16.268 -9.223 21.847 -18.211
3 16 -10.335 26.041 -17.714 -5.978 20.91 -20.449 -12.03 25.196 -16.268

0 // Metallic Silver
4 80 -12.695 22.702 -15.361 -11.903 22.642 -16.22 -11.917 22.424 -16.206 -12.683 22.479 -15.375
4 80 -6.699 20.911 -19.852 -9.317 21.608 -18.017 -9.223 21.847 -18.211 -5.978 20.91 -20.449
4 80 -11.755 22.358 -16.358 -11.547 22.519 -16.607 -9.223 21.847 -18.211 -9.317 21.608 -18.017
3 80 -11.917 22.424 -16.206 -11.903 22.642 -16.22 -11.547 22.519 -16.607
3 80 -11.917 22.424 -16.206 -11.547 22.519 -16.607 -11.813 22.383 -16.3
3 80 -11.755 22.358 -16.358 -11.813 22.383 -16.3 -11.547 22.519 -16.607
