0 ~Electric Motor Unit  6 x 18 x  4 - Bottom
0 Name: 23324.dat
0 Author: Chris Dee [cwdee]
0 !LDRAW_ORG Unofficial_Part
0 !LICENSE Redistributable under CCAL version 2.0 : see CAreadme.txt

0 BFC CERTIFY CW

0 !HELP uncomment for batteries
0 // 1 16 0 -31 37 -1 0 0 0 0 -1 0 -1 0 u9284.dat
0 // 1 16 0 -31 0 1 0 0 0 0 -1 0 1 0 u9284.dat
0 // 1 16 0 -31 -37 -1 0 0 0 0 -1 0 -1 0 u9284.dat

1 16 0 0 0 1 0 0 0 1 0 0 0 1 s\23324s01.dat
1 16 0 0 0 1 0 0 0 1 0 0 0 -1 s\23324s01.dat
1 16 0 0 0 -1 0 0 0 1 0 0 0 1 s\23324s01.dat
1 16 0 0 0 -1 0 0 0 1 0 0 0 -1 s\23324s01.dat
1 16 0 0 0 1 0 0 0 1 0 0 0 1 s\23324s02.dat
1 16 0 0 0 -1 0 0 0 1 0 0 0 1 s\23324s02.dat

2 24 -2 -40 -60 -2 -8 -60
2 24 -2 -40 -59 -2 -8 -59
2 24 2 -40 -59 2 -8 -59
2 24 2 -40 -60 2 -8 -60
4 16 -2 -40 -59 -2 -8 -59 -2 -8 -60 -2 -40 -60
4 16 -2 -8 -59 -2 -40 -59 2 -40 -59 2 -8 -59
4 16 2 -40 -60 2 -8 -60 2 -8 -59 2 -40 -59
2 24 -2 -40 -60 -2 -40 -59
2 24 -2 -40 -59 2 -40 -59
2 24 2 -40 -59 2 -40 -60
4 16 -2 -40 -56 2 -40 -56 2 -40 -59 -2 -40 -59
2 24 -2 -40 60 -2 -8 60
2 24 -2 -40 59 -2 -8 59
2 24 2 -40 59 2 -8 59
2 24 2 -40 60 2 -8 60
4 16 -2 -40 60 -2 -8 60 -2 -8 59 -2 -40 59
4 16 -2 -40 59 -2 -8 59 2 -8 59 2 -40 59
4 16 2 -40 59 2 -8 59 2 -8 60 2 -40 60
2 24 -2 -40 60 -2 -40 59
2 24 -2 -40 59 2 -40 59
2 24 2 -40 59 2 -40 60
4 16 -2 -40 59 2 -40 59 2 -40 56 -2 -40 56

2 24 80 -8 -60 32 -8 -60
2 24 32 -8 -60 32 -8 -59
2 24 32 -8 -59 28 -8 -59
2 24 28 -8 -59 28 -8 -60
2 24 28 -8 -60 22 -8 -60
2 24 22 -8 -60 22 -8 -59
2 24 22 -8 -59 18 -8 -59
2 24 18 -8 -59 18 -8 -60
2 24 18 -8 -60 12 -8 -60
2 24 12 -8 -60 12 -8 -59
2 24 12 -8 -59 8 -8 -59
2 24 8 -8 -59 8 -8 -60
2 24 8 -8 -60 2 -8 -60
2 24 2 -8 -60 2 -8 -59
2 24 2 -8 -59 -2 -8 -59
2 24 -2 -8 -59 -2 -8 -60
2 24 -2 -8 -60 -8 -8 -60
2 24 -8 -8 -60 -8 -8 -59
2 24 -8 -8 -59 -12 -8 -59
2 24 -12 -8 -59 -12 -8 -60
2 24 -12 -8 -60 -18 -8 -60
2 24 -18 -8 -60 -18 -8 -59
2 24 -18 -8 -59 -22 -8 -59
2 24 -22 -8 -59 -22 -8 -60
2 24 -22 -8 -60 -28 -8 -60
2 24 -28 -8 -60 -28 -8 -59
2 24 -28 -8 -59 -32 -8 -59
2 24 -32 -8 -59 -32 -8 -60
2 24 -32 -8 -60 -80 -8 -60

2 24 80 -8 60 32 -8 60
2 24 32 -8 60 32 -8 59
2 24 32 -8 59 28 -8 59
2 24 28 -8 59 28 -8 60
2 24 28 -8 60 22 -8 60
2 24 22 -8 60 22 -8 59
2 24 22 -8 59 18 -8 59
2 24 18 -8 59 18 -8 60
2 24 18 -8 60 12 -8 60
2 24 12 -8 60 12 -8 59
2 24 12 -8 59 8 -8 59
2 24 8 -8 59 8 -8 60
2 24 8 -8 60 2 -8 60
2 24 2 -8 60 2 -8 59
2 24 2 -8 59 -2 -8 59
2 24 -2 -8 59 -2 -8 60
2 24 -2 -8 60 -8 -8 60
2 24 -8 -8 60 -8 -8 59
2 24 -8 -8 59 -12 -8 59
2 24 -12 -8 59 -12 -8 60
2 24 -12 -8 60 -18 -8 60
2 24 -18 -8 60 -18 -8 59
2 24 -18 -8 59 -22 -8 59
2 24 -22 -8 59 -22 -8 60
2 24 -22 -8 60 -28 -8 60
2 24 -28 -8 60 -28 -8 59
2 24 -28 -8 59 -32 -8 59
2 24 -32 -8 59 -32 -8 60
2 24 -32 -8 60 -80 -8 60
0 // +x lid locator holds
4 16 80 0 -40 80 0 40 80 -7 60 80 -7 -60
4 16 80 -7 -60 80 -7 60 80 -8 60 80 -8 -60
2 24 80 -8 60 80 -8 40
2 24 80 -8 40 73 -8 40
2 24 73 -8 40 73 -8 24
2 24 73 -8 24 80 -8 24
2 24 80 -8 24 80 -8 0
2 24 80 -8 0 73 -8 0
2 24 73 -8 0 73 -8 -16
2 24 73 -8 -16 80 -8 -16
2 24 80 -8 -16 80 -8 -60

2 24 80 -8 40 80 -24 40
2 24 80 -24 40 80 -24 18
2 24 80 -24 18 80 -12 18
2 24 80 -12 18 80 -12 24
2 24 80 -12 24 80 -8 24
2 24 80 -8 24 80 -12 24
4 16 80 -8 40 80 -24 40 80 -12 24 80 -8 24
4 16 80 -24 40 80 -24 18 80 -12 18 80 -12 24
4 16 80 -24 40 80 -8 40 73 -8 40 73 -24 40
2 24 80 -24 40 73 -24 40
4 16 80 -24 18 80 -24 40 73 -24 40 73 -24 18
2 24 80 -24 18 73 -24 18
4 16 80 -12 18 80 -24 18 73 -24 18 73 -12 18
2 24 80 -12 18 73 -12 18
4 16 80 -12 24 80 -12 18 73 -12 18 73 -12 24
2 24 80 -12 24 73 -12 24
4 16 80 -8 24 80 -12 24 73 -12 24 73 -8 24
2 24 73 -8 40 73 -24 40
2 24 73 -24 40 73 -24 18
2 24 73 -24 18 73 -12 18
2 24 73 -12 18 73 -12 24
2 24 73 -12 24 73 -8 24
2 24 73 -8 24 73 -12 24
4 16 73 -8 24 73 -12 24 73 -24 40 73 -8 40
4 16 73 -12 24 73 -12 18 73 -24 18 73 -24 40

2 24 80 -8 0 80 -24 0
2 24 80 -24 0 80 -24 -22
2 24 80 -24 -22 80 -12 -22
2 24 80 -12 -22 80 -12 -16
2 24 80 -12 -16 80 -8 -16
2 24 80 -8 -16 80 -12 -16
4 16 80 -8 0 80 -24 0 80 -12 -16 80 -8 -16
4 16 80 -24 0 80 -24 -22 80 -12 -22 80 -12 -16
4 16 80 -24 0 80 -8 0 73 -8 0 73 -24 0
2 24 80 -24 0 73 -24 0
4 16 80 -24 -22 80 -24 0 73 -24 0 73 -24 -22
2 24 80 -24 -22 73 -24 -22
4 16 80 -12 -22 80 -24 -22 73 -24 -22 73 -12 -22
2 24 80 -12 -22 73 -12 -22
4 16 80 -12 -16 80 -12 -22 73 -12 -22 73 -12 -16
2 24 80 -12 -16 73 -12 -16
4 16 80 -8 -16 80 -12 -16 73 -12 -16 73 -8 -16
2 24 73 -8 0 73 -24 0
2 24 73 -24 0 73 -24 -22
2 24 73 -24 -22 73 -12 -22
2 24 73 -12 -22 73 -12 -16
2 24 73 -12 -16 73 -8 -16
2 24 73 -8 -16 73 -12 -16
4 16 73 -8 -16 73 -12 -16 73 -24 0 73 -8 0
4 16 73 -12 -16 73 -12 -22 73 -24 -22 73 -24 0
0 // -x lid locator holes
4 16 -80 -7 -60 -80 -7 60 -80 0 40 -80 0 -40
4 16 -80 -8 -60 -80 -8 60 -80 -7 60 -80 -7 -60
2 24 -80 -8 60 -80 -8 40
2 24 -80 -8 40 -73 -8 40
2 24 -73 -8 40 -73 -8 24
2 24 -73 -8 24 -80 -8 24
2 24 -80 -8 24 -80 -8 0
2 24 -80 -8 0 -73 -8 0
2 24 -73 -8 0 -73 -8 -16
2 24 -73 -8 -16 -80 -8 -16
2 24 -80 -8 -16 -80 -8 -60

2 24 -80 -8 40 -80 -24 40
2 24 -80 -24 40 -80 -24 18
2 24 -80 -24 18 -80 -12 18
2 24 -80 -12 18 -80 -12 24
2 24 -80 -12 24 -80 -8 24
2 24 -80 -8 24 -80 -12 24
4 16 -80 -8 24 -80 -12 24 -80 -24 40 -80 -8 40
4 16 -80 -12 24 -80 -12 18 -80 -24 18 -80 -24 40
4 16 -73 -24 40 -73 -8 40 -80 -8 40 -80 -24 40
2 24 -80 -24 40 -73 -24 40
4 16 -73 -24 18 -73 -24 40 -80 -24 40 -80 -24 18
2 24 -80 -24 18 -73 -24 18
4 16 -73 -12 18 -73 -24 18 -80 -24 18 -80 -12 18
2 24 -80 -12 18 -73 -12 18
4 16 -73 -12 24 -73 -12 18 -80 -12 18 -80 -12 24
2 24 -80 -12 24 -73 -12 24
4 16 -73 -8 24 -73 -12 24 -80 -12 24 -80 -8 24
2 24 -73 -8 40 -73 -24 40
2 24 -73 -24 40 -73 -24 18
2 24 -73 -24 18 -73 -12 18
2 24 -73 -12 18 -73 -12 24
2 24 -73 -12 24 -73 -8 24
2 24 -73 -8 24 -73 -12 24
4 16 -73 -8 40 -73 -24 40 -73 -12 24 -73 -8 24
4 16 -73 -24 40 -73 -24 18 -73 -12 18 -73 -12 24

2 24 -80 -8 0 -80 -24 0
2 24 -80 -24 0 -80 -24 -22
2 24 -80 -24 -22 -80 -12 -22
2 24 -80 -12 -22 -80 -12 -16
2 24 -80 -12 -16 -80 -8 -16
2 24 -80 -8 -16 -80 -12 -16
4 16 -80 -8 -16 -80 -12 -16 -80 -24 0 -80 -8 0
4 16 -80 -12 -16 -80 -12 -22 -80 -24 -22 -80 -24 0
4 16 -73 -24 0 -73 -8 0 -80 -8 0 -80 -24 0
2 24 -80 -24 0 -73 -24 0
4 16 -73 -24 -22 -73 -24 0 -80 -24 0 -80 -24 -22
2 24 -80 -24 -22 -73 -24 -22
4 16 -73 -12 -22 -73 -24 -22 -80 -24 -22 -80 -12 -22
2 24 -80 -12 -22 -73 -12 -22
4 16 -73 -12 -16 -73 -12 -22 -80 -12 -22 -80 -12 -16
2 24 -80 -12 -16 -73 -12 -16
4 16 -73 -8 -16 -73 -12 -16 -80 -12 -16 -80 -8 -16
2 24 -73 -8 0 -73 -24 0
2 24 -73 -24 0 -73 -24 -22
2 24 -73 -24 -22 -73 -12 -22
2 24 -73 -12 -22 -73 -12 -16
2 24 -73 -12 -16 -73 -8 -16
2 24 -73 -8 -16 -73 -12 -16
4 16 -73 -8 0 -73 -24 0 -73 -12 -16 -73 -8 -16
4 16 -73 -24 0 -73 -24 -22 -73 -12 -22 -73 -12 -16
0 // +x locator hole surface
4 16 80 -8 -60 80 -8 -16 73 -8 -16 70 -8 -56
3 16 70 -8 -56 73 -8 -16 70 -8 -20
4 16 70 -8 -20 73 -8 -16 73 -8 0 70 -8 -18
4 16 73 -8 0 80 -8 0 80 -8 24 73 -8 24
4 16 70 -8 -18 73 -8 0 73 -8 40 70 -8 56
4 16 70 -8 56 73 -8 40 80 -8 40 80 -8 60
0 // -x locator hole surface
4 16 -70 -8 -56 -73 -8 -16 -80 -8 -16 -80 -8 -60
3 16 -70 -8 -20 -73 -8 -16 -70 -8 -56
4 16 -70 -8 -18 -73 -8 0 -73 -8 -16 -70 -8 -20
4 16 -73 -8 24 -80 -8 24 -80 -8 0 -73 -8 0
4 16 -70 -8 56 -73 -8 40 -73 -8 0 -70 -8 -18
4 16 -80 -8 60 -80 -8 40 -73 -8 40 -70 -8 56
0 // Battery holders
4 16 -64 -30.91 -56 -64 -8 -56 64 -8 -56 64 -30.91 -56
1 16 0 -30.91 -54.8181 64 0 0 0 -1 0 0 0 1.1819   rect.dat
0 BFC INVERTNEXT
1 16 64 -24.021 -37 0 -128 0 -6.889 0 -16.631 16.631 0 -6.889 3-8cyli.dat
1 16 64 -30.91 -18.5 0 1 0 0 0 1 1.869 0 0 2-4edge.dat
1 16 64 -30.91 -18.5 0 -128 0 0 0 1 1.869 0 0 2-4cyli.dat
1 16 -64 -30.91 -18.5 0 1 0 0 0 1 1.869 0 0 2-4edge.dat
0 BFC INVERTNEXT
1 16 64 -24.021 0 0 -128 0 -6.889 0 -16.631 16.631 0 -6.889 3-8cyli.dat
0 1 16 64 -24.021 0 0 1 0 -6.889 0 -16.631 16.631 0 -6.889 3-8edge.dat
1 16 64 -30.91 18.5 0 1 0 0 0 1 1.869 0 0 2-4edge.dat
1 16 64 -30.91 18.5 0 -128 0 0 0 1 1.869 0 0 2-4cyli.dat
1 16 -64 -30.91 18.5 0 1 0 0 0 1 1.869 0 0 2-4edge.dat
0 BFC INVERTNEXT
1 16 64 -24.021 37 0 -128 0 -6.889 0 -16.631 16.631 0 -6.889 3-8cyli.dat
1 16 0 -30.91 54.8181 64 0 0 0 -1 0 0 0 1.1819   rect.dat
4 16 64 -30.91 56 64 -8 56 -64 -8 56 -64 -30.91 56
0 // Battery holders +x end
2 24 64 -8 -56 64 -8 -46
2 24 64 -8 -46 66 -8 -46
2 24 66 -8 -46 66 -8 -56
2 24 66 -8 -56 70 -8 -56
2 24 70 -8 -56 70 -8 -20
2 24 70 -8 -20 66 -8 -20
2 24 66 -8 -20 66 -8 -28
2 24 66 -8 -28 64 -8 -28
2 24 64 -8 -28 64 -8 -11
2 24 64 -8 -11 62 -8 -11
2 24 62 -8 -11 62 -8 -9
2 24 62 -8 -9 66 -8 -9
2 24 66 -8 -9 66 -8 -18
2 24 66 -8 -18 70 -8 -18
2 24 70 -8 -18 70 -8 56
2 24 70 -8 56 66 -8 56
2 24 66 -8 56 66 -8 46
2 24 66 -8 46 64 -8 46
2 24 64 -8 46 64 -8 56

2 24 66 -8 28 66 -8 9
2 24 66 -8 9 64 -8 9
2 24 64 -8 9 64 -8 28
2 24 64 -8 28 66 -8 28

2 24 66 -8 -46 66 -39.2415 -46
2 24 66 -8 -56 66 -44 -56
2 24 70 -8 -56 70 -44 -56
2 24 70 -8 -20 70 -44 -20
2 24 66 -8 -20 66 -44 -20
2 24 66 -8 -28 66 -39.2415 -28
2 24 66 -8 -9 66 -39.2415 -9
2 24 66 -8 -18 66 -44 -18
2 24 70 -8 -18 70 -44 -18
2 24 70 -8 56 70 -44 56
2 24 66 -8 56 66 -44 56
2 24 66 -8 46 66 -39.2415 46

2 24 66 -8 9 66 -39.2415 9
2 24 66 -8 28 66 -39.2415 28

2 24 66 -44 -46 66 -44 -56
4 16 66 -8 -46 66 -8 -56 66 -44 -56 66 -39.2415 -46
2 24 66 -44 -56 70 -44 -56
4 16 66 -8 -56 70 -8 -56 70 -44 -56 66 -44 -56
2 24 70 -44 -56 70 -44 -20
4 16 70 -8 -56 70 -8 -20 70 -44 -20 70 -44 -56
2 24 70 -44 -20 66 -44 -20
4 16 70 -8 -20 66 -8 -20 66 -44 -20 70 -44 -20
2 24 66 -44 -20 66 -44 -28
4 16 66 -8 -20 66 -8 -28 66 -39.2415 -28 66 -44 -20
2 24 66 -44 -9 66 -44 -18
4 16 66 -8 -9 66 -8 -18 66 -44 -18 66 -39.2415 -9
2 24 66 -44 -18 70 -44 -18
4 16 66 -8 -18 70 -8 -18 70 -44 -18 66 -44 -18
2 24 70 -44 -18 70 -44 56
4 16 70 -8 -18 70 -8 56 70 -44 56 70 -44 -18
2 24 70 -44 56 66 -44 56
4 16 70 -8 56 66 -8 56 66 -44 56 70 -44 56
2 24 66 -44 56 66 -44 46
4 16 66 -8 56 66 -8 46 66 -39.2415 46 66 -44 56

2 24 66 -44 28 66 -44 9
4 16 66 -8 28 66 -8 9 66 -39.2415 9 66 -39.2415 28

2 24 64 -8 -46 64 -39.2415 -46
2 24 64 -8 -28 64 -39.2415 -28
2 24 62 -8 -9 62 -39.2415 -9
2 24 62 -8 -9 62 -39.2415 -9
2 24 62 -8 -11 62 -37.9052 -11
2 24 64 -8 -11 64 -37.9052 -11
2 24 64 -8 9 64 -39.2415 9
2 24 64 -8 28 64 -39.2415 28
2 24 64 -8 46 64 -39.2415 46

4 16 64 -8 -56 64 -8 -46 64 -30.91 -53.6362 64 -30.91 -56

2 24 64 -30.91 -20.369 64 -36.75 -24.271
2 24 64 -36.75 -24.271 64 -39.242 -28
2 24 64 -39.242 -28 66 -39.242 -28
2 24 66 -39.242 -28 66 -40.652 -30.111
2 24 66 -40.652 -30.111 66 -42.023 -37
2 24 66 -42.023 -37 66 -40.652 -43.889
2 24 66 -40.652 -43.889 66 -39.242 -46
2 24 64 -37.905 -48 64 -36.75 -49.729
2 24 64 -36.75 -49.729 64 -30.91 -53.631
2 24 64 -39.242 -46 66 -39.242 -46
2 24 64 -39.242 -46 64 -36.75 -49.729
2 24 64 -36.75 -49.729 64 -30.91 -53.631
2 24 64 -39.242 -28 66 -39.242 -28
4 16 64 -39.242 -28 64 -40.652 -30.111 66 -40.652 -30.111 66 -39.242 -28
4 16 64 -40.652 -30.111 64 -42.023 -37 66 -42.023 -37 66 -40.652 -30.111
4 16 64 -42.023 -37 64 -40.652 -43.889 66 -40.652 -43.889 66 -42.023 -37
4 16 64 -40.652 -43.889 64 -39.242 -46 66 -39.242 -46 66 -40.652 -43.889
4 16 64 -8 -28 64 -30.91 -20.369 64 -36.75 -24.271 64 -39.242 -28
4 16 64 -8 -28 64 -39.242 -28 66 -39.242 -28 66 -8 -28
3 16 66 -39.242 -28 66 -40.652 -30.111 66 -44 -20
3 16 66 -40.652 -30.111 66 -42.023 -37 66 -44 -20
3 16 66 -44 -20 66 -42.023 -37 66 -44 -56
3 16 66 -44 -56 66 -42.023 -37 66 -40.652 -43.889
3 16 66 -44 -56 66 -40.652 -43.889 66 -39.242 -46
4 16 66 -8 -46 66 -39.242 -46 64 -39.242 -46 64 -8 -46
4 16 64 -8 -46 64 -39.242 -46 64 -36.75 -49.729 64 -30.91 -53.631

3 16 64 -8 -28 64 -29.91 -20.369 64 -30.91 -20.369
1 16 64 -30.91 -18.5 0 1 0 0 0 1 1.869 0 0 2-4ndis.dat
4 16 64 -29.91 -20.369 64 -8 -28 64 -8 -11 64 -29.91 -16.631
3 16 64 -30.91 -16.631 64 -29.91 -16.631 64 -8 -11

2 24 64 -30.91 16.631 64 -36.75 12.729
2 24 64 -36.75 12.729 64 -39.2415 9
2 24 64 -39.2415 9 66 -39.2415 9
2 24 66 -39.2415 9 66 -40.652 6.889
2 24 66 -40.652 6.889 66 -42.023 0
2 24 66 -42.023 0 66 -40.652 -6.889
2 24 66 -40.652 -6.889 66 -39.2415 -9
2 24 66 -39.2415 -9 62 -39.2415 -9
2 24 62 -39.2415 -9 62 -37.9052 -11
2 24 62 -37.9052 -11 64 -37.9052 -11
2 24 64 -37.9052 -11 64 -36.75 -12.729
2 24 64 -36.75 -12.729 64 -30.91 -16.631
2 24 64 -39.2415 -9 66 -39.2415 -9
2 24 64 -39.2415 9 66 -39.2415 9
4 16 64 -39.2415 9 64 -40.652 6.889 66 -40.652 6.889 66 -39.2415 9
4 16 64 -40.652 6.889 64 -42.023 0 66 -42.023 0 66 -40.652 6.889
4 16 64 -42.023 0 64 -40.652 -6.889 66 -40.652 -6.889 66 -42.023 0
4 16 64 -40.652 -6.889 64 -39.2415 -9 66 -39.2415 -9 66 -40.652 -6.889
4 16 64 -8 9 64 -30.91 16.631 64 -36.75 12.729 64 -39.2415 9
4 16 64 -8 9 64 -39.2415 9 66 -39.2415 9 66 -8 9
3 16 66 -39.2415 9 66 -40.652 6.889 66 -44 18
3 16 66 -40.652 6.889 66 -42.023 0 66 -44 18
3 16 66 -44 18 66 -42.023 0 66 -44 -18
3 16 66 -44 -18 66 -42.023 0 66 -40.652 -6.889
3 16 66 -44 -18 66 -40.652 -6.889 66 -39.242 -9
4 16 66 -8 -9 66 -39.242 -9 62 -39.242 -9 62 -8 -9
4 16 62 -8 -9 62 -39.242 -9 62 -37.9052 -11 62 -8 -11
4 16 62 -8 -11 62 -37.9052 -11 64 -37.9052 -11 64 -8 -11
4 16 64 -8 -11 64 -37.905 -11 64 -36.75 -12.729 64 -30.91 -16.631

3 16 64 -8 9 64 -29.91 16.631 64 -30.91 16.631
1 16 64 -30.91 18.5 0 1 0 0 0 1 1.869 0 0 2-4ndis.dat
4 16 64 -29.91 16.631 64 -8 9 64 -8 28 64 -29.91 20.369
3 16 64 -30.91 20.369 64 -29.91 20.369 64 -8 28

2 24 64 -30.91 53.631 64 -36.75 49.729
2 24 64 -36.75 49.729 64 -39.242 46
2 24 64 -39.242 46 66 -39.242 46
2 24 66 -39.242 46 66 -40.652 43.889
2 24 66 -40.652 43.889 66 -42.023 37
2 24 66 -42.023 37 66 -40.652 30.111
2 24 66 -40.652 30.111 66 -39.242 28
2 24 64 -37.905 26 64 -36.75 24.271
2 24 64 -36.75 24.271 64 -30.91 20.369
2 24 64 -39.242 28 66 -39.242 28
2 24 64 -39.242 28 64 -36.75 24.271
2 24 64 -36.75 24.271 64 -30.91 20.369
2 24 64 -39.242 46 66 -39.242 46
4 16 64 -39.242 46 64 -40.652 43.889 66 -40.652 43.889 66 -39.242 46
4 16 64 -40.652 43.889 64 -42.023 37 66 -42.023 37 66 -40.652 43.889
4 16 64 -42.023 37 64 -40.652 30.111 66 -40.652 30.111 66 -42.023 37
4 16 64 -40.652 30.111 64 -39.242 28 66 -39.242 28 66 -40.652 30.111
4 16 64 -8 46 64 -30.91 53.631 64 -36.75 49.729 64 -39.242 46
4 16 64 -8 46 64 -39.242 46 66 -39.242 46 66 -8 46
3 16 66 -39.242 46 66 -40.652 43.889 66 -44 56
3 16 66 -40.652 43.889 66 -42.023 37 66 -44 56
3 16 66 -44 56 66 -42.023 37 66 -44 18
3 16 66 -44 18 66 -42.023 37 66 -40.652 30.111
3 16 66 -44 18 66 -40.652 30.111 66 -39.242 28
4 16 66 -8 28 66 -39.242 28 64 -39.242 28 64 -8 28
4 16 64 -8 28 64 -39.242 28 64 -36.75 24.271 64 -30.91 20.369
3 16 66 -44 18 66 -39.242 28 66 -39.242 9

4 16 64 -30.91 56 64 -30.91 53.636 64 -8 46 64 -8 56

4 16 64 -8 -56 66 -8 -56 66 -8 -46 64 -8 -46
4 16 66 -8 -20 70 -8 -20 70 -8 -18 66 -8 -18
4 16 62 -8 -11 64 -8 -11 66 -8 -9 62 -8 -9
3 16 66 -8 -9 64 -8 -11 66 -8 -18
4 16 66 -8 -18 64 -8 -11 64 -8 -28 66 -8 -20
3 16 64 -8 -28 66 -8 -28 66 -8 -20
4 16 64 -8 9 66 -8 9 66 -8 28 64 -8 28
4 16 64 -8 46 66 -8 46 66 -8 56 64 -8 56

4 16 66 -44 -18 70 -44 -18 70 -44 56 66 -44 56
4 16 66 -44 -56 70 -44 -56 70 -44 -20 66 -44 -20
0 // Battery holder -x end
2 24 -64 -8 56 -64 -8 46
2 24 -64 -8 46 -66 -8 46
2 24 -66 -8 46 -66 -8 56
2 24 -66 -8 56 -70 -8 56
2 24 -70 -8 56 -70 -8 20
2 24 -70 -8 20 -66 -8 20
2 24 -66 -8 20 -66 -8 28
2 24 -66 -8 28 -64 -8 28
2 24 -64 -8 28 -64 -8 11
2 24 -64 -8 11 -62 -8 11
2 24 -62 -8 11 -62 -8 9
2 24 -62 -8 9 -66 -8 9
2 24 -66 -8 9 -66 -8 18
2 24 -66 -8 18 -70 -8 18
2 24 -70 -8 18 -70 -8 -56
2 24 -70 -8 -56 -66 -8 -56
2 24 -66 -8 -56 -66 -8 -46
2 24 -66 -8 -46 -64 -8 -46
2 24 -64 -8 -46 -64 -8 -56

2 24 -66 -8 -28 -66 -8 -9
2 24 -66 -8 -9 -64 -8 -9
2 24 -64 -8 -9 -64 -8 -28
2 24 -64 -8 -28 -66 -8 -28

2 24 -66 -8 46 -66 -39.242 46
2 24 -66 -8 56 -66 -44 56
2 24 -70 -8 56 -70 -44 56
2 24 -70 -8 20 -70 -44 20
2 24 -66 -8 20 -66 -44 20
2 24 -66 -8 28 -66 -39.242 28
2 24 -66 -8 9 -66 -39.242 9
2 24 -66 -8 18 -66 -44 18
2 24 -70 -8 18 -70 -44 18
2 24 -70 -8 -56 -70 -44 -56
2 24 -66 -8 -56 -66 -44 -56
2 24 -66 -8 -46 -66 -39.242 -46

2 24 -66 -8 -9 -66 -39.242 -9
2 24 -66 -8 -28 -66 -39.242 -28

2 24 -66 -44 46 -66 -44 56
4 16 -66 -8 46 -66 -8 56 -66 -44 56 -66 -39.242 46
2 24 -66 -44 56 -70 -44 56
4 16 -66 -8 56 -70 -8 56 -70 -44 56 -66 -44 56
2 24 -70 -44 56 -70 -44 20
4 16 -70 -8 56 -70 -8 20 -70 -44 20 -70 -44 56
2 24 -70 -44 20 -66 -44 20
4 16 -70 -8 20 -66 -8 20 -66 -44 20 -70 -44 20
2 24 -66 -44 20 -66 -44 28
4 16 -66 -8 20 -66 -8 28 -66 -39.242 28 -66 -44 20
2 24 -66 -44 9 -66 -44 18
4 16 -66 -8 9 -66 -8 18 -66 -44 18 -66 -39.242 9
2 24 -66 -44 18 -70 -44 18
4 16 -66 -8 18 -70 -8 18 -70 -44 18 -66 -44 18
2 24 -70 -44 18 -70 -44 -56
4 16 -70 -8 18 -70 -8 -56 -70 -44 -56 -70 -44 18
2 24 -70 -44 -56 -66 -44 -56
4 16 -70 -8 -56 -66 -8 -56 -66 -44 -56 -70 -44 -56
2 24 -66 -44 -56 -66 -44 -46
4 16 -66 -8 -56 -66 -8 -46 -66 -39.242 -46 -66 -44 -56

2 24 -66 -44 -28 -66 -44 -9
4 16 -66 -8 -28 -66 -8 -9 -66 -39.242 -9 -66 -39.242 -28

2 24 -64 -8 46 -64 -39.242 46
2 24 -64 -8 28 -64 -39.242 28
2 24 -62 -8 9 -62 -39.242 9
2 24 -62 -8 9 -62 -39.242 9
2 24 -62 -8 11 -62 -37.905 11
2 24 -64 -8 11 -64 -37.905 11
2 24 -64 -8 -9 -64 -39.242 -9
2 24 -64 -8 -28 -64 -39.242 -28
2 24 -64 -8 -46 -64 -39.242 -46

4 16 -64 -8 56 -64 -8 46 -64 -30.91 53.636 -64 -30.91 56

2 24 -64 -30.91 20.369 -64 -36.75 24.271
2 24 -64 -36.75 24.271 -64 -39.242 28
2 24 -64 -39.242 28 -66 -39.242 28
2 24 -66 -39.242 28 -66 -40.652 30.111
2 24 -66 -40.652 30.111 -66 -42.023 37
2 24 -66 -42.023 37 -66 -40.652 43.889
2 24 -66 -40.652 43.889 -66 -39.242 46
2 24 -64 -37.905 48 -64 -36.75 49.729
2 24 -64 -36.75 49.729 -64 -30.91 53.631
2 24 -64 -39.242 46 -66 -39.242 46
2 24 -64 -39.242 46 -64 -36.75 49.729
2 24 -64 -36.75 49.729 -64 -30.91 53.631
2 24 -64 -39.242 28 -66 -39.242 28
4 16 -64 -39.242 28 -64 -40.652 30.111 -66 -40.652 30.111 -66 -39.242 28
4 16 -64 -40.652 30.111 -64 -42.023 37 -66 -42.023 37 -66 -40.652 30.111
4 16 -64 -42.023 37 -64 -40.652 43.889 -66 -40.652 43.889 -66 -42.023 37
4 16 -64 -40.652 43.889 -64 -39.242 46 -66 -39.242 46 -66 -40.652 43.889
4 16 -64 -8 28 -64 -30.91 20.369 -64 -36.75 24.271 -64 -39.242 28
4 16 -64 -8 28 -64 -39.242 28 -66 -39.242 28 -66 -8 28
3 16 -66 -39.242 28 -66 -40.652 30.111 -66 -44 20
3 16 -66 -40.652 30.111 -66 -42.023 37 -66 -44 20
3 16 -66 -44 20 -66 -42.023 37 -66 -44 56
3 16 -66 -44 56 -66 -42.023 37 -66 -40.652 43.889
3 16 -66 -44 56 -66 -40.652 43.889 -66 -39.242 46
4 16 -66 -8 46 -66 -39.242 46 -64 -39.242 46 -64 -8 46
4 16 -64 -8 46 -64 -39.242 46 -64 -36.75 49.729 -64 -30.91 53.631

3 16 -64 -8 28 -64 -29.91 20.369 -64 -30.91 20.369
1 16 -64 -30.91 18.5 0 -1 0 0 0 1 -1.869 0 0 2-4ndis.dat
4 16 -64 -29.91 20.369 -64 -8 28 -64 -8 11 -64 -29.91 16.631
3 16 -64 -30.91 16.631 -64 -29.91 16.631 -64 -8 11

2 24 -64 -30.91 -16.631 -64 -36.75 -12.729
2 24 -64 -36.75 -12.729 -64 -39.242 -9
2 24 -64 -39.242 -9 -66 -39.242 -9
2 24 -66 -39.242 -9 -66 -40.652 -6.889
2 24 -66 -40.652 -6.889 -66 -42.023 0
2 24 -66 -42.023 0 -66 -40.652 6.889
2 24 -66 -40.652 6.889 -66 -39.242 9
2 24 -66 -39.242 9 -62 -39.242 9
2 24 -62 -39.242 9 -62 -37.905 11
2 24 -62 -37.905 11 -64 -37.905 11
2 24 -64 -37.905 11 -64 -36.75 12.729
2 24 -64 -36.75 12.729 -64 -30.91 16.631
2 24 -64 -39.242 9 -66 -39.242 9
2 24 -64 -39.242 -9 -66 -39.242 -9
4 16 -64 -39.242 -9 -64 -40.652 -6.889 -66 -40.652 -6.889 -66 -39.242 -9
4 16 -64 -40.652 -6.889 -64 -42.023 0 -66 -42.023 0 -66 -40.652 -6.889
4 16 -64 -42.023 0 -64 -40.652 6.889 -66 -40.652 6.889 -66 -42.023 0
4 16 -64 -40.652 6.889 -64 -39.242 9 -66 -39.242 9 -66 -40.652 6.889
4 16 -64 -8 -9 -64 -30.91 -16.631 -64 -36.75 -12.729 -64 -39.242 -9
4 16 -64 -8 -9 -64 -39.242 -9 -66 -39.242 -9 -66 -8 -9
3 16 -66 -39.242 -9 -66 -40.652 -6.889 -66 -44 -18
3 16 -66 -40.652 -6.889 -66 -42.023 0 -66 -44 -18
3 16 -66 -44 -18 -66 -42.023 0 -66 -44 18
3 16 -66 -44 18 -66 -42.023 0 -66 -40.652 6.889
3 16 -66 -44 18 -66 -40.652 6.889 -66 -39.242 9
4 16 -66 -8 9 -66 -39.242 9 -62 -39.242 9 -62 -8 9
4 16 -62 -8 9 -62 -39.242 9 -62 -37.905 11 -62 -8 11
4 16 -62 -8 11 -62 -37.905 11 -64 -37.905 11 -64 -8 11
4 16 -64 -8 11 -64 -37.905 11 -64 -36.75 12.729 -64 -30.91 16.631

3 16 -64 -8 -9 -64 -29.91 -16.631 -64 -30.91 -16.631
1 16 -64 -30.91 -18.5 0 -1 0 0 0 1 -1.869 0 0 2-4ndis.dat
4 16 -64 -29.91 -16.631 -64 -8 -9 -64 -8 -28 -64 -29.91 -20.369
3 16 -64 -30.91 -20.369 -64 -29.91 -20.369 -64 -8 -28

2 24 -64 -30.91 -53.631 -64 -36.75 -49.729
2 24 -64 -36.75 -49.729 -64 -39.242 -46
2 24 -64 -39.242 -46 -66 -39.242 -46
2 24 -66 -39.242 -46 -66 -40.652 -43.889
2 24 -66 -40.652 -43.889 -66 -42.023 -37
2 24 -66 -42.023 -37 -66 -40.652 -30.111
2 24 -66 -40.652 -30.111 -66 -39.242 -28
2 24 -64 -37.905 -26 -64 -36.75 -24.271
2 24 -64 -36.75 -24.271 -64 -30.91 -20.369
2 24 -64 -39.242 -28 -66 -39.242 -28
2 24 -64 -39.242 -28 -64 -36.75 -24.271
2 24 -64 -36.75 -24.271 -64 -30.91 -20.369
2 24 -64 -39.242 -46 -66 -39.242 -46
4 16 -64 -39.242 -46 -64 -40.652 -43.889 -66 -40.652 -43.889 -66 -39.242 -46
4 16 -64 -40.652 -43.889 -64 -42.023 -37 -66 -42.023 -37 -66 -40.652 -43.889
4 16 -64 -42.023 -37 -64 -40.652 -30.111 -66 -40.652 -30.111 -66 -42.023 -37
4 16 -64 -40.652 -30.111 -64 -39.242 -28 -66 -39.242 -28 -66 -40.652 -30.111
4 16 -64 -8 -46 -64 -30.91 -53.631 -64 -36.75 -49.729 -64 -39.242 -46
4 16 -64 -8 -46 -64 -39.242 -46 -66 -39.242 -46 -66 -8 -46
3 16 -66 -39.242 -46 -66 -40.652 -43.889 -66 -44 -56
3 16 -66 -40.652 -43.889 -66 -42.023 -37 -66 -44 -56
3 16 -66 -44 -56 -66 -42.023 -37 -66 -44 -18
3 16 -66 -44 -18 -66 -42.023 -37 -66 -40.652 -30.111
3 16 -66 -44 -18 -66 -40.652 -30.111 -66 -39.242 -28
4 16 -66 -8 -28 -66 -39.242 -28 -64 -39.242 -28 -64 -8 -28
4 16 -64 -8 -28 -64 -39.242 -28 -64 -36.75 -24.271 -64 -30.91 -20.369
3 16 -66 -44 -18 -66 -39.242 -28 -66 -39.242 -9

4 16 -64 -30.91 -56 -64 -30.91 -53.636 -64 -8 -46 -64 -8 -56

4 16 -64 -8 56 -66 -8 56 -66 -8 46 -64 -8 46
4 16 -66 -8 20 -70 -8 20 -70 -8 18 -66 -8 18
4 16 -62 -8 11 -64 -8 11 -66 -8 9 -62 -8 9
3 16 -66 -8 9 -64 -8 11 -66 -8 18
4 16 -66 -8 18 -64 -8 11 -64 -8 28 -66 -8 20
3 16 -64 -8 28 -66 -8 28 -66 -8 20
4 16 -64 -8 -9 -66 -8 -9 -66 -8 -28 -64 -8 -28
4 16 -64 -8 -46 -66 -8 -46 -66 -8 -56 -64 -8 -56

4 16 -66 -44 18 -70 -44 18 -70 -44 -56 -66 -44 -56
4 16 -66 -44 56 -70 -44 56 -70 -44 20 -66 -44 20

4 16 32 -8 -56 32 -8 -60 80 -8 -60 70 -8 -56
4 16 28 -8 -59 32 -8 -59 32 -8 -56 28 -8 -56
4 16 22 -8 -60 28 -8 -60 28 -8 -56 22 -8 -56
4 16 18 -8 -59 22 -8 -59 22 -8 -56 18 -8 -56
4 16 12 -8 -60 18 -8 -60 18 -8 -56 12 -8 -56
4 16 8 -8 -59 12 -8 -59 12 -8 -56 8 -8 -56
4 16 2 -8 -60 8 -8 -60 8 -8 -56 2 -8 -56
4 16 2 -8 -56 -2 -8 -56 -2 -8 -59 2 -8 -59
4 16 -2 -8 -56 -8 -8 -56 -8 -8 -60 -2 -8 -60
4 16 -8 -8 -56 -12 -8 -56 -12 -8 -59 -8 -8 -59
4 16 -12 -8 -56 -18 -8 -56 -18 -8 -60 -12 -8 -60
4 16 -18 -8 -56 -22 -8 -56 -22 -8 -59 -18 -8 -59
4 16 -22 -8 -56 -28 -8 -56 -28 -8 -60 -22 -8 -60
4 16 -28 -8 -56 -32 -8 -56 -32 -8 -59 -28 -8 -59
4 16 -70 -8 -56 -80 -8 -60 -32 -8 -60 -32 -8 -56
2 24 64 -8 -56 -64 -8 -56


4 16 70 -8 56 80 -8 60 32 -8 60 32 -8 56
4 16 28 -8 56 32 -8 56 32 -8 59 28 -8 59
4 16 22 -8 56 28 -8 56 28 -8 60 22 -8 60
4 16 18 -8 56 22 -8 56 22 -8 59 18 -8 59
4 16 12 -8 56 18 -8 56 18 -8 60 12 -8 60
4 16 8 -8 56 12 -8 56 12 -8 59 8 -8 59
4 16 2 -8 56 8 -8 56 8 -8 60 2 -8 60
4 16 2 -8 59 -2 -8 59 -2 -8 56 2 -8 56
4 16 -2 -8 60 -8 -8 60 -8 -8 56 -2 -8 56
4 16 -8 -8 59 -12 -8 59 -12 -8 56 -8 -8 56
4 16 -12 -8 60 -18 -8 60 -18 -8 56 -12 -8 56
4 16 -18 -8 59 -22 -8 59 -22 -8 56 -18 -8 56
4 16 -22 -8 60 -28 -8 60 -28 -8 56 -22 -8 56
4 16 -28 -8 59 -32 -8 59 -32 -8 56 -28 -8 56
4 16 -32 -8 56 -32 -8 60 -80 -8 60 -70 -8 56
2 24 64 -8 56 -64 -8 56
