0 ~Electric Motor Unit  6 x 18 x  4 - Top
0 Name: 23323.dat
0 Author: Chris Dee [cwdee]
0 !LDRAW_ORG Unofficial_Part
0 !LICENSE Redistributable under CCAL version 2.0 : see CAreadme.txt

0 BFC CERTIFY CCW

0 !HISTORY 2007-10-26 [mikeheide] BFC'ed
0 !HISTORY 2019-06-01 [Steffen]   BFCed some more
0 !HISTORY 2019-08-14 [cwdee]     Fixed BFC and bowtie issues; added missing undersides to side brackets; tidied up overlaps with subpart

0 // Needs work: some intersection lines missing

1 16 0 -80 -50 1 0 0 0 1 0 0 0 1 stug2-1x4.dat
1 16 -170 -80 0 1 0 0 0 1 0 0 0 1 stug2-6x1.dat
1 16 170 -80 0 1 0 0 0 1 0 0 0 1 stug2-6x1.dat

0 // Main +x/-x symmetry
1 16 0 0 0 1 0 0 0 1 0 0 0 1 s\23323s01.dat
1 16 0 0 0 -1 0 0 0 1 0 0 0 1 s\23323s01.dat
0 // centre deck
4 16 36 -96 24 52 -96 -20 55 -96 55 36 -96 55
3 16 40 -96 -40 52 -96 -20 40 -96 -20
4 16 40 -96 -36 40 -96 -20 2 -96 -20 2 -96 -36
4 16 52 -96 -20 36 -96 24 29 -96 9 29 -96 -9
4 16 11 -96 -9 11 -96 9 2 -96 24 2 -96 -20
4 16 2 -96 -20 52 -96 -20 29 -96 -9 11 -96 -9
4 16 11 -96 9 29 -96 9 36 -96 24 2 -96 24

3 16 -40 -96 -24 -42 -96 -24 -40 -96 -40
3 16 -42 -96 -24 -52 -96 -20 -40 -96 -40
4 16 -42 -96 24 -55 -96 55 -52 -96 -20 -42 -96 -24
4 16 -42 -96 24 -36 -96 24 -36 -96 55 -55 -96 55
0 // ON switch
4 16 10 -96 20 10 -100 20 30 -100 20 30 -96 20
2 24 30 -100 20 30 -96 20
2 24 10 -100 20 10 -96 20
2 24 10 -96 20 30 -96 20
2 24 10 -96 20 10 -96 0
2 24 30 -96 20 30 -96 0
4 16 30 -100 20 30 -100 0.75 30 -96 0.75 30 -96 20
4 16 10 -96 20 10 -96 0.75 10 -100 0.75 10 -100 20
1 16 20 -100 0 9 0 0 0 1 0 0 0 9  4-4edge.dat
0 BFC INVERTNEXT
1 16 20 -100 0 9 0 0 0 22 0 0 0 9 4-4cylo.dat
1 16 20 -78 0 9 0 0 0 1 0 0 0 9 4-4disc.dat
1 16 20 -100 0 9 0 0 0 1 0 0 0 9  2-4ndis.dat
4 16 10 -100 20 10 -100 9 30 -100 9 30 -100 20
4 16 29 -100 0 30 -100 0 30 -100 9 29 -100 9
4 16 10 -100 9 10 -100 0 11 -100 0 11 -100 9
2 24 30 -100 0.75 30 -100 20
2 24 30 -100 20 10 -100 20
2 24 10 -100 20 10 -100 0.75
0 // first rib - truncated at x=30
2 24 33.365 -96 6.8505 33.0355 -97.5308 6.6603
2 24 33.0355 -97.5308 6.6603 32.0967 -98.8284 6.1182
2 24 32.0967 -98.8284 6.1182 30.6921 -99.6956 5.3073
2 24 30.6921 -99.6956 5.3073 30 -99.8227 4.9077
2 24 32.615 -96 8.1495 32.2855 -97.5308 7.9592
2 24 32.2855 -97.5308 7.9592 31.3467 -98.8284 7.4173
2 24 31.3467 -98.8284 7.4173 30 -99.6599 6.6396
4 16 32.615 -96 8.1495 32.2855 -97.5308 7.9592 33.0355 -97.5308 6.6603 33.365 -96 6.8505
5 24 32.615 -96 8.1495 33.365 -96 6.8505 32.2855 -97.5308 7.9592 32.615 -92 8.1495
4 16 32.2855 -97.5308 7.9592 31.3467 -98.8284 7.4173 32.0967 -98.8284 6.1182 33.0355 -97.5308 6.6603
5 24 32.2855 -97.5308 7.9592 33.0355 -97.5308 6.6603 31.3467 -98.8284 7.4173 32.615 -96 8.1495
3 16 31.3467 -98.8284 7.4173 30 -99.6599 6.6396 32.0967 -98.8284 6.1182
4 16 32.0967 -98.8284 6.1182 30 -99.6599 6.6396 30 -99.6956 6.5059 30.6921 -99.6956 5.3073
2 24 30 -99.6599 6.6396 30 -99.6956 6.5059
5 24 31.3467 -98.8284 7.4173 32.0967 -98.8284 6.1182 29.9421 -99.6956 6.6062 32.2855 -97.5308 7.9592
3 16 30 -99.6956 6.5059 30 -99.8227 4.9077 30.6921 -99.6956 5.3073
2 24 30 -99.6956 6.5059 30 -99.8227 4.9077
5 24 30 -99.6956 6.5059 30.6921 -99.6956 5.3073 28.285 -100 5.6495 31.3467 -98.8284 7.4173
5 24 28.285 -100 5.6495 29.035 -100 4.3505 29.9421 -99.6956 6.6062 23.955 -100 3.1495
2 24 32.932 -96 6.6005 32.6354 -97.1481 6.4293
2 24 32.6354 -97.1481 6.4293 31.7906 -98.1213 5.9415
2 24 31.7906 -98.1213 5.9415 30.5264 -98.7717 5.2116
2 24 30.5264 -98.7717 5.2116 30 -98.8523 4.9077
2 24 32.182 -96 7.8995 31.8854 -97.1481 7.7283
2 24 31.8854 -97.1481 7.7283 31.0406 -98.1213 7.2405
2 24 31.0406 -98.1213 7.2405 30 -98.6567 6.6397
4 16 33.365 -96 6.8505 33.0355 -97.5308 6.6603 32.6354 -97.1481 6.4293 32.932 -96 6.6005
4 16 33.0355 -97.5308 6.6603 32.0967 -98.8284 6.1182 31.7905 -98.1213 5.9415 32.6354 -97.1481 6.4293
4 16 32.0967 -98.8284 6.1182 30.6921 -99.6956 5.3073 30.5263 -98.7717 5.2116 31.7905 -98.1213 5.9415
4 16 30.6921 -99.6956 5.3073 30 -99.8227 4.9077 30 -98.8523 4.9077 30.5263 -98.7717 5.2116
2 24 30 -99.8227 4.9077 30 -98.8523 4.9007
4 16 31.8854 -97.1481 7.7283 32.2855 -97.5308 7.9592 32.615 -96 8.1495 32.182 -96 7.8995
4 16 31.0405 -98.1213 7.2404 31.3467 -98.8284 7.4172 32.2855 -97.5308 7.9592 31.8854 -97.1481 7.7283
4 16 31.0405 -98.1213 7.2404 30 -98.6566 6.6397 30 -99.6599 6.6396 31.3467 -98.8284 7.4172
2 24 30 -98.6566 6.6397 30 -99.6599 6.6396
2 24 32.932 -96 6.6005 33.365 -96 6.8505
2 24 33.365 -96 6.8505 32.615 -96 8.1495
2 24 32.615 -96 8.1495 32.182 -96 7.8995
2 24 28.285 -100 5.6495 28.285 -99 5.6495
2 24 29.035 -100 4.3505 29.035 -99 4.3505
0 // second rib
1 16 30 -96 -0.75 5 0 0 0 0 -4 0 1 0  1-4edge.dat
1 16 30 -96 0.75 5 0 0 0 0 -4 0 1 0  1-4edge.dat
1 16 30 -96 0.75 5 0 0 0 0 -4 0 -1.5 0  1-4cyli.dat
1 16 30 -96 -0.75 4.5 0 0 0 0 -3 0 1 0  1-4edge.dat
1 16 30 -96 0.75 4.5 0 0 0 0 -3 0 1 0  1-4edge.dat
4 16 35 -96 -0.75 34.6195 -97.5308 -0.75 34.1575 -97.1481 -0.75 34.5 -96 -0.75
4 16 34.6195 -97.5308 -0.75 33.5355 -98.8284 -0.75 33.1819 -98.1213 -0.75 34.1575 -97.1481 -0.75
4 16 33.5355 -98.8284 -0.75 31.9135 -99.6956 -0.75 31.7221 -98.7717 -0.75 33.1819 -98.1213 -0.75
4 16 31.9135 -99.6956 -0.75 30 -100 -0.75 30 -99 -0.75 31.7221 -98.7717 -0.75
4 16 34.1575 -97.1481 0.75 34.6195 -97.5308 0.75 35 -96 0.75 34.5 -96 0.75
4 16 33.1819 -98.1213 0.75 33.5355 -98.8284 0.75 34.6195 -97.5308 0.75 34.1575 -97.1481 0.75
4 16 31.7221 -98.7717 0.75 31.9135 -99.6956 0.75 33.5355 -98.8284 0.75 33.1819 -98.1213 0.75
4 16 30 -99 0.75 30 -100 0.75 31.9135 -99.6956 0.75 31.7221 -98.7717 0.75
2 24 34.5 -96 -0.75 35 -96 -0.75
2 24 35 -96 -0.75 35 -96 0.75
2 24 35 -96 0.75 34.5 -96 0.75
2 24 30 -100 0.75 30 -99 0.75
2 24 30 -100 -0.75 30 -99 -0.75
0 // third rib
1 16 28.285 -96 -5.6495 4.33 0.5 0 0 0 -4 -2.5 0.866 0  1-4edge.dat
1 16 29.035 -96 -4.3505 4.33 0.5 0 0 0 -4 -2.5 0.866 0  1-4edge.dat
1 16 29.035 -96 -4.3505 4.33 -0.75 0 0 0 -4 -2.5 -1.299 0  1-4cyli.dat
1 16 28.285 -96 -5.6495 3.897 0.5 0 0 0 -3 -2.25 0.866 0  1-4edge.dat
1 16 29.035 -96 -4.3505 3.897 0.5 0 0 0 -3 -2.25 0.866 0  1-4edge.dat
4 16 32.615 -96 -8.1495 32.2855 -97.5308 -7.9592 31.8854 -97.1481 -7.7283 32.182 -96 -7.8995
4 16 32.2855 -97.5308 -7.9592 31.3467 -98.8284 -7.4172 31.0405 -98.1213 -7.2404 31.8854 -97.1481 -7.7283
4 16 31.3467 -98.8284 -7.4172 29.9421 -99.6956 -6.6062 29.7763 -98.7717 -6.5106 31.0405 -98.1213 -7.2404
4 16 29.9421 -99.6956 -6.6062 28.285 -100 -5.6495 28.285 -99 -5.6495 29.7763 -98.7717 -6.5106
4 16 32.932 -96 -6.6005 32.6354 -97.1481 -6.4293 33.0355 -97.5308 -6.6603 33.365 -96 -6.8505
4 16 32.6354 -97.1481 -6.4293 31.7905 -98.1213 -5.9415 32.0967 -98.8284 -6.1182 33.0355 -97.5308 -6.6603
4 16 31.7905 -98.1213 -5.9415 30.5263 -98.7717 -5.2116 30.6921 -99.6956 -5.3073 32.0967 -98.8284 -6.1182
4 16 30.5263 -98.7717 -5.2116 29.035 -99 -4.3505 29.035 -100 -4.3505 30.6921 -99.6956 -5.3073
2 24 32.182 -96 -7.8995 32.615 -96 -8.1495
2 24 32.615 -96 -8.1495 33.365 -96 -6.8505
2 24 33.365 -96 -6.8505 32.932 -96 -6.6005
2 24 29.035 -100 -4.3505 29.035 -99 -4.3505
2 24 28.285 -100 -5.6495 28.285 -99 -5.6495
0 // fourth rib
1 16 24.3505 -96 -9.035 2.5 0.866 0 0 0 -4 -4.33 0.5 0  1-4edge.dat
1 16 25.6495 -96 -8.285 2.5 0.866 0 0 0 -4 -4.33 0.5 0  1-4edge.dat
1 16 25.6495 -96 -8.285 2.5 -1.299 0 0 0 -4 -4.33 -0.75 0  1-4cyli.dat
1 16 24.3505 -96 -9.035 2.25 0.866 0 0 0 -3 -3.897 0.5 0  1-4edge.dat
1 16 25.6495 -96 -8.285 2.25 0.866 0 0 0 -3 -3.897 0.5 0  1-4edge.dat
4 16 26.8505 -96 -13.365 26.6602 -97.5308 -13.0355 26.4293 -97.1481 -12.6354 26.6005 -96 -12.932
4 16 26.6602 -97.5308 -13.0355 26.1182 -98.8284 -12.0967 25.9415 -98.1213 -11.7905 26.4293 -97.1481 -12.6354
4 16 26.1182 -98.8284 -12.0967 25.3072 -99.6956 -10.6921 25.2115 -98.7717 -10.5263 25.9415 -98.1213 -11.7905
4 16 25.3072 -99.6956 -10.6921 24.3505 -100 -9.035 24.3505 -99 -9.035 25.2115 -98.7717 -10.5263
4 16 27.8995 -96 -12.182 27.7283 -97.1481 -11.8854 27.9592 -97.5308 -12.2855 28.1495 -96 -12.615
4 16 27.7283 -97.1481 -11.8854 27.2404 -98.1213 -11.0405 27.4172 -98.8284 -11.3467 27.9592 -97.5308 -12.2855
4 16 27.2404 -98.1213 -11.0405 26.5105 -98.7717 -9.7763 26.6063 -99.6956 -9.9421 27.4172 -98.8284 -11.3467
4 16 26.5105 -98.7717 -9.7763 25.6495 -99 -8.285 25.6495 -100 -8.285 26.6063 -99.6956 -9.9421
2 24 26.6005 -96 -12.932 26.8505 -96 -13.365
2 24 26.8505 -96 -13.365 28.1495 -96 -12.615
2 24 28.1495 -96 -12.615 27.8995 -96 -12.182
2 24 25.6495 -100 -8.285 25.6495 -99 -8.285
2 24 24.3505 -100 -9.035 24.3505 -99 -9.035
0 // fifth rib (centre)
1 16 19.25 -96 -10 0 1 0 0 0 -4 -5 0 0  1-4edge.dat
1 16 20.75 -96 -10 0 1 0 0 0 -4 -5 0 0  1-4edge.dat
1 16 20.75 -96 -10 0 -1.5 0 0 0 -4 -5 0 0  1-4cyli.dat
1 16 19.25 -96 -10 0 1 0 0 0 -3 -4.5 0 0  1-4edge.dat
1 16 20.75 -96 -10 0 1 0 0 0 -3 -4.5 0 0  1-4edge.dat
4 16 19.25 -96 -15 19.25 -97.5308 -14.6195 19.25 -97.1481 -14.1575 19.25 -96 -14.5
4 16 19.25 -97.5308 -14.6195 19.25 -98.8284 -13.5355 19.25 -98.1213 -13.1819 19.25 -97.1481 -14.1575
4 16 19.25 -98.8284 -13.5355 19.25 -99.6956 -11.9135 19.25 -98.7717 -11.7221 19.25 -98.1213 -13.1819
4 16 19.25 -99.6956 -11.9135 19.25 -100 -10 19.25 -99 -10 19.25 -98.7717 -11.7221
4 16 20.75 -96 -14.5 20.75 -97.1481 -14.1575 20.75 -97.5308 -14.6195 20.75 -96 -15
4 16 20.75 -97.1481 -14.1575 20.75 -98.1213 -13.1819 20.75 -98.8284 -13.5355 20.75 -97.5308 -14.6195
4 16 20.75 -98.1213 -13.1819 20.75 -98.7717 -11.7221 20.75 -99.6956 -11.9135 20.75 -98.8284 -13.5355
4 16 20.75 -98.7717 -11.7221 20.75 -99 -10 20.75 -100 -10 20.75 -99.6956 -11.9135
2 24 19.25 -96 -14.5 19.25 -96 -15
2 24 19.25 -96 -15 20.75 -96 -15
2 24 20.75 -96 -15 20.75 -96 -14.5
2 24 20.75 -100 -10 20.75 -99 -10
2 24 19.25 -100 -10 19.25 -99 -10
0 // sixth rib
1 16 14.3505 -96 -8.285 -2.5 0.866 0 0 0 -4 -4.33 -0.5 0  1-4edge.dat
1 16 15.6495 -96 -9.035 -2.5 0.866 0 0 0 -4 -4.33 -0.5 0  1-4edge.dat
1 16 15.6495 -96 -9.035 -2.5 -1.299 0 0 0 -4 -4.33 0.75 0  1-4cyli.dat
1 16 14.3505 -96 -8.285 -2.25 0.866 0 0 0 -3 -3.897 -0.5 0  1-4edge.dat
1 16 15.6495 -96 -9.035 -2.25 0.866 0 0 0 -3 -3.897 -0.5 0  1-4edge.dat
4 16 11.8505 -96 -12.615 12.0407 -97.5308 -12.2855 12.2717 -97.1481 -11.8854 12.1005 -96 -12.182
4 16 12.0407 -97.5308 -12.2855 12.5828 -98.8284 -11.3467 12.7596 -98.1213 -11.0405 12.2717 -97.1481 -11.8854
4 16 12.5828 -98.8284 -11.3467 13.3938 -99.6956 -9.9421 13.4894 -98.7717 -9.7763 12.7596 -98.1213 -11.0405
4 16 13.3938 -99.6956 -9.9421 14.3505 -100 -8.285 14.3505 -99 -8.285 13.4894 -98.7717 -9.7763
4 16 13.5708 -97.1481 -12.6354 13.3398 -97.5308 -13.0355 13.1495 -96 -13.365 13.3995 -96 -12.932
4 16 14.0585 -98.1213 -11.7905 13.8818 -98.8284 -12.0967 13.3398 -97.5308 -13.0355 13.5708 -97.1481 -12.6354
4 16 14.7885 -98.7717 -10.5263 14.6927 -99.6956 -10.6921 13.8818 -98.8284 -12.0967 14.0585 -98.1213 -11.7905
4 16 15.6495 -99 -9.035 15.6495 -100 -9.035 14.6927 -99.6956 -10.6921 14.7885 -98.7717 -10.5263
2 24 12.1005 -96 -12.182 11.8505 -96 -12.615
2 24 11.8505 -96 -12.615 13.1495 -96 -13.365
2 24 13.1495 -96 -13.365 13.3995 -96 -12.932
2 24 15.6495 -100 -9.035 15.6495 -99 -9.035
2 24 14.3505 -100 -8.285 14.3505 -99 -8.285
0 // seventh rib
1 16 10.965 -96 -4.3505 -4.33 0.5 0 0 0 -4 -2.5 -0.866 0  1-4edge.dat
1 16 11.715 -96 -5.6495 -4.33 0.5 0 0 0 -4 -2.5 -0.866 0  1-4edge.dat
1 16 11.715 -96 -5.6495 -4.33 -0.75 0 0 0 -4 -2.5 1.299 0  1-4cyli.dat
1 16 10.965 -96 -4.3505 -3.897 0.5 0 0 0 -3 -2.25 -0.866 0  1-4edge.dat
1 16 11.715 -96 -5.6495 -3.897 0.5 0 0 0 -3 -2.25 -0.866 0  1-4edge.dat
4 16 6.635 -96 -6.8505 6.9645 -97.5308 -6.6603 7.3646 -97.1481 -6.4293 7.068 -96 -6.6005
4 16 6.9645 -97.5308 -6.6603 7.9033 -98.8284 -6.1182 8.2095 -98.1213 -5.9415 7.3646 -97.1481 -6.4293
4 16 7.9033 -98.8284 -6.1182 9.3079 -99.6956 -5.3073 9.4737 -98.7717 -5.2116 8.2095 -98.1213 -5.9415
4 16 9.3079 -99.6956 -5.3073 10.965 -100 -4.3505 10.965 -99 -4.3505 9.4737 -98.7717 -5.2116
4 16 8.1146 -97.1481 -7.7283 7.7145 -97.5308 -7.9592 7.385 -96 -8.1495 7.818 -96 -7.8995
4 16 8.9595 -98.1213 -7.2404 8.6533 -98.8284 -7.4172 7.7145 -97.5308 -7.9592 8.1146 -97.1481 -7.7283
4 16 10.2237 -98.7717 -6.5106 10.0579 -99.6956 -6.6062 8.6533 -98.8284 -7.4172 8.9595 -98.1213 -7.2404
4 16 11.715 -99 -5.6495 11.715 -100 -5.6495 10.0579 -99.6956 -6.6062 10.2237 -98.7717 -6.5106
2 24 7.068 -96 -6.6005 6.635 -96 -6.8505
2 24 6.635 -96 -6.8505 7.385 -96 -8.1495
2 24 7.385 -96 -8.1495 7.818 -96 -7.8995
2 24 11.715 -100 -5.6495 11.715 -99 -5.6495
2 24 10.965 -100 -4.3505 10.965 -99 -4.3505
0 // eighth rib
1 16 10 -96 0.75 -5 0 0 0 0 -4 0 -1 0  1-4edge.dat
1 16 10 -96 -0.75 -5 0 0 0 0 -4 0 -1 0  1-4edge.dat
1 16 10 -96 -0.75 -5 0 0 0 0 -4 0 1.5 0  1-4cyli.dat
1 16 10 -96 0.75 -4.5 0 0 0 0 -3 0 -1 0  1-4edge.dat
1 16 10 -96 -0.75 -4.5 0 0 0 0 -3 0 -1 0  1-4edge.dat
4 16 5 -96 0.75 5.3805 -97.5308 0.75 5.8425 -97.1481 0.75 5.5 -96 0.75
4 16 5.3805 -97.5308 0.75 6.4645 -98.8284 0.75 6.8181 -98.1213 0.75 5.8425 -97.1481 0.75
4 16 6.4645 -98.8284 0.75 8.0865 -99.6956 0.75 8.2779 -98.7717 0.75 6.8181 -98.1213 0.75
4 16 8.0865 -99.6956 0.75 10 -100 0.75 10 -99 0.75 8.2779 -98.7717 0.75
4 16 5.8425 -97.1481 -0.75 5.3805 -97.5308 -0.75 5 -96 -0.75 5.5 -96 -0.75
4 16 6.8181 -98.1213 -0.75 6.4645 -98.8284 -0.75 5.3805 -97.5308 -0.75 5.8425 -97.1481 -0.75
4 16 8.2779 -98.7717 -0.75 8.0865 -99.6956 -0.75 6.4645 -98.8284 -0.75 6.8181 -98.1213 -0.75
4 16 10 -99 -0.75 10 -100 -0.75 8.0865 -99.6956 -0.75 8.2779 -98.7717 -0.75
2 24 5.5 -96 0.75 5 -96 0.75
2 24 5 -96 0.75 5 -96 -0.75
2 24 5 -96 -0.75 5.5 -96 -0.75
2 24 10 -100 -0.75 10 -99 -0.75
0 2 24 10 -100 0.75 10 -99 0.75
0 // ninth rib - truncated ay x=10
2 24 7.385 -96 8.1495 7.7145 -97.5308 7.9592
2 24 7.7145 -97.5308 7.9592 8.6533 -98.8284 7.4173
2 24 8.6533 -98.8284 7.4173 10 -99.6599 6.6396
2 24 6.635 -96 6.8505 6.9645 -97.5308 6.6603
2 24 6.9645 -97.5308 6.6603 7.9033 -98.8284 6.1182
2 24 7.9033 -98.8284 6.1182 9.3079 -99.6956 5.3073
2 24 9.3079 -99.6956 5.3073 10 -99.8227 4.9077
4 16 6.635 -96 6.8505 6.9645 -97.5308 6.6603 7.7145 -97.5308 7.9592 7.385 -96 8.1495
5 24 6.635 -96 6.8505 7.385 -96 8.1495 6.9645 -97.5308 6.6603 6.635 -92 6.8505
4 16 6.9645 -97.5308 6.6603 7.9033 -98.8284 6.1182 8.6533 -98.8284 7.4173 7.7145 -97.5308 7.9592
5 24 6.9645 -97.5308 6.6603 7.7145 -97.5308 7.9592 7.9033 -98.8284 6.1182 6.635 -96 6.8505
3 16 7.9033 -98.8284 6.1182 10 -99.6599 6.6396 8.6533 -98.8284 7.4173
4 16 7.9033 -98.8284 6.1182 9.3079 -99.6956 5.3073 10 -99.6956 6.5059 10 -99.6599 6.6396
2 24 10 -99.6599 6.6396 10 -99.6956 6.5059
2 24 10 -99.8227 4.9077 10 -99.6956 6.5059
5 24 7.9033 -98.8284 6.1182 8.6533 -98.8284 7.4173 9.3079 -99.6956 5.3073 6.9645 -97.5308 6.6603
3 16 9.3079 -99.6956 5.3073 10 -99.8227 4.9077 10 -99.6956 6.5059
5 24 9.3079 -99.6956 5.3073 10 -99.6599 6.6396 10.965 -100 4.3505 7.9033 -98.8284 6.1182
5 24 10.965 -100 4.3505 11.715 -100 5.6495 9.3079 -99.6956 5.3073 15.295 -100 1.8505
2 24 7.818 -96 7.8995 8.1146 -97.1481 7.7283
2 24 8.1146 -97.1481 7.7283 8.9594 -98.1213 7.2405
2 24 8.9594 -98.1213 7.2405 10 -98.6567 6.6397
2 24 7.068 -96 6.6005 7.3646 -97.1481 6.4293
2 24 7.3646 -97.1481 6.4293 8.2094 -98.1213 5.9415
2 24 8.2094 -98.1213 5.9415 9.4736 -98.7717 5.2116
2 24 9.4736 -98.7717 5.2116 10 -98.8523 4.9077
4 16 7.385 -96 8.1495 7.7145 -97.5308 7.9592 8.1146 -97.1481 7.7283 7.818 -96 7.8995
4 16 7.7145 -97.5308 7.9592 8.6533 -98.8284 7.4172 8.9595 -98.1213 7.2404 8.1146 -97.1481 7.7283
4 16 8.6533 -98.8284 7.4172 10 -99.6599 6.6396 10 -98.6567 6.6397 8.9595 -98.1213 7.2404
2 24 10 -99.6599 6.6396 10 -98.6567 6.6397
4 16 7.068 -96 6.6005 7.3646 -97.1481 6.4293 6.9645 -97.5308 6.6603 6.635 -96 6.8505
4 16 7.3646 -97.1481 6.4293 8.2095 -98.1213 5.9415 7.9033 -98.8284 6.1182 6.9645 -97.5308 6.6603
4 16 8.2095 -98.1213 5.9415 9.4737 -98.7717 5.2116 9.3079 -99.6956 5.3073 7.9033 -98.8284 6.1182
4 16 9.4737 -98.7717 5.2116 10 -98.8523 4.9077 10 -99.8227 4.9077 9.3079 -99.6956 5.3073
2 24 10 -98.8523 4.9077 10 -99.8227 4.9077
2 24 7.818 -96 7.8995 7.385 -96 8.1495
2 24 7.385 -96 8.1495 6.635 -96 6.8505
2 24 6.635 -96 6.8505 7.068 -96 6.6005
2 24 10.965 -100 4.3505 10.965 -99 4.3505
2 24 11.715 -100 5.6495 11.715 -99 5.6495
0 // fill-in ring
3 16 30 -100 -0.75 30 -100 0 29 -100 0
3 16 30 -100 -0.75 29 -100 0 29.6593 -100 -2.5882
4 16 29.035 -100 -4.3505 29.6593 -100 -2.5882 29 -100 0 28.315 -100 -3.444
3 16 29.035 -100 -4.3505 28.315 -100 -3.444 28.285 -100 -5.6495
4 16 27.0709 -100 -7.071 28.285 -100 -5.6495 28.315 -100 -3.444 26.364 -100 -6.364
3 16 20 -100 -9 19.25 -100 -10 20.75 -100 -10
3 16 20 -100 -9 20.75 -100 -10 22.5882 -100 -9.6593
4 16 20 -100 -9 22.5882 -100 -9.6593 24.3505 -100 -9.035 23.444 -100 -8.315
3 16 23.444 -100 -8.315 24.3505 -100 -9.035 25.6495 -100 -8.285
4 16 23.444 -100 -8.315 25.6495 -100 -8.285 27.071 -100 -7.0709 26.364 -100 -6.364
3 16 19.25 -100 -10 20 -100 -9 17.4118 -100 -9.6593
4 16 15.6495 -100 -9.035 17.4118 -100 -9.6593 20 -100 -9 16.556 -100 -8.315
3 16 15.6495 -100 -9.035 16.556 -100 -8.315 14.3505 -100 -8.285
4 16 12.929 -100 -7.0709 14.3505 -100 -8.285 16.556 -100 -8.315 13.636 -100 -6.364
3 16 11 -100 0 10 -100 0 10 -100 -0.75
3 16 11 -100 0 10 -100 -0.75 10.3407 -100 -2.5882
4 16 11 -100 0 10.3407 -100 -2.5882 10.965 -100 -4.3505 11.685 -100 -3.444
3 16 11.685 -100 -3.444 10.965 -100 -4.3505 11.715 -100 -5.6495
4 16 11.685 -100 -3.444 11.715 -100 -5.6495 12.9291 -100 -7.071 13.636 -100 -6.364
0 // between ribs
0 // 0..1
4 16 30.253 -96 10.2527 30 -96 10.4601 30 -97.1481 10.0196 30.0109 -97.1481 10.0106
3 16 30.0109 -97.1481 10.0106 30 -97.1481 10.0196 30 -97.1635 9.9997
4 16 30.0109 -97.1481 10.0106 31.8855 -97.1481 7.7276 32.182 -96 7.8989 30.253 -96 10.2527
3 16 30.0109 -97.1481 10.0106 30 -97.1635 9.9997 31.8855 -97.1481 7.7276
4 16 30 -98.1213 8.4992 31.0406 -98.1213 7.2399 31.8855 -97.1481 7.7276 30 -97.1635 9.9997
3 16 30 -98.6567 6.6392 31.0406 -98.1213 7.2399 30 -98.1213 8.4992
2 24 30 -96 10.4601 30 -97.1481 10.0196
2 24 30 -97.1481 10.0196 30 -97.1635 9.9997
2 24 30 -97.1635 9.9997 30 -98.1213 8.4992
2 24 30 -98.1213 8.4992 30 -98.6567 6.6392
2 24 27.8995 -96 12.182 30.253 -96 10.2527
5 24 27.7283 -97.1481 11.8854 30.0109 -97.1481 10.0106 30.253 -96 10.2527 29.3211 -98.1213 9.3208
5 24 27.2404 -98.1213 11.0405 29.3211 -98.1213 9.3208 30.0109 -97.1481 10.0106 28.2888 -98.7717 8.2886
5 24 26.5105 -98.7717 9.7763 28.2888 -98.7717 8.2886 29.3211 -98.1213 9.3208 27.071 -99 7.0709
2 24 25.6495 -99 8.285 27.071 -99 7.0709
2 24 32.182 -96 7.8989 30.253 -96 10.2527
5 24 31.8855 -97.1481 7.7276 30.0109 -97.1481 10.0106 30.253 -96 10.2527 29.3211 -98.1213 9.3208
5 24 31.0406 -98.1213 7.2399 29.3211 -98.1213 9.3208 30.0109 -97.1481 10.0106 28.2888 -98.7717 8.2886
0 // 1..2
4 16 32.932 -96 6.6005 32.6354 -97.1481 6.4293 33.6749 -97.1481 3.6643 34.0056 -96 3.753
4 16 32.6354 -97.1481 6.4293 31.7905 -98.1213 5.9415 32.7326 -98.1213 3.4118 33.6749 -97.1481 3.6643
4 16 31.7905 -98.1213 5.9415 30.5263 -98.7717 5.2116 31.3225 -98.7717 3.034 32.7326 -98.1213 3.4118
4 16 30.5263 -98.7717 5.2116 30 -98.8523 4.9077 30 -98.9532 2.6796 31.3225 -98.7717 3.034
4 16 33.6749 -97.1481 3.6643 34.1569 -97.1481 0.7499 34.4994 -96 0.75 34.0056 -96 3.753
4 16 32.7326 -98.1213 3.4118 33.1814 -98.1213 0.75 34.1569 -97.1481 0.7499 33.6749 -97.1481 3.6643
4 16 31.3225 -98.7717 3.034 31.7217 -98.7717 0.75 33.1814 -98.1213 0.75 32.7326 -98.1213 3.4118
4 16 31.3225 -98.7717 3.034 30 -98.9532 2.6796 30 -98.9999 0.75 31.7217 -98.7717 0.75
2 24 32.932 -96 6.6005 34.0056 -96 3.753
5 24 32.6354 -97.1481 6.4293 33.6749 -97.1481 3.6643 34.0056 -96 3.753 32.7326 -98.1213 3.4118
5 24 31.7905 -98.1213 5.9415 32.7326 -98.1213 3.4118 33.6749 -97.1481 3.6643 31.3225 -98.7717 3.034
5 24 30.5263 -98.7717 5.2116 31.3225 -98.7717 3.034 32.7326 -98.1213 3.4118 29.6591 -99 2.5883
2 24 29.035 -99 4.3505 29.6591 -99 2.5883
2 24 34.4994 -96 0.75 34.0056 -96 3.753
5 24 34.1569 -97.1481 0.7499 33.6749 -97.1481 3.6643 34.0056 -96 3.753 32.7326 -98.1213 3.4118
5 24 33.1814 -98.1213 0.75 32.7326 -98.1213 3.4118 33.6749 -97.1481 3.6643 31.3225 -98.7717 3.034
5 24 31.7217 -98.7717 0.75 31.3225 -98.7717 3.034 32.7326 -98.1213 3.4118 29.6591 -99 2.5883
2 24 29.9996 -99 0.75 29.6591 -99 2.5883
2 24 30 -98.8523 4.9077 30 -98.9532 2.6796
2 24 30 -98.9532 2.6796 30 -98.9999 0.75
0 // 2..3
4 16 34.5 -96 -0.75 34.1575 -97.1481 -0.75 33.6752 -97.1481 -3.6643 34.006 -96 -3.7529
4 16 34.1575 -97.1481 -0.75 33.1819 -98.1213 -0.75 32.7329 -98.1213 -3.4118 33.6752 -97.1481 -3.6643
4 16 33.1819 -98.1213 -0.75 31.7221 -98.7717 -0.75 31.3228 -98.7717 -3.0339 32.7329 -98.1213 -3.4118
4 16 31.7221 -98.7717 -0.75 30 -99 -0.75 29.6593 -99 -2.5882 31.3228 -98.7717 -3.0339
4 16 33.6752 -97.1481 -3.6643 32.6354 -97.1481 -6.4293 32.932 -96 -6.6005 34.006 -96 -3.7529
4 16 32.7329 -98.1213 -3.4118 31.7906 -98.1213 -5.9415 32.6354 -97.1481 -6.4293 33.6752 -97.1481 -3.6643
4 16 31.3228 -98.7717 -3.0339 30.5264 -98.7717 -5.2116 31.7906 -98.1213 -5.9415 32.7329 -98.1213 -3.4118
4 16 29.6593 -99 -2.5882 29.035 -99 -4.3505 30.5264 -98.7717 -5.2116 31.3228 -98.7717 -3.0339
2 24 34.5 -96 -0.75 34.006 -96 -3.7529
5 24 34.1575 -97.1481 -0.75 33.6752 -97.1481 -3.6643 34.006 -96 -3.7529 32.7329 -98.1213 -3.4118
5 24 33.1819 -98.1213 -0.75 32.7329 -98.1213 -3.4118 33.6752 -97.1481 -3.6643 31.3228 -98.7717 -3.0339
5 24 31.7221 -98.7717 -0.75 31.3228 -98.7717 -3.0339 32.7329 -98.1213 -3.4118 29.6593 -99 -2.5882
2 24 30 -99 -0.75 29.6593 -99 -2.5882
2 24 32.932 -96 -6.6005 34.006 -96 -3.7529
5 24 32.6354 -97.1481 -6.4293 33.6752 -97.1481 -3.6643 34.006 -96 -3.7529 32.7329 -98.1213 -3.4118
5 24 31.7906 -98.1213 -5.9415 32.7329 -98.1213 -3.4118 33.6752 -97.1481 -3.6643 31.3228 -98.7717 -3.0339
5 24 30.5264 -98.7717 -5.2116 31.3228 -98.7717 -3.0339 32.7329 -98.1213 -3.4118 29.6593 -99 -2.5882
2 24 29.035 -99 -4.3505 29.6593 -99 -2.5882
4 16 30 -100 -0.75 29.6593 -100 -2.5882 29.6593 -99 -2.5882 30 -99 -0.75
4 16 29.035 -99 -4.3505 29.6593 -99 -2.5882 29.6593 -100 -2.5882 29.035 -100 -4.3505
2 24 30 -100 -0.75 29.6593 -100 -2.5882
2 24 29.035 -100 -4.3505 29.6593 -100 -2.5882
0 // 3..4
4 16 32.182 -96 -7.8995 31.8854 -97.1481 -7.7283 30.0106 -97.1481 -10.0109 30.2527 -96 -10.253
4 16 31.8854 -97.1481 -7.7283 31.0405 -98.1213 -7.2404 29.3208 -98.1213 -9.3211 30.0106 -97.1481 -10.0109
4 16 31.0405 -98.1213 -7.2404 29.7763 -98.7717 -6.5106 28.2886 -98.7717 -8.2888 29.3208 -98.1213 -9.3211
4 16 29.7763 -98.7717 -6.5106 28.285 -99 -5.6495 27.0709 -99 -7.071 28.2886 -98.7717 -8.2888
4 16 30.0106 -97.1481 -10.0109 27.7276 -97.1481 -11.8855 27.8989 -96 -12.182 30.2527 -96 -10.253
4 16 29.3208 -98.1213 -9.3211 27.2399 -98.1213 -11.0406 27.7276 -97.1481 -11.8855 30.0106 -97.1481 -10.0109
4 16 28.2886 -98.7717 -8.2888 26.5101 -98.7717 -9.7764 27.2399 -98.1213 -11.0406 29.3208 -98.1213 -9.3211
4 16 27.0709 -99 -7.071 25.6491 -99 -8.285 26.5101 -98.7717 -9.7764 28.2886 -98.7717 -8.2888
2 24 32.182 -96 -7.8995 30.2527 -96 -10.253
5 24 31.8854 -97.1481 -7.7283 30.0106 -97.1481 -10.0109 30.2527 -96 -10.253 29.3208 -98.1213 -9.3211
5 24 31.0405 -98.1213 -7.2404 29.3208 -98.1213 -9.3211 30.0106 -97.1481 -10.0109 28.2886 -98.7717 -8.2888
5 24 29.7763 -98.7717 -6.5106 28.2886 -98.7717 -8.2888 29.3208 -98.1213 -9.3211 27.0709 -99 -7.071
2 24 28.285 -99 -5.6495 27.0709 -99 -7.071
2 24 27.8989 -96 -12.182 30.2527 -96 -10.253
5 24 27.7276 -97.1481 -11.8855 30.0106 -97.1481 -10.0109 30.2527 -96 -10.253 29.3208 -98.1213 -9.3211
5 24 27.2399 -98.1213 -11.0406 29.3208 -98.1213 -9.3211 30.0106 -97.1481 -10.0109 28.2886 -98.7717 -8.2888
5 24 26.5101 -98.7717 -9.7764 28.2886 -98.7717 -8.2888 29.3208 -98.1213 -9.3211 27.0709 -99 -7.071
2 24 25.6491 -99 -8.285 27.0709 -99 -7.071
4 16 28.285 -100 -5.6495 27.0709 -100 -7.071 27.0709 -99 -7.071 28.285 -99 -5.6495
4 16 25.6491 -100 -8.285 25.6491 -99 -8.285 27.0709 -99 -7.071 27.0709 -100 -7.071
2 24 28.285 -100 -5.6495 27.0709 -100 -7.071
2 24 25.6491 -100 -8.285 27.0709 -100 -7.071
0 // 4..5
4 16 26.6005 -96 -12.932 26.4293 -97.1481 -12.6354 23.6643 -97.1481 -13.6749 23.753 -96 -14.0056
4 16 26.4293 -97.1481 -12.6354 25.9415 -98.1213 -11.7905 23.4118 -98.1213 -12.7326 23.6643 -97.1481 -13.6749
4 16 25.9415 -98.1213 -11.7905 25.2115 -98.7717 -10.5263 23.034 -98.7717 -11.3225 23.4118 -98.1213 -12.7326
4 16 25.2115 -98.7717 -10.5263 24.3505 -99 -9.035 22.5883 -99 -9.6591 23.034 -98.7717 -11.3225
4 16 23.6643 -97.1481 -13.6749 20.7499 -97.1481 -14.1569 20.75 -96 -14.4994 23.753 -96 -14.0056
4 16 23.4118 -98.1213 -12.7326 20.75 -98.1213 -13.1814 20.7499 -97.1481 -14.1569 23.6643 -97.1481 -13.6749
4 16 23.034 -98.7717 -11.3225 20.75 -98.7717 -11.7217 20.75 -98.1213 -13.1814 23.4118 -98.1213 -12.7326
4 16 22.5883 -99 -9.6591 20.75 -99 -9.9996 20.75 -98.7717 -11.7217 23.034 -98.7717 -11.3225
2 24 26.6005 -96 -12.932 23.753 -96 -14.0056
5 24 26.4293 -97.1481 -12.6354 23.6643 -97.1481 -13.6749 23.753 -96 -14.0056 23.4118 -98.1213 -12.7326
5 24 25.9415 -98.1213 -11.7905 23.4118 -98.1213 -12.7326 23.6643 -97.1481 -13.6749 23.034 -98.7717 -11.3225
5 24 25.2115 -98.7717 -10.5263 23.034 -98.7717 -11.3225 23.4118 -98.1213 -12.7326 22.5883 -99 -9.6591
2 24 24.3505 -99 -9.035 22.5883 -99 -9.6591
2 24 20.75 -96 -14.4994 23.753 -96 -14.0056
5 24 20.7499 -97.1481 -14.1569 23.6643 -97.1481 -13.6749 23.753 -96 -14.0056 23.4118 -98.1213 -12.7326
5 24 20.75 -98.1213 -13.1814 23.4118 -98.1213 -12.7326 23.6643 -97.1481 -13.6749 23.034 -98.7717 -11.3225
5 24 20.75 -98.7717 -11.7217 23.034 -98.7717 -11.3225 23.4118 -98.1213 -12.7326 22.5883 -99 -9.6591
2 24 20.75 -99 -9.9996 22.5883 -99 -9.6591
4 16 24.3505 -100 -9.035 22.5883 -100 -9.6591 22.5883 -99 -9.6591 24.3505 -99 -9.035
4 16 20.75 -99 -9.9996 22.5883 -99 -9.6591 22.5883 -100 -9.6591 20.75 -100 -9.9996
2 24 24.3505 -100 -9.035 22.5883 -100 -9.6591
2 24 20.75 -100 -9.9996 22.5883 -100 -9.6591
0 // 5..6
4 16 19.25 -96 -14.5 19.25 -97.1481 -14.1575 16.3357 -97.1481 -13.6752 16.2471 -96 -14.006
4 16 19.25 -97.1481 -14.1575 19.25 -98.1213 -13.1819 16.5882 -98.1213 -12.7329 16.3357 -97.1481 -13.6752
4 16 19.25 -98.1213 -13.1819 19.25 -98.7717 -11.7221 16.9661 -98.7717 -11.3228 16.5882 -98.1213 -12.7329
4 16 19.25 -98.7717 -11.7221 19.25 -99 -10 17.4118 -99 -9.6593 16.9661 -98.7717 -11.3228
4 16 16.3357 -97.1481 -13.6752 13.5707 -97.1481 -12.6354 13.3995 -96 -12.932 16.2471 -96 -14.006
4 16 16.5882 -98.1213 -12.7329 14.0585 -98.1213 -11.7906 13.5707 -97.1481 -12.6354 16.3357 -97.1481 -13.6752
4 16 16.9661 -98.7717 -11.3228 14.7884 -98.7717 -10.5264 14.0585 -98.1213 -11.7906 16.5882 -98.1213 -12.7329
4 16 17.4118 -99 -9.6593 15.6495 -99 -9.035 14.7884 -98.7717 -10.5264 16.9661 -98.7717 -11.3228
2 24 19.25 -96 -14.5 16.2471 -96 -14.006
5 24 19.25 -97.1481 -14.1575 16.3357 -97.1481 -13.6752 16.2471 -96 -14.006 16.5882 -98.1213 -12.7329
5 24 19.25 -98.1213 -13.1819 16.5882 -98.1213 -12.7329 16.3357 -97.1481 -13.6752 16.9661 -98.7717 -11.3228
5 24 19.25 -98.7717 -11.7221 16.9661 -98.7717 -11.3228 16.5882 -98.1213 -12.7329 17.4118 -99 -9.6593
2 24 19.25 -99 -10 17.4118 -99 -9.6593
2 24 13.3995 -96 -12.932 16.2471 -96 -14.006
5 24 13.5707 -97.1481 -12.6354 16.3357 -97.1481 -13.6752 16.2471 -96 -14.006 16.5882 -98.1213 -12.7329
5 24 14.0585 -98.1213 -11.7906 16.5882 -98.1213 -12.7329 16.3357 -97.1481 -13.6752 16.9661 -98.7717 -11.3228
5 24 14.7884 -98.7717 -10.5264 16.9661 -98.7717 -11.3228 16.5882 -98.1213 -12.7329 17.4118 -99 -9.6593
2 24 15.6495 -99 -9.035 17.4118 -99 -9.6593
4 16 19.25 -100 -10 17.4118 -100 -9.6593 17.4118 -99 -9.6593 19.25 -99 -10
4 16 15.6495 -99 -9.035 17.4118 -99 -9.6593  17.4118 -100 -9.6593 15.6495 -100 -9.035
2 24 19.25 -100 -10 17.4118 -100 -9.6593
2 24 15.6495 -100 -9.035 17.4118 -100 -9.6593
0 // 6..7
4 16 12.1005 -96 -12.182 12.2717 -97.1481 -11.8854 9.9891 -97.1481 -10.0106 9.747 -96 -10.2527
4 16 12.2717 -97.1481 -11.8854 12.7596 -98.1213 -11.0405 10.6789 -98.1213 -9.3208 9.9891 -97.1481 -10.0106
4 16 12.7596 -98.1213 -11.0405 13.4894 -98.7717 -9.7763 11.7112 -98.7717 -8.2886 10.6789 -98.1213 -9.3208
4 16 13.4894 -98.7717 -9.7763 14.3505 -99 -8.285 12.929 -99 -7.0709 11.7112 -98.7717 -8.2886
4 16 9.9891 -97.1481 -10.0106 8.1145 -97.1481 -7.7276 7.818 -96 -7.8989 9.747 -96 -10.2527
4 16 10.6789 -98.1213 -9.3208 8.9594 -98.1213 -7.2399 8.1145 -97.1481 -7.7276 9.9891 -97.1481 -10.0106
4 16 11.7112 -98.7717 -8.2886 10.2236 -98.7717 -6.5101 8.9594 -98.1213 -7.2399 10.6789 -98.1213 -9.3208
4 16 12.929 -99 -7.0709 11.715 -99 -5.6491 10.2236 -98.7717 -6.5101 11.7112 -98.7717 -8.2886
2 24 12.1005 -96 -12.182 9.747 -96 -10.2527
5 24 12.2717 -97.1481 -11.8854 9.9891 -97.1481 -10.0106 9.747 -96 -10.2527 10.6789 -98.1213 -9.3208
5 24 12.7596 -98.1213 -11.0405 10.6789 -98.1213 -9.3208 9.9891 -97.1481 -10.0106 11.7112 -98.7717 -8.2886
5 24 13.4894 -98.7717 -9.7763 11.7112 -98.7717 -8.2886 10.6789 -98.1213 -9.3208 12.929 -99 -7.0709
2 24 14.3505 -99 -8.285 12.929 -99 -7.0709
2 24 7.818 -96 -7.8989 9.747 -96 -10.2527
5 24 8.1145 -97.1481 -7.7276 9.9891 -97.1481 -10.0106 9.747 -96 -10.2527 10.6789 -98.1213 -9.3208
5 24 8.9594 -98.1213 -7.2399 10.6789 -98.1213 -9.3208 9.9891 -97.1481 -10.0106 11.7112 -98.7717 -8.2886
5 24 10.2236 -98.7717 -6.5101 11.7112 -98.7717 -8.2886 10.6789 -98.1213 -9.3208 12.929 -99 -7.0709
2 24 11.715 -99 -5.6491 12.929 -99 -7.0709
4 16 14.3505 -100 -8.285 12.929 -100 -7.0709 12.929 -99 -7.0709 14.3505 -99 -8.285
4 16 11.715 -99 -5.6491 12.929 -99 -7.0709 12.929 -100 -7.0709 11.715 -100 -5.6491
2 24 14.3505 -100 -8.285 12.929 -100 -7.0709
2 24 11.715 -100 -5.6491 12.929 -100 -7.0709
0 // 7..8
4 16 7.068 -96 -6.6005 7.3646 -97.1481 -6.4293 6.3251 -97.1481 -3.6643 5.9944 -96 -3.753
4 16 7.3646 -97.1481 -6.4293 8.2095 -98.1213 -5.9415 7.2674 -98.1213 -3.4118 6.3251 -97.1481 -3.6643
4 16 8.2095 -98.1213 -5.9415 9.4737 -98.7717 -5.2116 8.6775 -98.7717 -3.034 7.2674 -98.1213 -3.4118
4 16 9.4737 -98.7717 -5.2116 10.965 -99 -4.3505 10.3409 -99 -2.5883 8.6775 -98.7717 -3.034
4 16 6.3251 -97.1481 -3.6643 5.8431 -97.1481 -0.7499 5.5006 -96 -0.75 5.9944 -96 -3.753
4 16 7.2674 -98.1213 -3.4118 6.8186 -98.1213 -0.75 5.8431 -97.1481 -0.7499 6.3251 -97.1481 -3.6643
4 16 8.6775 -98.7717 -3.034 8.2783 -98.7717 -0.75 6.8186 -98.1213 -0.75 7.2674 -98.1213 -3.4118
4 16 10.3409 -99 -2.5883 10.0004 -99 -0.75 8.2783 -98.7717 -0.75 8.6775 -98.7717 -3.034
2 24 7.068 -96 -6.6005 5.9944 -96 -3.753
5 24 7.3646 -97.1481 -6.4293 6.3251 -97.1481 -3.6643 5.9944 -96 -3.753 7.2674 -98.1213 -3.4118
5 24 8.2095 -98.1213 -5.9415 7.2674 -98.1213 -3.4118 6.3251 -97.1481 -3.6643 8.6775 -98.7717 -3.034
5 24 9.4737 -98.7717 -5.2116 8.6775 -98.7717 -3.034 7.2674 -98.1213 -3.4118 10.3409 -99 -2.5883
2 24 10.965 -99 -4.3505 10.3409 -99 -2.5883
2 24 5.5006 -96 -0.75 5.9944 -96 -3.753
5 24 5.8431 -97.1481 -0.7499 6.3251 -97.1481 -3.6643 5.9944 -96 -3.753 7.2674 -98.1213 -3.4118
5 24 6.8186 -98.1213 -0.75 7.2674 -98.1213 -3.4118 6.3251 -97.1481 -3.6643 8.6775 -98.7717 -3.034
5 24 8.2783 -98.7717 -0.75 8.6775 -98.7717 -3.034 7.2674 -98.1213 -3.4118 10.3409 -99 -2.5883
2 24 10.0004 -99 -0.75 10.3409 -99 -2.5883
4 16 10.965 -100 -4.3505 10.3409 -100 -2.5883 10.3409 -99 -2.5883 10.965 -99 -4.3505
4 16 10.0004 -99 -0.75 10.3409 -99 -2.5883  10.3409 -100 -2.5883 10.0004 -100 -0.75
2 24 10.965 -100 -4.3505 10.3409 -100 -2.5883
2 24 10.0004 -100 -0.75 10.3409 -100 -2.5883
0 // 8..9
4 16 5.5 -96 0.75 5.8425 -97.1481 0.75 6.3248 -97.1481 3.6643 5.994 -96 3.7529
4 16 5.8425 -97.1481 0.75 6.8181 -98.1213 0.75 7.2671 -98.1213 3.4118 6.3248 -97.1481 3.6643
4 16 6.8181 -98.1213 0.75 8.2779 -98.7717 0.75 8.6772 -98.7717 3.0339 7.2671 -98.1213 3.4118
4 16 8.2779 -98.7717 0.75 10 -99 0.75 10 -98.9532 2.6795 8.6772 -98.7717 3.0339
4 16 6.3248 -97.1481 3.6643 7.3646 -97.1481 6.4293 7.068 -96 6.6005 5.994 -96 3.7529
4 16 7.2671 -98.1213 3.4118 8.2094 -98.1213 5.9415 7.3646 -97.1481 6.4293 6.3248 -97.1481 3.6643
4 16 8.6772 -98.7717 3.0339 9.4736 -98.7717 5.2116 8.2094 -98.1213 5.9415 7.2671 -98.1213 3.4118
4 16 8.6772 -98.7717 3.0339 10 -98.9532 2.6795 10 -98.8523 4.9077 9.4736 -98.7717 5.2116
2 24 5.5 -96 0.75 5.994 -96 3.7529
5 24 5.8425 -97.1481 0.75 6.3248 -97.1481 3.6643 5.994 -96 3.7529 7.2671 -98.1213 3.4118
5 24 6.8181 -98.1213 0.75 7.2671 -98.1213 3.4118 6.3248 -97.1481 3.6643 8.6772 -98.7717 3.0339
5 24 8.2779 -98.7717 0.75 8.6772 -98.7717 3.0339 7.2671 -98.1213 3.4118 10.3407 -99 2.5882
2 24 10 -99 0.75 10.3407 -99 2.5882
2 24 7.068 -96 6.6005 5.994 -96 3.7529
5 24 7.3646 -97.1481 6.4293 6.3248 -97.1481 3.6643 5.994 -96 3.7529 7.2671 -98.1213 3.4118
5 24 8.2094 -98.1213 5.9415 7.2671 -98.1213 3.4118 6.3248 -97.1481 3.6643 8.6772 -98.7717 3.0339
5 24 9.4736 -98.7717 5.2116 8.6772 -98.7717 3.0339 7.2671 -98.1213 3.4118 10.3407 -99 2.5882
2 24 10.965 -99 4.3505 10.3407 -99 2.5882
2 24 10 -99 0.75 10 -98.9532 2.6795
2 24 10 -98.9532 2.6795 10 -98.8523 4.9077
0 // 9..10
4 16 7.818 -96 7.8995 8.1146 -97.1481 7.7283 9.9894 -97.1481 10.0109 9.7473 -96 10.253
3 16 8.1146 -97.1481 7.7283 10 -97.1631 10.0003 9.9894 -97.1481 10.0109
4 16 10 -97.1631 10.0003 8.1146 -97.1481 7.7283 8.9595 -98.1213 7.2404 10 -98.1213 8.4993
3 16 10 -98.1213 8.4993 8.9595 -98.1213 7.2404 10 -98.6566 6.6397
4 16 9.9894 -97.1481 10.0109 10 -97.1481 10.0196 10 -96 10.4601 9.7473 -96 10.253
3 16 10 -97.1481 10.0196 9.9894 -97.1481 10.0109 10 -97.1631 10.0003
2 24 7.818 -96 7.8995 9.7473 -96 10.253
5 24 8.1146 -97.1481 7.7283 9.9894 -97.1481 10.0109 9.7473 -96 10.253 10.6792 -98.1213 9.3211
5 24 8.9595 -98.1213 7.2404 10.6792 -98.1213 9.3211 9.9894 -97.1481 10.0109 11.7114 -98.7717 8.2888
5 24 10.2237 -98.7717 6.5106 11.7114 -98.7717 8.2888 10.6792 -98.1213 9.3211 12.9291 -99 7.071
2 24 11.715 -99 5.6495 12.9291 -99 7.071
2 24 12.1011 -96 12.182 9.7473 -96 10.253
5 24 12.2724 -97.1481 11.8855 9.9894 -97.1481 10.0109 9.7473 -96 10.253 10.6792 -98.1213 9.3211
5 24 12.7601 -98.1213 11.0406 10.6792 -98.1213 9.3211 9.9894 -97.1481 10.0109 11.7114 -98.7717 8.2888
5 24 13.4899 -98.7717 9.7764 11.7114 -98.7717 8.2888 10.6792 -98.1213 9.3211 12.9291 -99 7.071
2 24 14.3509 -99 8.285 12.9291 -99 7.071
2 24 10 -96 10.4601 10 -97.1481 10.0196
2 24 10 -97.1481 10.0196 10 -97.1631 10.0003
2 24 10 -97.1631 10.0003 10 -98.1213 8.4993
2 24 10 -98.1213 8.4993 10 -98.6566 6.6397
0 // wording
0 // "O"
1 16 17 -100 15 2.5 0 0 0 1 0 0 0 3.125  4-4edge.dat
1 16 17 -100 15 2 0 0 0 1 0 0 0 2.5  4-4edge.dat
1 16 17 -100.5 15 2.5 0 0 0 1 0 0 0 3.125  4-4edge.dat
1 16 17 -100.5 15 2 0 0 0 1 0 0 0 2.5  4-4edge.dat
1 16 17 -100.5 15 2.5 0 0 0 0.5 0 0 0 3.125  4-4cyli.dat
0 BFC INVERTNEXT
1 16 17 -100.5 15 2 0 0 0 0.5 0 0 0 2.5  4-4cyli.dat
1 16 17 -100.5 15 0.5 0 0 0 1 0 0 0 0.625  4-4ring4.dat
0 // "N"
2 24 20.5 -100 12 20.5 -100 18
2 24 20.5 -100 18 20.853 -100 18
2 24 20.853 -100 18 24.5 -100 13
2 24 24.5 -100 13 24.5 -100 18
2 24 24.5 -100 18 25 -100 18
2 24 25 -100 18 25 -100 12
2 24 25 -100 12 24.647 -100 12
2 24 24.647 -100 12 21 -100 17
2 24 21 -100 17 21 -100 12
2 24 21 -100 12 20.5 -100 12
2 24 20.5 -100.5 12 20.5 -100.5 18
2 24 20.5 -100.5 18 20.853 -100.5 18
2 24 20.853 -100.5 18 24.5 -100.5 13
2 24 24.5 -100.5 13 24.5 -100.5 18
2 24 24.5 -100.5 18 25 -100.5 18
2 24 25 -100.5 18 25 -100.5 12
2 24 25 -100.5 12 24.647 -100.5 12
2 24 24.647 -100.5 12 21 -100.5 17
2 24 21 -100.5 17 21 -100.5 12
2 24 21 -100.5 12 20.5 -100.5 12
4 16 20.5 -100.5 12 21 -100.5 12 21 -100.5 17 20.5 -100.5 18
4 16 24.5 -100.5 13 20.853 -100.5 18 20.5 -100.5 18 21 -100.5 17
4 16 25 -100.5 18 24.5 -100.5 18 24.5 -100.5 13 25 -100.5 12
4 16 21 -100.5 17 24.647 -100.5 12 25 -100.5 12 24.5 -100.5 13
4 16 20.5 -100.5 12 20.5 -100.5 18 20.5 -100 18 20.5 -100 12
4 16 20.853 -100.5 18 20.853 -100 18 20.5 -100 18 20.5 -100.5 18
4 16 24.5 -100.5 13 24.5 -100 13 20.853 -100 18 20.853 -100.5 18
4 16 24.5 -100.5 13 24.5 -100.5 18 24.5 -100 18 24.5 -100 13
4 16 25 -100.5 18 25 -100 18 24.5 -100 18 24.5 -100.5 18
4 16 25 -100.5 18 25 -100.5 12 25 -100 12 25 -100 18
4 16 24.647 -100.5 12 24.647 -100 12 25 -100 12 25 -100.5 12
4 16 21 -100.5 17 21 -100 17 24.647 -100 12 24.647 -100.5 12
4 16 21 -100.5 17 21 -100.5 12 21 -100 12 21 -100 17
4 16 20.5 -100.5 12 20.5 -100 12 21 -100 12 21 -100.5 12
2 24 20.5 -100.5 12 20.5 -100 12
2 24 20.5 -100.5 18 20.5 -100 18
2 24 20.853 -100.5 18 20.853 -100 18
2 24 24.5 -100.5 13 24.5 -100 13
2 24 24.5 -100.5 18 24.5 -100 18
2 24 25 -100.5 18 25 -100 18
2 24 25 -100.5 12 25 -100 12
2 24 24.647 -100.5 12 24.647 -100 12
2 24 21 -100.5 17 21 -100 17
2 24 21 -100.5 12 21 -100 12

0 // Selector detail
4 16 2 -96 -24 -40 -96 -24 -40 -96 -36 2 -96 -36
1 16 -20 -96 0 20 0 0 0 1 0 0 0 20 2-4ndis.dat

1 16 -20 -104 0 9 0 0 0 1 0 0 0 9 4-4edge.dat
0 BFC INVERTNEXT
1 16 -20 -104 0 9 0 0 0 4 0 0 0 9 4-4cyli.dat

0 // "1"
2 24 -40 -96 -21 -39.5 -96 -21
2 24 -39.5 -96 -21 -39.5 -96 -15
2 24 -39.5 -96 -15 -40 -96 -15
2 24 -40 -96 -15 -41 -96 -15.75
2 24 -41 -96 -15.75 -40 -96 -15.75
2 24 -40 -96 -15.75 -40 -96 -21
2 24 -40 -96.5 -21 -39.5 -96.5 -21
2 24 -39.5 -96.5 -21 -39.5 -96.5 -15
2 24 -39.5 -96.5 -15 -40 -96.5 -15
2 24 -40 -96.5 -15 -41 -96.5 -15.75
2 24 -41 -96.5 -15.75 -40 -96.5 -15.75
2 24 -40 -96.5 -15.75 -40 -96.5 -21
4 16 -40 -96 -21 -39.5 -96 -21 -39.5 -96.5 -21 -40 -96.5 -21
4 16 -39.5 -96 -21 -39.5 -96 -15 -39.5 -96.5 -15 -39.5 -96.5 -21
4 16 -39.5 -96 -15 -40 -96 -15 -40 -96.5 -15 -39.5 -96.5 -15
4 16 -40 -96 -15 -41 -96 -15.75 -41 -96.5 -15.75 -40 -96.5 -15
4 16 -41 -96 -15.75 -40 -96 -15.75 -40 -96.5 -15.75 -41 -96.5 -15.75
4 16 -40 -96 -15.75 -40 -96 -21 -40 -96.5 -21 -40 -96.5 -15.75
4 16 -39.5 -96.5 -21 -39.5 -96.5 -15 -40 -96.5 -15 -40 -96.5 -21
3 16 -40 -96.5 -15 -41 -96.5 -15.75 -40 -96.5 -15.75
0 // "2"
2 24 -22 -96 -31 -18 -96 -31
2 24 -18 -96 -31 -18 -96 -30.5
2 24 -18 -96 -30.5 -21.25 -96 -30.5
2 24 -21.25 -96 -30.5 -18 -96 -27.25
2 24 -18 -96 -27.25 -18 -96 -27
1 16 -20 -96 -27 2 0 0 0 1 0 0 0 2 2-4edge.dat
2 24 -22 -96 -27 -21.5 -96 -27
1 16 -20 -96 -27 1.5 0 0 0 1 0 0 0 1.5 2-4edge.dat
2 24 -18.5 -96 -27 -22 -96 -30.5
2 24 -22 -96 -30.5 -22 -96 -31
2 24 -22 -96.5 -31 -18 -96.5 -31
2 24 -18 -96.5 -31 -18 -96.5 -30.5
2 24 -18 -96.5 -30.5 -21.25 -96.5 -30.5
2 24 -21.25 -96.5 -30.5 -18 -96.5 -27.25
2 24 -18 -96.5 -27.25 -18 -96.5 -27
1 16 -20 -96.5 -27 2 0 0 0 1 0 0 0 2 2-4edge.dat
2 24 -22 -96.5 -27 -21.5 -96.5 -27
1 16 -20 -96.5 -27 1.5 0 0 0 1 0 0 0 1.5 2-4edge.dat
2 24 -18.5 -96.5 -27 -22 -96.5 -30.5
2 24 -22 -96.5 -30.5 -22 -96.5 -31
4 16 -22 -96 -31 -18 -96 -31 -18 -96.5 -31 -22 -96.5 -31
4 16 -18 -96 -31 -18 -96 -30.5 -18 -96.5 -30.5 -18 -96.5 -31
4 16 -18 -96 -30.5 -21.25 -96 -30.5 -21.25 -96.5 -30.5 -18 -96.5 -30.5
4 16 -21.25 -96 -30.5 -18 -96 -27.25 -18 -96.5 -27.25 -21.25 -96.5 -30.5
4 16 -18 -96 -27.25 -18 -96 -27 -18 -96.5 -27 -18 -96.5 -27.25
1 16 -20 -96 -27 2 0 0 0 -0.5 0 0 0 2 2-4cyli.dat
4 16 -22 -96 -27 -21.5 -96 -27 -21.5 -96.5 -27 -22 -96.5 -27
0 BFC INVERTNEXT
1 16 -20 -96 -27 1.5 0 0 0 -0.5 0 0 0 1.5 2-4cyli.dat
4 16 -18.5 -96 -27 -22 -96 -30.5 -22 -96.5 -30.5 -18.5 -96.5 -27
4 16 -22 -96 -30.5 -22 -96 -31 -22 -96.5 -31 -22 -96.5 -30.5
4 16 -22 -96.5 -30.5 -22 -96.5 -31 -18 -96.5 -31 -18 -96.5 -30.5
4 16 -22 -96.5 -30.5 -21.25 -96.5 -30.5 -18 -96.5 -27.25 -18.5 -96.5 -27
3 16 -18 -96.5 -27 -18.5 -96.5 -27 -18 -96.5 -27.25
1 16 -20 -96.5 -27 0.5 0 0 0 1 0 0 0 0.5 2-4ring3.dat
0 // "3"
2 24 1 -96 -18 1 -96 -17.5
1 16 1 -96 -19 1.5 0 0 0 1 0 0 0 1 1-4edge.dat
1 16 1 -96 -19 1.5 0 0 0 1 0 0 0 -1.5 2-4edge.dat
2 24 -0.5 -96 -19 -1 -96 -19
1 16 1 -96 -19 2 0 0 0 1 0 0 0 -2 2-4edge.dat
2 24 3 -96 -19 2.8478 -96 -18.426
2 24 2.8478 -96 -18.426 2.4142 -96 -17.9394
2 24 2.4142 -96 -17.9394 2.036 -96 -17.75
2 24 2.036 -96 -17.75 2.4142 -96 -17.5606
2 24 2.4142 -96 -17.5606 2.8478 -96 -17.074
2 24 2.8478 -96 -17.074 3 -96 -16.5
1 16 1 -96 -16.5 2 0 0 0 1 0 0 0 1.5 2-4edge.dat
2 24 -1 -96 -16.5 -0.5 -96 -16.5
1 16 1 -96 -16.5 1.5 0 0 0 1 0 0 0 1 2-4edge.dat
1 16 1 -96 -16.5 1.5 0 0 0 1 0 0 0 -1 1-4edge.dat
2 24 1 -96.5 -18 1 -96.5 -17.5
1 16 1 -96.5 -19 1.5 0 0 0 1 0 0 0 1 1-4edge.dat
1 16 1 -96.5 -19 1.5 0 0 0 1 0 0 0 -1.5 2-4edge.dat
2 24 -0.5 -96.5 -19 -1 -96.5 -19
1 16 1 -96.5 -19 2 0 0 0 1 0 0 0 -2 2-4edge.dat
2 24 3 -96.5 -19 2.8478 -96.5 -18.426
2 24 2.8478 -96.5 -18.426 2.4142 -96.5 -17.9394
2 24 2.4142 -96.5 -17.9394 2.036 -96.5 -17.75
2 24 2.036 -96.5 -17.75 2.4142 -96.5 -17.5606
2 24 2.4142 -96.5 -17.5606 2.8478 -96.5 -17.074
2 24 2.8478 -96.5 -17.074 3 -96.5 -16.5
1 16 1 -96.5 -16.5 2 0 0 0 1 0 0 0 1.5 2-4edge.dat
2 24 -1 -96.5 -16.5 -0.5 -96.5 -16.5
1 16 1 -96.5 -16.5 1.5 0 0 0 1 0 0 0 1 2-4edge.dat
1 16 1 -96.5 -16.5 1.5 0 0 0 1 0 0 0 -1 1-4edge.dat
4 16 1 -96.5 -18 1 -96.5 -17.5 1 -96 -17.5 1 -96 -18
2 24 1 -96.5 -17.5 1 -96 -17.5
2 24 1 -96.5 -18 1 -96 -18
0 BFC INVERTNEXT
1 16 1 -96 -19 1.5 0 0 0 -0.5 0 0 0 1 1-4cyli.dat
0 BFC INVERTNEXT
1 16 1 -96 -19 1.5 0 0 0 -0.5 0 0 0 -1.5 2-4cyli.dat
4 16 -0.5 -96 -19 -1 -96 -19 -1 -96.5 -19 -0.5 -96.5 -19
2 24 -0.5 -96 -19 -0.5 -96.5 -19
2 24 -1 -96 -19 -1 -96.5 -19
1 16 1 -96 -19 2 0 0 0 -0.5 0 0 0 -2 2-4cyli.dat
4 16 3 -96 -19 2.8478 -96 -18.426 2.8478 -96.5 -18.426 3 -96.5 -19
4 16 2.8478 -96 -18.426 2.4142 -96 -17.9394 2.4142 -96.5 -17.9394 2.8478 -96.5 -18.426
4 16 2.4142 -96 -17.9394 2.036 -96 -17.75 2.036 -96.5 -17.75 2.4142 -96.5 -17.9394
4 16 2.036 -96 -17.75 2.4142 -96 -17.5606 2.4142 -96.5 -17.5606 2.036 -96.5 -17.75
4 16 2.4142 -96 -17.5606 2.8478 -96 -17.074 2.8478 -96.5 -17.074 2.4142 -96.5 -17.5606
4 16 2.8478 -96 -17.074 3 -96 -16.5 3 -96.5 -16.5 2.8478 -96.5 -17.074
1 16 1 -96 -16.5 2 0 0 0 -0.5 0 0 0 1.5 2-4cyli.dat
4 16 -1 -96 -16.5 -0.5 -96 -16.5 -0.5 -96.5 -16.5 -1 -96.5 -16.5
2 24 -0.5 -96 -16.5 -0.5 -96.5 -16.5
2 24 -1 -96 -16.5 -1 -96.5 -16.5
0 BFC INVERTNEXT
1 16 1 -96 -16.5 1.5 0 0 0 -0.5 0 0 0 1 2-4cyli.dat
0 BFC INVERTNEXT
1 16 1 -96 -16.5 1.5 0 0 0 -0.5 0 0 0 -1 1-4cyli.dat
1 16 1 -96.5 -19 0.5 0 0 0 1 0 0 0 -0.5 2-4ring3.dat
4 16 2.8478 -96.5 -18.426 2.3858 -96.5 -18.6173 2.5 -96.5 -19 3 -96.5 -19
4 16 2.4142 -96.5 -17.9394 2.0606 -96.5 -18.2929 2.3858 -96.5 -18.6173 2.8478 -96.5 -18.426
4 16 2.036 -96.5 -17.75 1.574 -96.5 -18.0761 2.0606 -96.5 -18.2929 2.4142 -96.5 -17.9394
4 16 1 -96.5 -17.5 1 -96.5 -18 1.574 -96.5 -18.0761 1.574 -96.5 -17.4239
3 16 1.574 -96.5 -17.4239 1.574 -96.5 -18.0761 2.036 -96.5 -17.75
4 16 2.4142 -96.5 -17.5606 2.0606 -96.5 -17.2071 1.574 -96.5 -17.4239 2.036 -96.5 -17.75
4 16 2.8478 -96.5 -17.074 2.3858 -96.5 -16.8827 2.0606 -96.5 -17.2071 2.4142 -96.5 -17.5606
4 16 3 -96.5 -16.5 2.5 -96.5 -16.5 2.3858 -96.5 -16.8827 2.8478 -96.5 -17.074
4 16 2.8478 -96.5 -15.926 2.3858 -96.5 -16.1173 2.5 -96.5 -16.5 3 -96.5 -16.5
4 16 2.4142 -96.5 -15.4394 2.0606 -96.5 -15.7929 2.3858 -96.5 -16.1173 2.8478 -96.5 -15.926
4 16 1.7654 -96.5 -15.1142 1.574 -96.5 -15.5761 2.0606 -96.5 -15.7929 2.4142 -96.5 -15.4394
4 16 1 -96.5 -15 1 -96.5 -15.5 1.574 -96.5 -15.5761 1.7654 -96.5 -15.1142
4 16 .2346 -96.5 -15.1142 .426 -96.5 -15.5761 1 -96.5 -15.5 1 -96.5 -15
4 16 -.4142 -96.5 -15.4394 -.0606 -96.5 -15.7929 .426 -96.5 -15.5761 .2346 -96.5 -15.1142
4 16 -.8478 -96.5 -15.926 -.3859 -96.5 -16.1173 -.0606 -96.5 -15.7929 -.4142 -96.5 -15.4394
4 16 -1 -96.5 -16.5 -.5 -96.5 -16.5 -.3859 -96.5 -16.1173 -.8478 -96.5 -15.926

0 // top edge of outer cylinder
2 24 -2.975 -98 -9.829 -1.522 -98 -7.654
2 24 -1.522 -98 -7.654 0 -98 0
1 16 -20 -98 0 20 0 0 0 1 0 0 0 20 2-4edge.dat
2 24 -38.478 -98 -7.654 -40 -98 0
2 24 -37.025 -98 -9.829 -38.478 -98 -7.654
0 // lower edge or outer cylinder
2 24 -2.975 -96 -9.829 -1.522 -96 -7.654
2 24 -1.522 -96 -7.654 0 -96 0
1 16 -20 -96 0 20 0 0 0 1 0 0 0 20 2-4edge.dat
2 24 -38.478 -96 -7.654 -40 -96 0
2 24 -37.025 -96 -9.829 -38.478 -96 -7.654
0 // outer cylinder
4 16 -1.522 -96 -7.654 -1.522 -98 -7.654 -2.975 -98 -9.829 -2.975 -96 -9.829
4 16 0 -96 0 0 -98 0 -1.522 -98 -7.654 -1.522 -96 -7.654
1 16 -20 -98 0 20 0 0 0 2 0 0 0 20 2-4cyli.dat
4 16 -38.478 -98 -7.654 -40 -98 0 -40 -96 0 -38.478 -96 -7.654
4 16 -37.025 -98 -9.829 -38.478 -98 -7.654 -38.478 -96 -7.654 -37.025 -96 -9.829
0 // deck with notches and numbers
4 16 -.3387 -96 -13.6605 0 -96 -24 2 -96 -24 2 -96 -13.6605
4 16 .6613 -96 -11.9285 -.3387 -96 -13.6605 2 -96 -13.6605 2 -96 -11.9285
4 16 0 -96 0 .6613 -96 -11.9285 2 -96 -11.9285 2 -96 0
4 16 0 -96 20 0 -96 0 2 -96 0 2 -96 24
4 16 -40 -96 20 0 -96 20 2 -96 24 -42 -96 24
4 16 -42 -96 -24 -40 -96 -24 -39.6613 -96 -13.6605 -42 -96 -13.6605
4 16 -42 -96 -13.6605 -39.6613 -96 -13.6605 -40.6613 -96 -11.9285 -42 -96 -11.9285
4 16 -42 -96 -11.9285 -40.6613 -96 -11.9285 -40 -96 0 -42 -96 0
4 16 -42 -96 0 -40 -96 0 -40 -96 20 -42 -96 24
3 16 0 -96 0 -1.522 -96 -7.654 0.6613 -96 -11.9285
3 16 -2.975 -96 -9.829 0.6613 -96 -11.9285 -1.522 -96 -7.654
3 16 -0.3387 -96 -13.6605 -4.0891 -96 -11.4951 -5.858 -96 -14.142
4 16 -.3387 -96 -13.6605 -5.858 -96 -14.142 -5.858 -96 -24 0 -96 -24
4 16 -5.858 -96 -24 -5.858 -96 -14.142 -12.346 -96 -18.478 -12.346 -96 -24
4 16 -12.346 -96 -24 -12.346 -96 -18.478 -19 -96 -19.801 -19 -96 -24
4 16 -27.654 -96 -24 -21 -96 -24 -21 -96 -19.801 -27.654 -96 -18.478
4 16 -27.654 -96 -24 -27.654 -96 -18.478 -34.142 -96 -14.142 -34.142 -96 -24
4 16 -34.142 -96 -24 -34.142 -96 -14.142 -39.6613 -96 -13.6605 -40 -96 -24
3 16 -34.142 -96 -14.142 -35.9109 -96 -11.4951 -39.6613 -96 -13.6605
3 16 -38.478 -96 -7.654 -40.6613 -96 -11.9285 -37.025 -96 -9.829
3 16 -40.6613 -96 -11.9285 -38.478 -96 -7.654 -40 -96 0
0 // 2 notch
2 24 -19 -96 -19.801 -19 -96 -24
2 24 -19 -96 -24 -21 -96 -24
2 24 -21 -96 -24 -21 -96 -19.801
2 24 -19 -95 -19.801 -19 -95 -24
2 24 -19 -95 -24 -21 -95 -24
2 24 -21 -95 -24 -21 -95 -19.801
2 24 -21 -95 -19.801 -20 -95 -20
2 24 -20 -95 -20 -19 -95 -19.801
2 24 -19 -96 -19.801 -19 -95 -19.801
2 24 -19 -96 -24 -19 -95 -24
2 24 -21 -96 -24 -21 -95 -24
2 24 -21 -96 -19.801 -21 -95 -19.801
4 16 -19 -96 -19.801 -19 -95 -19.801 -19 -95 -24 -19 -96 -24
4 16 -19 -96 -24 -19 -95 -24 -21 -95 -24 -21 -96 -24
4 16 -21 -96 -24 -21 -95 -24 -21 -95 -19.801 -21 -96 -19.801
4 16 -20 -95 -24 -19 -95 -24 -19 -95 -19.801 -20 -95 -20
4 16 -21 -95 -24 -20 -95 -24 -20 -95 -20 -21 -95 -19.801
0 // 3 notch
2 24 -2.975 -96 -9.829 0.6613 -96 -11.9285
2 24 0.6613 -96 -11.9285 -0.3387 -96 -13.6605
2 24 -0.3387 -96 -13.6605 -4.0891 -96 -11.4951
2 24 -2.975 -95 -9.829 0.6613 -95 -11.9285
2 24 0.6613 -95 -11.9285 -0.3387 -95 -13.6605
2 24 -0.3387 -95 -13.6605 -4.0891 -95 -11.4951

2 24 -4.0891 -95 -11.4951 -2.975 -95 -9.829
2 24 -2.975 -96 -9.829 -2.975 -95 -9.829
2 24 0.6613 -96 -11.9285 0.6613 -95 -11.9285
2 24 -0.3387 -96 -13.6605 -0.3387 -95 -13.6605
2 24 -4.0891 -96 -11.4951 -4.0891 -95 -11.4951
4 16 -2.975 -96 -9.829 -2.975 -95 -9.829 0.6613 -95 -11.9285 0.6613 -96 -11.9285
4 16 0.6613 -96 -11.9285 0.6613 -95 -11.9285 -0.3387 -95 -13.6605 -0.3387 -96 -13.6605
4 16 -0.3387 -96 -13.6605 -0.3387 -95 -13.6605 -4.0891 -95 -11.4951 -4.0891 -96 -11.4951
4 16 -.3387 -95 -13.6605 .6613 -95 -11.9285 -2.975 -95 -9.829 -4.0891 -95 -11.4951
0 // 1 notch
2 24 -37.025 -96 -9.829 -40.6613 -96 -11.9285
2 24 -40.6613 -96 -11.9285 -39.6613 -96 -13.6605
2 24 -39.6613 -96 -13.6605 -35.9109 -96 -11.4951
2 24 -37.025 -95 -9.829 -40.6613 -95 -11.9285
2 24 -40.6613 -95 -11.9285 -39.6613 -95 -13.6605
2 24 -39.6613 -95 -13.6605 -35.9109 -95 -11.4951
2 24 -35.9109 -95 -11.4951 -37.025 -95 -9.829
2 24 -37.025 -96 -9.829 -37.025 -95 -9.829
2 24 -40.6613 -96 -11.9285 -40.6613 -95 -11.9285
2 24 -39.6613 -96 -13.6605 -39.6613 -95 -13.6605
2 24 -35.9109 -96 -11.4951 -35.9109 -95 -11.4951
4 16 -40.6613 -96 -11.9285 -40.6613 -95 -11.9285 -37.025 -95 -9.829 -37.025 -96 -9.829
4 16 -39.6613 -96 -13.6605 -39.6613 -95 -13.6605 -40.6613 -95 -11.9285 -40.6613 -96 -11.9285
4 16 -35.9109 -96 -11.4951 -35.9109 -95 -11.4951 -39.6613 -95 -13.6605 -39.6613 -96 -13.6605
4 16 -37.025 -95 -9.829 -40.6613 -95 -11.9285 -39.6613 -95 -13.6605 -35.9109 -95 -11.4951
0 // outer edge
0 BFC INVERTNEXT
1 16 -20 -95 0 20 0 0 0 20 0 0 0 -20 4-4cyli.dat
1 16 -20 -75 0 20 0 0 0 20 0 0 0 -20 4-4edge.dat
1 16 -20 -75 0 20 0 0 0 20 0 0 0 -20 4-4disc.dat
2 24 -4.0891 -96 -11.4951 -5.858 -96 -14.142
2 24 -5.858 -96 -14.142 -12.346 -96 -18.478
2 24 -12.346 -96 -18.478 -19 -96 -19.801
2 24 -21 -96 -19.801 -27.654 -96 -18.478
2 24 -27.654 -96 -18.478 -34.142 -96 -14.142
2 24 -34.142 -96 -14.142 -35.9109 -96 -11.4951
4 16 -4.0891 -95 -11.4951 -5.858 -95 -14.142 -5.858 -96 -14.142 -4.0891 -96 -11.4951
4 16 -5.858 -95 -14.142 -12.346 -95 -18.478 -12.346 -96 -18.478 -5.858 -96 -14.142
4 16 -12.346 -95 -18.478 -19 -95 -19.801 -19 -96 -19.801 -12.346 -96 -18.478
4 16 -21 -95 -19.801 -27.654 -95 -18.478 -27.654 -96 -18.478 -21 -96 -19.801
4 16 -27.654 -95 -18.478 -34.142 -95 -14.142 -34.142 -96 -14.142 -27.654 -96 -18.478
4 16 -34.142 -95 -14.142 -35.9109 -95 -11.4951 -35.9109 -96 -11.4951 -34.142 -96 -14.142

0 // vertical curved surface in notch
2 24 -30.607 -102 -10.607 -32.768 -102 -7.372
1 16 -20 -102 0 10.607 0 -10.607 0 1 0 -10.607 0 -10.607  1-4edge.dat
2 24 -9.393 -102 -10.607 -7.232 -102 -7.372
2 24 -30.607 -100 -10.607 -32.768 -100 -7.372
1 16 -20 -100 0 10.607 0 -10.607 0 1 0 -10.607 0 -10.607  1-4edge.dat
2 24 -9.393 -100 -10.607 -7.232 -100 -7.372
2 24 -7.232 -100 -7.372 -7.232 -102 -7.372
2 24 -32.768 -100 -7.372 -32.768 -102 -7.372
4 16 -30.607 -102 -10.607 -32.768 -102 -7.372 -32.768 -100 -7.372 -30.607 -100 -10.607
1 16 -20 -102 0 10.607 0 -10.607 0 2 0 -10.607 0 -10.607  1-4cyli.dat
4 16 -7.232 -100 -7.372 -7.232 -102 -7.372 -9.393 -102 -10.607 -9.393 -100 -10.607

0 // position of circular dents - not modelled
0 1 16 -34.0954 -104 5.1303 2 0 0 0 1 0 0 0 2 4-4edge.dat
0 1 16 -28.6036 -104 12.2873 2 0 0 0 1 0 0 0 2 4-4edge.dat
0 1 16 -20 -104 15 2 0 0 0 1 0 0 0 2 4-4edge.dat
0 1 16 -11.3964 -104 12.2873 2 0 0 0 1 0 0 0 2 4-4edge.dat
0 1 16 -5.9046 -104 5.1303 2 0 0 0 1 0 0 0 2 4-4edge.dat

5 24 -20 -104 -9 -20 -103.3 -12.5 -23.444 -104 -8.315 -16.556 -104 -8.315
5 24 -20 -103.3 -12.5 -20 -102 -15 -24.784 -103.3 -11.548 -15.216 -103.3 -11.548
5 24 -20 -103.3 -12.5 -15.216 -103.3 -11.548 -20 -104 -9 -20 -102 -15
4 16 -20 -104 -9 -20 -103.3 -12.5 -15.216 -103.3 -11.548 -16.556 -104 -8.315
4 16 -20 -103.3 -12.5 -20 -102 -15 -14.26 -102 -13.858 -15.216 -103.3 -11.548
5 24 -16.556 -104 -8.315 -15.216 -103.3 -11.548 -20 -104 -9 -13.636 -104 -6.364
5 24 -15.216 -103.3 -11.548 -14.26 -102 -13.858 -20 -103.3 -12.5 -11.161 -103.3 -8.839
5 24 -15.216 -103.3 -11.548 -11.161 -103.3 -8.839 -16.556 -104 -8.315 -14.26 -102 -13.858
4 16 -16.556 -104 -8.315 -15.216 -103.3 -11.548 -11.161 -103.3 -8.839 -13.636 -104 -6.364
4 16 -15.216 -103.3 -11.548 -14.26 -102 -13.858 -9.393 -102 -10.607 -11.161 -103.3 -8.839
5 24 -13.636 -104 -6.364 -11.161 -103.3 -8.839 -16.556 -104 -8.315 -11.685 -104 -3.444
5 24 -11.161 -103.3 -8.839 -9.393 -102 -10.607 -15.216 -103.3 -11.548 -8.452 -103.3 -4.784
2 24 -7.232 -102 -7.372 -4.678 -100 -8.846
2 24 -4.678 -100 -8.846 -2.975 -98 -9.829
2 24 -2.975 -98 -9.829 -2.975 -92 -9.829
2 24 -2.975 -92 -9.829 -4.678 -92 -8.846
2 24 -4.678 -92 -8.846 -4.678 -97 -8.846
2 24 -4.678 -97 -8.846 -7.232 -100 -7.372
3 16 -4.678 -100 -8.846 -7.232 -102 -7.372 -7.232 -100 -7.372
4 16 -4.678 -97 -8.846 -2.975 -98 -9.829 -4.678 -100 -8.846 -7.232 -100 -7.372
4 16 -4.678 -92 -8.846 -2.975 -92 -9.829 -2.975 -98 -9.829 -4.678 -97 -8.846
5 24 -11.161 -103.3 -8.839 -8.452 -103.3 -4.784 -13.636 -104 -6.364 -9.393 -102 -10.607
5 24 -7.232 -102 -7.372 -6.142 -102 -5.74 -11.161 -103.3 -8.839 -7.272 -100 -12.728
5 24 -4.678 -100 -8.846 -3.37 -100 -6.888 -9.393 -102 -10.607 -5.858 -98 -14.142
4 16 -13.636 -104 -6.364 -11.161 -103.3 -8.839 -8.452 -103.3 -4.784 -11.685 -104 -3.444
4 16 -11.161 -103.3 -8.839 -9.393 -102 -10.607 -6.142 -102 -5.74 -8.452 -103.3 -4.784
4 16 -7.232 -102 -7.372 -4.678 -100 -8.846 -3.37 -100 -6.888 -6.142 -102 -5.74
4 16 -4.678 -100 -8.846 -2.975 -98 -9.829 -1.522 -98 -7.654 -3.37 -100 -6.888
5 24 -11.685 -104 -3.444 -8.452 -103.3 -4.784 -13.636 -104 -6.364 -11 -104 0
5 24 -8.452 -103.3 -4.784 -6.142 -102 -5.74 -11.161 -103.3 -8.839 -7.5 -103.3 0
5 24 -6.142 -102 -5.74 -3.37 -100 -6.888 -9.393 -102 -10.607 -5 -102 0
5 24 -3.37 -100 -6.888 -1.522 -98 -7.654 -7.272 -100 -12.728 -2 -100 0
5 24 -8.452 -103.3 -4.784 -7.5 -103.3 0 -11.685 -104 -3.444 -6.142 -102 -5.74
5 24 -6.142 -102 -5.74 -5 -102 0 -8.452 -103.3 -4.784 -3.37 -100 -6.888
5 24 -3.37 -100 -6.888 -2 -100 0 -6.142 -102 -5.74 -1.522 -98 -7.654
4 16 -11.685 -104 -3.444 -8.452 -103.3 -4.784 -7.5 -103.3 0 -11 -104 0
4 16 -8.452 -103.3 -4.784 -6.142 -102 -5.74 -5 -102 0 -7.5 -103.3 0
4 16 -6.142 -102 -5.74 -3.37 -100 -6.888 -2 -100 0 -5 -102 0
4 16 -3.37 -100 -6.888 -1.522 -98 -7.654 0 -98 0 -2 -100 0
5 24 -11 -104 0 -7.5 -103.3 0 -11.685 -104 -3.444 -11.685 -104 3.444
5 24 -7.5 -103.3 0 -5 -102 0 -8.452 -103.3 -4.784 -8.452 -103.3 4.784
5 24 -5 -102 0 -2 -100 0 -6.142 -102 -5.74 -6.142 -102 5.74
5 24 -2 -100 0 0 -98 0 -3.37 -100 -6.888 -3.37 -100 6.888
5 24 -7.5 -103.3 0 -8.452 -103.3 4.784 -11 -104 0 -5 -102 0
5 24 -5 -102 0 -6.142 -102 5.74 -7.5 -103.3 0 -2 -100 0
5 24 -2 -100 0 -3.37 -100 6.888 -5 -102 0 0 -98 0
4 16 -11 -104 0 -7.5 -103.3 0 -8.452 -103.3 4.784 -11.685 -104 3.444
4 16 -7.5 -103.3 0 -5 -102 0 -6.142 -102 5.74 -8.452 -103.3 4.784
4 16 -5 -102 0 -2 -100 0 -3.37 -100 6.888 -6.142 -102 5.74
4 16 -2 -100 0 0 -98 0 -1.522 -98 7.654 -3.37 -100 6.888
5 24 -11.685 -104 3.444 -8.452 -103.3 4.784 -11 -104 0 -13.636 -104 6.364
5 24 -8.452 -103.3 4.784 -6.142 -102 5.74 -7.5 -103.3 0 -11.161 -103.3 8.839
5 24 -6.142 -102 5.74 -3.37 -100 6.888 -5 -102 0 -9.393 -102 10.607
5 24 -3.37 -100 6.888 -1.522 -98 7.654 -2 -100 0 -7.272 -100 12.728
5 24 -8.452 -103.3 4.784 -11.161 -103.3 8.839 -11.685 -104 3.444 -6.142 -102 5.74
5 24 -6.142 -102 5.74 -9.393 -102 10.607 -8.452 -103.3 4.784 -3.37 -100 6.888
5 24 -3.37 -100 6.888 -7.272 -100 12.728 -6.142 -102 5.74 -1.522 -98 7.654
4 16 -11.685 -104 3.444 -8.452 -103.3 4.784 -11.161 -103.3 8.839 -13.636 -104 6.364
4 16 -8.452 -103.3 4.784 -6.142 -102 5.74 -9.393 -102 10.607 -11.161 -103.3 8.839
4 16 -6.142 -102 5.74 -3.37 -100 6.888 -7.272 -100 12.728 -9.393 -102 10.607
4 16 -3.37 -100 6.888 -1.522 -98 7.654 -5.858 -98 14.142 -7.272 -100 12.728
5 24 -13.636 -104 6.364 -11.161 -103.3 8.839 -11.685 -104 3.444 -16.556 -104 8.315
5 24 -11.161 -103.3 8.839 -9.393 -102 10.607 -8.452 -103.3 4.784 -15.216 -103.3 11.548
5 24 -9.393 -102 10.607 -7.272 -100 12.728 -6.142 -102 5.74 -14.26 -102 13.858
5 24 -7.272 -100 12.728 -5.858 -98 14.142 -3.37 -100 6.888 -13.112 -100 16.63
5 24 -11.161 -103.3 8.839 -15.216 -103.3 11.548 -13.636 -104 6.364 -9.393 -102 10.607
5 24 -9.393 -102 10.607 -14.26 -102 13.858 -11.161 -103.3 8.839 -7.272 -100 12.728
5 24 -7.272 -100 12.728 -13.112 -100 16.63 -9.393 -102 10.607 -5.858 -98 14.142
4 16 -13.636 -104 6.364 -11.161 -103.3 8.839 -15.216 -103.3 11.548 -16.556 -104 8.315
4 16 -11.161 -103.3 8.839 -9.393 -102 10.607 -14.26 -102 13.858 -15.216 -103.3 11.548
4 16 -9.393 -102 10.607 -7.272 -100 12.728 -13.112 -100 16.63 -14.26 -102 13.858
4 16 -7.272 -100 12.728 -5.858 -98 14.142 -12.346 -98 18.478 -13.112 -100 16.63
5 24 -16.556 -104 8.315 -15.216 -103.3 11.548 -13.636 -104 6.364 -20 -104 9
5 24 -15.216 -103.3 11.548 -14.26 -102 13.858 -11.161 -103.3 8.839 -20 -103.3 12.5
5 24 -14.26 -102 13.858 -13.112 -100 16.63 -9.393 -102 10.607 -20 -102 15
5 24 -13.112 -100 16.63 -12.346 -98 18.478 -7.272 -100 12.728 -20 -100 18
5 24 -15.216 -103.3 11.548 -20 -103.3 12.5 -16.556 -104 8.315 -14.26 -102 13.858
5 24 -14.26 -102 13.858 -20 -102 15 -15.216 -103.3 11.548 -13.112 -100 16.63
5 24 -13.112 -100 16.63 -20 -100 18 -14.26 -102 13.858 -12.346 -98 18.478
4 16 -16.556 -104 8.315 -15.216 -103.3 11.548 -20 -103.3 12.5 -20 -104 9
4 16 -15.216 -103.3 11.548 -14.26 -102 13.858 -20 -102 15 -20 -103.3 12.5
4 16 -14.26 -102 13.858 -13.112 -100 16.63 -20 -100 18 -20 -102 15
4 16 -13.112 -100 16.63 -12.346 -98 18.478 -20 -98 20 -20 -100 18
5 24 -20 -104 9 -20 -103.3 12.5 -16.556 -104 8.315 -23.444 -104 8.315
5 24 -20 -103.3 12.5 -20 -102 15 -15.216 -103.3 11.548 -24.784 -103.3 11.548
5 24 -20 -102 15 -20 -100 18 -14.26 -102 13.858 -25.74 -102 13.858
5 24 -20 -100 18 -20 -98 20 -13.112 -100 16.63 -26.888 -100 16.63
5 24 -20 -103.3 12.5 -24.784 -103.3 11.548 -20 -104 9 -20 -102 15
5 24 -20 -102 15 -25.74 -102 13.858 -20 -103.3 12.5 -20 -100 18
5 24 -20 -100 18 -26.888 -100 16.63 -20 -102 15 -20 -98 20
4 16 -20 -104 9 -20 -103.3 12.5 -24.784 -103.3 11.548 -23.444 -104 8.315
4 16 -20 -103.3 12.5 -20 -102 15 -25.74 -102 13.858 -24.784 -103.3 11.548
4 16 -20 -102 15 -20 -100 18 -26.888 -100 16.63 -25.74 -102 13.858
4 16 -20 -100 18 -20 -98 20 -27.654 -98 18.478 -26.888 -100 16.63
5 24 -23.444 -104 8.315 -24.784 -103.3 11.548 -20 -104 9 -26.364 -104 6.364
5 24 -24.784 -103.3 11.548 -25.74 -102 13.858 -20 -103.3 12.5 -28.839 -103.3 8.839
5 24 -25.74 -102 13.858 -26.888 -100 16.63 -20 -102 15 -30.607 -102 10.607
5 24 -26.888 -100 16.63 -27.654 -98 18.478 -20 -100 18 -32.728 -100 12.728
5 24 -24.784 -103.3 11.548 -28.839 -103.3 8.839 -23.444 -104 8.315 -25.74 -102 13.858
5 24 -25.74 -102 13.858 -30.607 -102 10.607 -24.784 -103.3 11.548 -26.888 -100 16.63
5 24 -26.888 -100 16.63 -32.728 -100 12.728 -25.74 -102 13.858 -27.654 -98 18.478
4 16 -23.444 -104 8.315 -24.784 -103.3 11.548 -28.839 -103.3 8.839 -26.364 -104 6.364
4 16 -24.784 -103.3 11.548 -25.74 -102 13.858 -30.607 -102 10.607 -28.839 -103.3 8.839
4 16 -25.74 -102 13.858 -26.888 -100 16.63 -32.728 -100 12.728 -30.607 -102 10.607
4 16 -26.888 -100 16.63 -27.654 -98 18.478 -34.142 -98 14.142 -32.728 -100 12.728
5 24 -26.364 -104 6.364 -28.839 -103.3 8.839 -23.444 -104 8.315 -28.315 -104 3.444
5 24 -28.839 -103.3 8.839 -30.607 -102 10.607 -24.784 -103.3 11.548 -31.548 -103.3 4.784
5 24 -30.607 -102 10.607 -32.728 -100 12.728 -25.74 -102 13.858 -33.858 -102 5.74
5 24 -32.728 -100 12.728 -34.142 -98 14.142 -26.888 -100 16.63 -36.63 -100 6.888
5 24 -28.839 -103.3 8.839 -31.548 -103.3 4.784 -26.364 -104 6.364 -30.607 -102 10.607
5 24 -30.607 -102 10.607 -33.858 -102 5.74 -28.839 -103.3 8.839 -32.728 -100 12.728
5 24 -32.728 -100 12.728 -36.63 -100 6.888 -30.607 -102 10.607 -34.142 -98 14.142
4 16 -26.364 -104 6.364 -28.839 -103.3 8.839 -31.548 -103.3 4.784 -28.315 -104 3.444
4 16 -28.839 -103.3 8.839 -30.607 -102 10.607 -33.858 -102 5.74 -31.548 -103.3 4.784
4 16 -30.607 -102 10.607 -32.728 -100 12.728 -36.63 -100 6.888 -33.858 -102 5.74
4 16 -32.728 -100 12.728 -34.142 -98 14.142 -38.478 -98 7.654 -36.63 -100 6.888
5 24 -28.315 -104 3.444 -31.548 -103.3 4.784 -26.364 -104 6.364 -29 -104 0
5 24 -31.548 -103.3 4.784 -33.858 -102 5.74 -28.839 -103.3 8.839 -32.5 -103.3 0
5 24 -33.858 -102 5.74 -36.63 -100 6.888 -30.607 -102 10.607 -35 -102 0
5 24 -36.63 -100 6.888 -38.478 -98 7.654 -32.728 -100 12.728 -38 -100 0
5 24 -31.548 -103.3 4.784 -32.5 -103.3 0 -28.315 -104 3.444 -33.858 -102 5.74
5 24 -33.858 -102 5.74 -35 -102 0 -31.548 -103.3 4.784 -36.63 -100 6.888
5 24 -36.63 -100 6.888 -38 -100 0 -33.858 -102 5.74 -38.478 -98 7.654
4 16 -28.315 -104 3.444 -31.548 -103.3 4.784 -32.5 -103.3 0 -29 -104 0
4 16 -31.548 -103.3 4.784 -33.858 -102 5.74 -35 -102 0 -32.5 -103.3 0
4 16 -33.858 -102 5.74 -36.63 -100 6.888 -38 -100 0 -35 -102 0
4 16 -36.63 -100 6.888 -38.478 -98 7.654 -40 -98 0 -38 -100 0
5 24 -29 -104 0 -32.5 -103.3 0 -28.315 -104 3.444 -28.315 -104 -3.444
5 24 -32.5 -103.3 0 -35 -102 0 -31.548 -103.3 4.784 -31.548 -103.3 -4.784
5 24 -35 -102 0 -38 -100 0 -33.858 -102 5.74 -33.858 -102 -5.74
5 24 -38 -100 0 -40 -98 0 -36.63 -100 6.888 -36.63 -100 -6.888
5 24 -32.5 -103.3 0 -31.548 -103.3 -4.784 -29 -104 0 -35 -102 0
5 24 -35 -102 0 -33.858 -102 -5.74 -32.5 -103.3 0 -38 -100 0
5 24 -38 -100 0 -36.63 -100 -6.888 -35 -102 0 -40 -98 0
4 16 -29 -104 0 -32.5 -103.3 0 -31.548 -103.3 -4.784 -28.315 -104 -3.444
4 16 -32.5 -103.3 0 -35 -102 0 -33.858 -102 -5.74 -31.548 -103.3 -4.784
4 16 -35 -102 0 -38 -100 0 -36.63 -100 -6.888 -33.858 -102 -5.74
4 16 -38 -100 0 -40 -98 0 -38.478 -98 -7.654 -36.63 -100 -6.888
5 24 -28.315 -104 -3.444 -31.548 -103.3 -4.784 -29 -104 0 -26.364 -104 -6.364
5 24 -31.548 -103.3 -4.784 -33.858 -102 -5.74 -32.5 -103.3 0 -28.839 -103.3 -8.839
5 24 -33.858 -102 -5.74 -36.63 -100 -6.888 -35 -102 0 -30.607 -102 -10.607
5 24 -36.63 -100 -6.888 -38.478 -98 -7.654 -38 -100 0 -32.728 -100 -12.728
2 24 -32.768 -102 -7.372 -35.322 -100 -8.846
2 24 -35.322 -100 -8.846 -37.025 -98 -9.829
2 24 -37.025 -98 -9.829 -37.025 -96 -9.829
2 24 -37.025 -92 -9.829 -35.322 -92 -8.846
2 24 -35.322 -92 -8.846 -35.322 -97 -8.846
2 24 -35.322 -97 -8.846 -32.768 -100 -7.372
3 16 -32.768 -102 -7.372 -35.322 -100 -8.846 -32.768 -100 -7.372
4 16 -35.322 -100 -8.846 -37.025 -98 -9.829 -35.322 -97 -8.846 -32.768 -100 -7.372
4 16 -37.025 -98 -9.829 -37.025 -92 -9.829 -35.322 -92 -8.846 -35.322 -97 -8.846
5 24 -31.548 -103.3 -4.784 -28.839 -103.3 -8.839 -28.315 -104 -3.444 -33.858 -102 -5.74
5 24 -33.858 -102 -5.74 -32.768 -102 -7.372 -31.548 -103.3 -4.784 -36.63 -100 -6.888
5 24 -36.63 -100 -6.888 -35.322 -100 -8.846 -33.858 -102 -5.74 -38.478 -98 -7.654
4 16 -28.315 -104 -3.444 -31.548 -103.3 -4.784 -28.839 -103.3 -8.839 -26.364 -104 -6.364
4 16 -31.548 -103.3 -4.784 -33.858 -102 -5.74 -30.607 -102 -10.607 -28.839 -103.3 -8.839
4 16 -33.858 -102 -5.74 -36.63 -100 -6.888 -35.322 -100 -8.846 -32.768 -102 -7.372
4 16 -36.63 -100 -6.888 -38.478 -98 -7.654 -37.025 -98 -9.829 -35.322 -100 -8.846
5 24 -26.364 -104 -6.364 -28.839 -103.3 -8.839 -28.315 -104 -3.444 -23.444 -104 -8.315
5 24 -28.839 -103.3 -8.839 -30.607 -102 -10.607 -31.548 -103.3 -4.784 -24.784 -103.3 -11.548
5 24 -28.839 -103.3 -8.839 -24.784 -103.3 -11.548 -26.364 -104 -6.364 -30.607 -102 -10.607
4 16 -26.364 -104 -6.364 -28.839 -103.3 -8.839 -24.784 -103.3 -11.548 -23.444 -104 -8.315
4 16 -28.839 -103.3 -8.839 -30.607 -102 -10.607 -25.74 -102 -13.858 -24.784 -103.3 -11.548
5 24 -23.444 -104 -8.315 -24.784 -103.3 -11.548 -26.364 -104 -6.364 -20 -104 -9
5 24 -24.784 -103.3 -11.548 -25.74 -102 -13.858 -28.839 -103.3 -8.839 -20 -103.3 -12.5
5 24 -24.784 -103.3 -11.548 -20 -103.3 -12.5 -23.444 -104 -8.315 -25.74 -102 -13.858
4 16 -23.444 -104 -8.315 -24.784 -103.3 -11.548 -20 -103.3 -12.5 -20 -104 -9
4 16 -24.784 -103.3 -11.548 -25.74 -102 -13.858 -20 -102 -15 -20 -103.3 -12.5

0 // front
2 24 -41 -40 -59 41 -40 -59
4 16 40 -80 -60 -40 -80 -60 -40 -54 -60 40 -54 -60
0 // front center trough
1 16 0 -52 -60 2 0 0 0 0 -2 0 1 0  2-4ndis.dat
1 16 0 -52 -60 2 0 0 0 0 -2 0 1 0  2-4edge.dat
0 BFC INVERTNEXT
1 16 0 -52 -60 2 0 0 0 0 -2 0 1 0  2-4cyli.dat
1 16 0 -52 -59 2 0 0 0 0 -2 0 1 0  2-4edge.dat
1 16 0 -52 -59 2 0 0 0 0 -2 0 1 0  2-4disc.dat
4 16 -2 -54 -59 -2 -42 -59 2 -42 -59 2 -54 -59
4 16 41 -40 -59 40 -42 -59 -40 -42 -59 -41 -40 -59
0 // rear
2 24 -41 -40 59 41 -40 59
4 16 -40 -54 60 -36 -60 60 36 -60 60 40 -54 60
0 // rear center trough
1 16 0 -52 60 2 0 0 0 0 -2 0 -1 0  2-4ndis.dat
1 16 0 -52 60 2 0 0 0 0 -2 0 -1 0  2-4edge.dat
0 BFC INVERTNEXT
1 16 0 -52 59 2 0 0 0 0 -2 0 1 0  2-4cyli.dat
1 16 0 -52 59 2 0 0 0 0 -2 0 1 0  2-4edge.dat
1 16 0 -52 59 2 0 0 0 0 -2 0 -1 0  2-4disc.dat
4 16 2 -42 59 -2 -42 59 -2 -54 59 2 -54 59
4 16 -40 -42 59 40 -42 59 41 -40 59 -41 -40 59

0 // front step
4 16 40 -104 -60 40 -104 -40 40 -80 -40 40 -80 -60
4 16 -40 -80 -60 -40 -80 -40 -40 -104 -40 -40 -104 -60
2 24 -40 -80 -40 -40 -80 -60
2 24 -40 -80 -60 40 -80 -60
2 24 40 -80 -60 40 -80 -40
4 16 -40 -80 -60 40 -80 -60 40 -80 -40 -40 -80 -40
2 24 40 -80 -40 38 -80 -40
2 24 38 -80 -39 22 -80 -39
2 24 22 -80 -40 18 -80 -40
2 24 18 -80 -39 2 -80 -39
2 24 2 -80 -40 -2 -80 -40
2 24 -2 -80 -39 -18 -80 -39
2 24 -18 -80 -40 -22 -80 -40
2 24 -22 -80 -39 -38 -80 -39
2 24 -38 -80 -40 -40 -80 -40

2 24 -38 -80 -40 -38 -80 -39
2 24 -38 -80 -40 -38 -92 -40
2 24 -38 -80 -39 -38 -92 -39
1 16 -38 -92 -36 0 1 0 -4 0 0 0 0 -4  1-4edge.dat
1 16 -38 -92 -36 0 1 0 -3 0 0 0 0 -3  1-4edge.dat
2 24 -38 -96 -36 -38 -95 -36
1 16 -38 -92 -36 0 -1 0 -1 0 0 0 0 -1  1-4ring3.dat
4 16 -38 -80 -40 -38 -80 -39 -38 -92 -39 -38 -92 -40
2 24 -22 -80 -40 -22 -80 -39
2 24 -22 -80 -40 -22 -92 -40
2 24 -22 -80 -39 -22 -92 -39
1 16 -22 -92 -36 0 1 0 -4 0 0 0 0 -4  1-4edge.dat
1 16 -22 -92 -36 0 1 0 -3 0 0 0 0 -3  1-4edge.dat
2 24 -22 -96 -36 -22 -95 -36
1 16 -22 -92 -36 0 1 0 -1 0 0 0 0 -1  1-4ring3.dat
4 16 -22 -92 -40 -22 -92 -39 -22 -80 -39 -22 -80 -40
2 24 -18 -80 -40 -18 -80 -39
2 24 -18 -80 -40 -18 -92 -40
2 24 -18 -80 -39 -18 -92 -39
1 16 -18 -92 -36 0 1 0 -4 0 0 0 0 -4  1-4edge.dat
1 16 -18 -92 -36 0 1 0 -3 0 0 0 0 -3  1-4edge.dat
2 24 -18 -96 -36 -18 -95 -36
1 16 -18 -92 -36 0 -1 0 -1 0 0 0 0 -1  1-4ring3.dat
4 16 -18 -80 -40 -18 -80 -39 -18 -92 -39 -18 -92 -40
2 24 -2 -80 -40 -2 -80 -39
2 24 -2 -80 -40 -2 -92 -40
2 24 -2 -80 -39 -2 -92 -39
1 16 -2 -92 -36 0 1 0 -4 0 0 0 0 -4  1-4edge.dat
1 16 -2 -92 -36 0 1 0 -3 0 0 0 0 -3  1-4edge.dat
2 24 -2 -96 -36 -2 -95 -36
1 16 -2 -92 -36 0 1 0 -1 0 0 0 0 -1  1-4ring3.dat
4 16 -2 -92 -40 -2 -92 -39 -2 -80 -39 -2 -80 -40
2 24 2 -80 -40 2 -80 -39
2 24 2 -80 -40 2 -92 -40
2 24 2 -80 -39 2 -92 -39
1 16 2 -92 -36 0 1 0 -4 0 0 0 0 -4  1-4edge.dat
1 16 2 -92 -36 0 1 0 -3 0 0 0 0 -3  1-4edge.dat
2 24 2 -96 -36 2 -95 -36
1 16 2 -92 -36 0 -1 0 -1 0 0 0 0 -1  1-4ring3.dat
4 16 2 -80 -40 2 -80 -39 2 -92 -39 2 -92 -40
2 24 18 -80 -40 18 -80 -39
2 24 18 -80 -40 18 -92 -40
2 24 18 -80 -39 18 -92 -39
1 16 18 -92 -36 0 1 0 -4 0 0 0 0 -4  1-4edge.dat
1 16 18 -92 -36 0 1 0 -3 0 0 0 0 -3  1-4edge.dat
2 24 18 -96 -36 18 -95 -36
1 16 18 -92 -36 0 1 0 -1 0 0 0 0 -1  1-4ring3.dat
4 16 18 -92 -40 18 -92 -39 18 -80 -39 18 -80 -40
2 24 22 -80 -40 22 -80 -39
2 24 22 -80 -40 22 -92 -40
2 24 22 -80 -39 22 -92 -39
1 16 22 -92 -36 0 1 0 -4 0 0 0 0 -4  1-4edge.dat
1 16 22 -92 -36 0 1 0 -3 0 0 0 0 -3  1-4edge.dat
2 24 22 -96 -36 22 -95 -36
1 16 22 -92 -36 0 -1 0 -1 0 0 0 0 -1  1-4ring3.dat
4 16 22 -80 -40 22 -80 -39 22 -92 -39 22 -92 -40
2 24 38 -80 -40 38 -80 -39
2 24 38 -80 -40 38 -92 -40
2 24 38 -80 -39 38 -92 -39
1 16 38 -92 -36 0 1 0 -4 0 0 0 0 -4  1-4edge.dat
1 16 38 -92 -36 0 1 0 -3 0 0 0 0 -3  1-4edge.dat
2 24 38 -96 -36 38 -95 -36
1 16 38 -92 -36 0 1 0 -1 0 0 0 0 -1  1-4ring3.dat
4 16 38 -92 -40 38 -92 -39 38 -80 -39 38 -80 -40

4 16 -22 -80 -39 -38 -80 -39 -38 -80 -40 -22 -80 -40
4 16 -38 -92 -39 -38 -80 -39 -22 -80 -39 -22 -92 -39
1 16 -38 -92 -36 0 16 0 -3 0 0 0 0 -3  1-4cyli.dat
2 24 -38 -95 -36 -22 -95 -36
4 16 -38 -96 -36 -38 -95 -36 -22 -95 -36 -22 -96 -36
2 24 -38 -96 -36 -22 -96 -36
4 16 -2 -80 -39 -18 -80 -39 -18 -80 -40 -2 -80 -40
4 16 -18 -92 -39 -18 -80 -39 -2 -80 -39 -2 -92 -39
1 16 -18 -92 -36 0 16 0 -3 0 0 0 0 -3  1-4cyli.dat
2 24 -18 -95 -36 -2 -95 -36
4 16 -18 -96 -36 -18 -95 -36 -2 -95 -36 -2 -96 -36
2 24 -18 -96 -36 -2 -96 -36
4 16 18 -80 -39 2 -80 -39 2 -80 -40 18 -80 -40
4 16 2 -92 -39 2 -80 -39 18 -80 -39 18 -92 -39
1 16 2 -92 -36 0 16 0 -3 0 0 0 0 -3  1-4cyli.dat
2 24 2 -95 -36 18 -95 -36
4 16 2 -96 -36 2 -95 -36 18 -95 -36 18 -96 -36
2 24 2 -96 -36 18 -96 -36
4 16 38 -80 -39 22 -80 -39 22 -80 -40 38 -80 -40
4 16 22 -92 -39 22 -80 -39 38 -80 -39 38 -92 -39
1 16 22 -92 -36 0 16 0 -3 0 0 0 0 -3  1-4cyli.dat
2 24 22 -95 -36 38 -95 -36
4 16 22 -96 -36 22 -95 -36 38 -95 -36 38 -96 -36
2 24 22 -96 -36 38 -96 -36

4 16 -40 -92 -40 -40 -80 -40 -38 -80 -40 -38 -92 -40
4 16 -22 -92 -40 -22 -80 -40 -18 -80 -40 -18 -92 -40
1 16 -22 -92 -36 0 4 0 -4 0 0 0 0 -4  1-4cyli.dat
4 16 -2 -92 -40 -2 -80 -40 2 -80 -40 2 -92 -40
1 16 -2 -92 -36 0 4 0 -4 0 0 0 0 -4  1-4cyli.dat
4 16 18 -92 -40 18 -80 -40 22 -80 -40 22 -92 -40
1 16 18 -92 -36 0 4 0 -4 0 0 0 0 -4  1-4cyli.dat
4 16 38 -92 -40 38 -80 -40 40 -80 -40 40 -92 -40
0 // Angle at end of front step
1 16 38 -92 -36 0 0.4 0 -4 0 0 0 0 -4  1-4cyli.dat
1 16 38.4 -92 -36 0 1.6 0 0 0 -4 4 0 0  1-4cyls2.dat
2 24 38.4 -96 -36 39.0123 -95.6956 -37.5308
2 24 39.5314 -94.8284 -38.8284 39.0123 -95.6956 -37.5308
2 24 39.8782 -93.5308 -39.6956 39.5314 -94.8284 -38.8284
2 24 40 -92 -40 39.8782 -93.5308 -39.6956
3 16 38.4 -96 -36 39.0123 -95.6956 -37.5308 39.0123 -96 -37.5308
4 16 39.0123 -96 -37.5308 39.0123 -95.6956 -37.5308 39.5314 -94.8284 -38.8284 39.5314 -96 -38.8284
4 16 39.5314 -96 -38.8284 39.5314 -94.8284 -38.8284 39.8782 -93.5308 -39.6956 39.8782 -96 -39.6956
4 16 39.8782 -96 -39.6956 39.8782 -93.5308 -39.6956 40 -92 -40 40 -96 -40
1 16 -38 -92 -36 0 -0.4 0 -4 0 0 0 0 -4  1-4cyli.dat
1 16 -38.4 -92 -36 0 -1.6 0 0 0 -4 4 0 0  1-4cyls2.dat
2 24 -38.4 -96 -36 -39.0123 -95.6956 -37.5308
2 24 -39.5314 -94.8284 -38.8284 -39.0123 -95.6956 -37.5308
2 24 -39.8782 -93.5308 -39.6956 -39.5314 -94.8284 -38.8284
2 24 -40 -92 -40 -39.8782 -93.5308 -39.6956
3 16 -38.4 -96 -36 -39.0123 -95.6956 -37.5308 -39.0123 -96 -37.5308
4 16 -39.5314 -96 -38.8284 -39.5314 -94.8284 -38.8284 -39.0123 -95.6956 -37.5308 -39.0123 -96 -37.5308
4 16 -39.8782 -96 -39.6956 -39.8782 -93.5308 -39.6956 -39.5314 -94.8284 -38.8284 -39.5314 -96 -38.8284
4 16 -40 -96 -40 -40 -92 -40 -39.8782 -93.5308 -39.6956 -39.8782 -96 -39.6956

0 // Lens pit
1 16 0 -96 60 36 0 0 0 1 0 0 0 -36  2-4edge.dat
1 16 0 -96 60 36 0 0 0 1 0 0 0 -36  2-4ndis.dat
1 16 0 -96 60 36 0 0 0 0 36 0 1 0  2-4edge.dat
1 16 0 -96 60 36 0 0 0 0 36 0 -1 0  2-4ndis.dat
4 16 27.717 -94 48.519 33.2604 -96 46.2228 36 -96 60 29.602 -94 58
4 16 21.213 -94 38.787 25.4556 -96 34.5444 33.2604 -96 46.2228 27.717 -94 48.519
4 16 11.481 -94 32.283 13.7772 -96 26.7396 25.4556 -96 34.5444 21.213 -94 38.787
4 16 0 -94 30 0 -96 24 13.7772 -96 26.7396 11.481 -94 32.283
4 16 -11.481 -94 32.283 -13.7772 -96 26.7396 0 -96 24 0 -94 30
4 16 -21.213 -94 38.787 -25.4556 -96 34.5444 -13.7772 -96 26.7396 -11.481 -94 32.283
4 16 -27.717 -94 48.519 -33.2604 -96 46.2228 -25.4556 -96 34.5444 -21.213 -94 38.787
4 16 -29.602 -94 58 -36 -96 60 -33.2604 -96 46.2228 -27.717 -94 48.519
1 16 0 -94 58 29.602 0 0 0 1 0 0 0 -28 2-4disc.dat
1 16 0 -94 58 29.602 0 0 0 0 28 0 -1 0 2-4disc.dat

2 24 29.602 -94 58 27.717 -94 48.519
2 24 27.717 -94 48.519 21.213 -94 38.787
2 24 21.213 -94 38.787 11.481 -94 32.283
2 24 11.481 -94 32.283 0 -94 30
2 24 0 -94 30 -11.481 -94 32.283
2 24 -11.481 -94 32.283 -21.213 -94 38.787
2 24 -21.213 -94 38.787 -27.717 -94 48.519
2 24 -27.717 -94 48.519 -29.602 -94 58

4 16 36 -96 60 33.2604 -82.2228 60 27.717 -84.519 58 29.602 -94 58
4 16 33.2604 -82.2228 60 25.4556 -70.5444 60 21.213 -74.787 58 27.717 -84.519 58
4 16 25.4556 -70.5444 60 13.7772 -62.7396 60 11.481 -68.283 58 21.213 -74.787 58
4 16 13.7772 -62.7396 60 0 -60 60 0 -66 58 11.481 -68.283 58
4 16 0 -60 60 -13.7772 -62.7396 60 -11.481 -68.283 58 0 -66 58
4 16 -13.7772 -62.7396 60 -25.4556 -70.5444 60 -21.213 -74.787 58 -11.481 -68.283 58
4 16 -25.4556 -70.5444 60 -33.2604 -82.2228 60 -27.717 -84.519 58 -21.213 -74.787 58
4 16 -33.2604 -82.2228 60 -36 -96 60 -29.602 -94 58 -27.717 -84.519 58

2 24 29.602 -94 58 27.717 -84.519 58
2 24 27.717 -84.519 58 21.213 -74.787 58
2 24 21.213 -74.787 58 11.481 -68.283 58
2 24 11.481 -68.283 58 0 -66 58
2 24 0 -66 58 -11.481 -68.283 58
2 24 -11.481 -68.283 58 -21.213 -74.787 58
2 24 -21.213 -74.787 58 -27.717 -84.519 58
2 24 -27.717 -84.519 58 -29.602 -94 58

2 24 29.602 -94 58 36 -96 60
2 24 -29.602 -94 58 -36 -96 60

