0 Train Track Roller Coaster Straight 4 x 16
0 Name: 25059.dat
0 Author: David Merryweather [hazydavy]
0 !LDRAW_ORG Unofficial_Part
0 !LICENSE Redistributable under CCAL version 2.0 : see CAreadme.txt

0 BFC CERTIFY CCW

1 16 150 0 0 -1 0 0 0 1 0 0 0 -1 s\26022s01.dat
1 16 -150 0 0 1 0 0 0 1 0 0 0 1 s\26022s01.dat

1 16 -150 0 0 1 0 0 0 1 0 0 0 1 stug-2x1.dat
1 16 150 0 0 1 0 0 0 1 0 0 0 1 stug-2x1.dat

1 16 80 0 0 1 0 0 0 1 0 0 0 -1 s\26022s02.dat
1 16 -80 0 0 -1 0 0 0 1 0 0 0 -1 s\26022s02.dat

1 16 -75 0 0 1 0 0 0 1 0 0 0 1 s\25059s02.dat
1 16 -75 0 0 -1 0 0 0 1 0 0 0 -1 s\25059s02.dat
1 16 75 0 0 -1 0 0 0 1 0 0 0 1 s\25059s02.dat
1 16 75 0 0 1 0 0 0 1 0 0 0 -1 s\25059s02.dat
1 16 25 0 0 1 0 0 0 1 0 0 0 1 s\25059s02.dat
1 16 25 0 0 -1 0 0 0 1 0 0 0 -1 s\25059s01.dat
1 16 -25 0 0 -1 0 0 0 1 0 0 0 1 s\25059s02.dat
1 16 -25 0 0 1 0 0 0 1 0 0 0 -1 s\25059s01.dat

1 16 -160 -14 30 0 320 0 4 0 0 0 0 4 2-4cylo.dat
1 16 -160 -14 30 0 320 0 -4 0 0 0 0 -4 3-16cylo.dat
1 16 0 -10 29.697 -160 0 0 0 -1 0 0 0 -0.303 rect3.dat
4 16 135.5 -2 27.1 -135.5 -2 27.1 -160 -10 29.394 160 -10 29.394
2 24 -135.5 -2 27.1 135.5 -2 27.109
4 16 135.5 -8 24.149 -135.5 -8 24.149 -135.5 -2 22.5 135.5 -2 22.5
4 16 -135.5 -8 24.149 135.5 -8 24.149 160 -15.531 26.304 -160 -15.531 26.304

1 16 -160 -14 -30 0 320 0 4 0 0 0 0 -4 2-4cylo.dat
1 16 -160 -14 -30 0 320 0 -4 0 0 0 0 4 3-16cylo.dat
1 16 0 -10 -29.697 -160 0 0 0 -1 0 0 0 0.303 rect3.dat
4 16 -160 -10 -29.394 -135.5 -2 -27.1 135.5 -2 -27.1 160 -10 -29.394
2 24 -135.5 -2 -27.1 135.5 -2 -27.109
4 16 -135.5 -2 -22.5 -135.5 -8 -24.149 135.5 -8 -24.149 135.5 -2 -22.5
4 16 160 -15.531 -26.304 135.5 -8 -24.149 -135.5 -8 -24.149 -160 -15.531 -26.304

2 24 -135.5 -2 22.5 -135.5 -2 27.1
2 24 -135.5 -2 22.5 -104 -2 22.5
2 24 -96 -2 22.5 -58.3333 -2 22.5
2 24 -41.667 -2 22.5 -4 -2 22.5
2 24 4 -2 22.5 41.667 -2 22.5
2 24 58.3333 -2 22.5 96 -2 22.5
2 24 104 -2 22.5 135.5 -2 22.5
2 24 135.5 -2 -22.5 108.931 -2 -22.5
2 24 91.6667 -2 -22.5 54 -2 -22.5
2 24 46 -2 -22.5 8.3333 -2 -22.5
2 24 -8.3333 -2 -22.5 -46 -2 -22.5
2 24 -54 -2 -22.5 -91.6667 -2 -22.5
2 24 -108.391 -2 -22.5 -135.5 -2 -22.5
2 24 135.5 -2 22.5 135.5 -2 27.1
2 24 135.5 -2 -27.109 135.5 -2 -22.5
2 24 -135.5 -2 -22.5 -135.5 -2 -27.1

4 16 -135.5 -2 -22.5 135.5 -2 -22.5 135.5 -2 -27.1 -135.5 -2 -27.1

4 16 135.5 -2 22.5 -135.5 -2 22.5 -135.5 -2 27.1 135.5 -2 27.1

0 // Condlines
5 24 41.6667 -2 20 8.3333 -2 -20 43.6593 -2.3044 20 6.3407 -2.3044 -20
5 24 -91.6667 -2 -20 -58.3333 -2 20 -56.3407 -2.3044 20 -93.6593 -2.3044 -20
5 24 -100 -2 -20 -100 -2 20 -98.4692 -2.3044 20 -101.5308 -2.3044 -20
5 24 135.1957 -8.8284 7.5443 135.1957 -8.8284 16.3449 134.88 -9.6956 9.1869 135.5 -8 17.5689
5 24 57.7083 -10 20.75 92.2916 -10 -20.75 59.4474 -9.6956 21.0544 90.5526 -9.6956 -21.0544
5 24 -50 -10 -20.75 -50 -10 15.2247 -48.4692 -9.6956 15.5262 -51.5308 -9.6956 15.5262
5 24 -57.7084 -10 20.75 -92.2917 -10 -20.75 -59.4474 -9.6956 21.0544 -90.5526 -9.6956 -21.0544
5 24 101.8235 -9.5 21.25 101.8213 -9.5 -15.7236 102.8284 -8.8284 24.386 101.5308 -9.6956 -15.5294
5 24 91.6667 -2 -20 58.3333 -2 20 93.6593 -2.3044 -20 56.3407 -2.3044 20
5 24 -101.5308 -9.6956 21.0721 -100 -9.50024 21.25 -101.8235 -9.5 21.25 -100 -10 20.7677
5 24 0 -2 -20 0 -2 20 -1.5308 -2.3044 20 1.5308 -2.3044 20
5 24 -42.2917 -10 20.75 -7.7084 -10 -20.75 -9.4474 -9.6956 -21.0544 -40.5526 -9.6956 21.0544
5 24 50 -10 -20.75 50 -10 15.2247 51.5308 -9.6956 15.5262 48.4692 -9.6956 15.5262
5 24 0 -10 15.2247 0 -10 -15.2247 1.5308 -9.6956 -15.5262 -1.5308 -9.6956 -15.5262
5 24 -135.5 -8 -24.149 135.5 -8 -24.149 135.5 -2 -22.5 -160 -15.531 -26.304
5 24 100 -2 -20 100 -2 20 98.4692 -2.3044 20 101.5308 -2.3044 -20
5 24 135.5 -8 24.149 -135.5 -8 24.149 -135.5 -2 22.5 160 -15.531 26.304
5 24 7.7083 -10 -20.75 42.2916 -10 20.75 40.5526 -9.6956 21.0544 9.4474 -9.6956 -21.0544
5 24 -50 -2 20 -50 -2 -20 -48.4692 -2.3044 -20 -51.5308 -2.3044 -20
5 24 50 -2 20 50 -2 -20 51.5308 -2.3044 -20 48.4692 -2.3044 -20
5 24 -101.8235 -9.5 21.25 -101.8213 -9.5 -15.7236 -102.8284 -8.8284 24.386 -101.5308 -9.6956 -15.5294
5 24 101.5308 -9.6956 21.0721 100 -9.50024 21.25 100 -10 20.7677 101.8235 -9.5 21.25
