0 Plant Tree Palm Base
0 Name: 2563a.dat
0 Author: Tore Eriksson [Tore_Eriksson]
0 !LDRAW_ORG Unofficial_Part
0 !LICENSE Redistributable under CCAL version 2.0 : see CAreadme.txt

0 BFC CERTIFY CCW

0 !HISTORY 1998-05-21 [PTadmin] Official Update 1998-05
0 !HISTORY 1999-03-26 [PTadmin] Official Update 1999-02
0 !HISTORY 1999-05-24 [PTadmin] Official Update 1999-04
0 !HISTORY 2007-05-14 [PTadmin] Header formatted for Contributor Agreement
0 !HISTORY 2008-07-01 [PTadmin] Official Update 2008-01
0 !HISTORY 2008-07-07 [DeannaEarley] BFC'd, tidied and corrected errors (2005-08-29)
0 !HISTORY 2009-05-02 [PTadmin] Official Update 2009-01
0 !HISTORY 2011-12-29 [Steffen] added missing 4-4edge
0 !HISTORY 2011-12-30 [Philo] Added condlines to smooth cone, used stud2a
0 !HISTORY 2012-03-30 [PTadmin] Official Update 2012-01
0 !HISTORY 2019-12-15 [Philo] Corrected wrong stud height, refined shape

1 16 0 4 0 1 0 0 0 -1 0 0 0 1 STUD4A.dat
1 16 0 4 0 8 0 0 0 1 0 0 0 8 4-4edge.dat
1 16 0 4 0 8 0 0 0 -1 0 0 0 8 4-4ndis.dat
4 16 -8 4 -8 8 4 -8 16 4 -16 -16 4 -16
4 16 -16 4 16 16 4 16 8 4 8 -8 4 8
4 16 -16 4 -16 -16 4 16 -8 4 8 -8 4 -8
4 16 8 4 -8 8 4 8 16 4 16 16 4 -16
0 BFC INVERTNEXT
1 16 0 8 0 16 0 0 0 -4 0 0 0 16 box4.dat
4 16 20 8 20 16 8 16 -16 8 16 -20 8 20
4 16 -20 8 -20 -16 8 -16 16 8 -16 20 8 -20
4 16 20 8 -20 16 8 -16 16 8 16 20 8 20
4 16 -20 8 20 -16 8 16 -16 8 -16 -20 8 -20
1 16 0 8 0 20 0 0 0 -8 0 0 0 20 box4.dat
4 16 -20 0 -20 20 0 -20 6 0 -6 -6 0 -6
4 16 -6 0 6 6 0 6 20 0 20 -20 0 20
4 16 -6 0 -6 -6 0 6 -20 0 20 -20 0 -20
4 16 20 0 -20 20 0 20 6 0 6 6 0 -6
0 BFC INVERTNEXT
1 16 0 4 0 6 0 0 0 -16 0 0 0 6 4-4cyli.dat
1 16 0 -12 0 6 0 0 0 1 0 0 0 6 4-4edge.dat
1 16 0 -12 0 2 0 0 0 -1 0 0 0 2 4-4ring2.dat
1 16 0 -12 0 4 0 0 0 1 0 0 0 4 4-4edge.dat
0 BFC INVERTNEXT
1 16 0 -12 0 4 0 0 0 -4 0 0 0 4 4-4cyli.dat
1 16 0 -16 0 1 0 0 0 1 0 0 0 1 stud2a.dat
1 16 0 -13 0 6 0 0 0 1 0 0 0 6 4-4edge.dat
1 16 0 -16 0 2 0 0 0 1 0 0 0 2 4-4ring3.dat
1 16 0 -16 0 8 0 0 0 1 0 0 0 8 4-4edge.dat
1 16 0 -32 0 10 0 0 0 1 0 0 0 10 4-4edge.dat
1 16 0 -32 0 2 0 0 0 1 0 0 0 2 4-4ring5.dat
1 16 0 -32 0 2 0 0 0 1 0 0 0 2 4-4ring6.dat
1 16 0 -32 0 14 0 0 0 1 0 0 0 14 4-4edge.dat
0 BFC INVERTNEXT
1 16 0 -20 0 2 0 0 0 4 0 0 0 2 4-4con4.dat
0 BFC INVERTNEXT
1 16 0 -32 0 10 0 0 0 12 0 0 0 10 4-4cylo.dat
1 16 0 -16 0 6 0 0 0 1 0 0 0 6 4-4edge.dat
1 16 0 -9 0 11 0 0 0 9 0 0 0 11 4-4cyli.dat
1 16 0 -21 0 1 0 0 0 12 0 0 0 1 4-4con11.dat
1 16 0 -32 0 2 0 0 0 11 0 0 0 2 4-4con6.dat
1 16 0 0 0 11 0 0 0 1 0 0 0 11 4-4edge.dat
5 24 4.2097 -9 10.1629 7.7781 -9 7.7781 4.2097 0 10.1629 4.5924 -21 11.0868
5 24 0 -9 11 4.2097 -9 10.1629 0 0 11 0 -21 12
5 24 4.5924 -21 11.0868 8.4852 -21 8.4852 4.2097 -9 10.1629 5.3578 -32 12.9346
5 24 4.5924 -21 11.0868 0 -21 12 0 -9 11 0 -32 14
5 24 10.1629 -9 4.2097 11 -9 0 10.1629 0 4.2097 11.0868 -21 4.5924
5 24 7.7781 -9 7.7781 10.1629 -9 4.2097 7.7781 0 7.7781 8.4852 -21 8.4852
5 24 12 -21 0 11.0868 -21 4.5924 10.1629 -9 4.2097 12.9346 -32 5.3578
5 24 11.0868 -21 4.5924 8.4852 -21 8.4852 9.8994 -32 9.8994 7.7781 -9 7.7781
5 24 10.1629 -9 -4.2097 7.7781 -9 -7.7781 10.1629 0 -4.2097 11.0868 -21 -4.5924
5 24 11 -9 0 10.1629 -9 -4.2097 11 0 0 12 -21 0
5 24 11.0868 -21 -4.5924 8.4852 -21 -8.4852 10.1629 -9 -4.2097 12.9346 -32 -5.3578
5 24 11.0868 -21 -4.5924 12 -21 0 11 -9 0 14 -32 0
5 24 4.2097 -9 -10.1629 0 -9 -11 4.2097 0 -10.1629 4.5924 -21 -11.0868
5 24 7.7781 -9 -7.7781 4.2097 -9 -10.1629 7.7781 0 -7.7781 8.4852 -21 -8.4852
5 24 0 -21 -12 4.5924 -21 -11.0868 4.2097 -9 -10.1629 5.3578 -32 -12.9346
5 24 4.5924 -21 -11.0868 8.4852 -21 -8.4852 9.8994 -32 -9.8994 7.7781 -9 -7.7781
5 24 -4.2097 -9 -10.1629 -7.7781 -9 -7.7781 -4.2097 0 -10.1629 -4.5924 -21 -11.0868
5 24 0 -9 -11 -4.2097 -9 -10.1629 0 0 -11 0 -21 -12
5 24 -4.5924 -21 -11.0868 -8.4852 -21 -8.4852 -4.2097 -9 -10.1629 -5.3578 -32 -12.9346
5 24 -4.5924 -21 -11.0868 0 -21 -12 0 -9 -11 0 -32 -14
5 24 -10.1629 -9 -4.2097 -11 -9 0 -10.1629 0 -4.2097 -11.0868 -21 -4.5924
5 24 -7.7781 -9 -7.7781 -10.1629 -9 -4.2097 -7.7781 0 -7.7781 -8.4852 -21 -8.4852
5 24 -12 -21 0 -11.0868 -21 -4.5924 -10.1629 -9 -4.2097 -12.9346 -32 -5.3578
5 24 -11.0868 -21 -4.5924 -8.4852 -21 -8.4852 -9.8994 -32 -9.8994 -7.7781 -9 -7.7781
5 24 -10.1629 -9 4.2097 -7.7781 -9 7.7781 -10.1629 0 4.2097 -11.0868 -21 4.5924
5 24 -11 -9 0 -10.1629 -9 4.2097 -11 0 0 -12 -21 0
5 24 -11.0868 -21 4.5924 -8.4852 -21 8.4852 -10.1629 -9 4.2097 -12.9346 -32 5.3578
5 24 -11.0868 -21 4.5924 -12 -21 0 -11 -9 0 -14 -32 0
5 24 -4.2097 -9 10.1629 0 -9 11 -4.2097 0 10.1629 -4.5924 -21 11.0868
5 24 -7.7781 -9 7.7781 -4.2097 -9 10.1629 -7.7781 0 7.7781 -8.4852 -21 8.4852
5 24 0 -21 12 -4.5924 -21 11.0868 -4.2097 -9 10.1629 -5.3578 -32 12.9346
5 24 -4.5924 -21 11.0868 -8.4852 -21 8.4852 -9.8994 -32 9.8994 -7.7781 -9 7.7781
