0 Minifig Boomerang
0 Name: 25892.dat
0 Author: Gerald Lasser [GeraldLasser]
0 !LDRAW_ORG Unofficial_Part
0 !LICENSE Redistributable under CCAL version 2.0 : see CAreadme.txt

0 BFC CERTIFY CCW

0 !CATEGORY Minifig Accessory

1 16 0 4 0 1 0 0 0 -1 0 0 0 1 stud4a.dat
1 16 0 4 0 -6 0 0 0 -1 0 0 0 6 4-4disc.dat
1 16 0 4 0 -6 0 0 0 -1 0 0 0 6 4-4edge.dat
1 16 0 0.8 0 1 0 0 0 1.2 0 0 0 1 studa.dat
1 16 0 4 0 -3.695518 0 -1.530734 0 -4 0 1.530734 0 -3.695518 r08o1000.dat

0 // Bottom
1 16 0 4 0 .5 0 .866025 0 1 0 -.866025 0 .5 s\25892s01.dat
1 16 0 4 0 .5 0 .866025 0 1 0 .866025 0 -.5 s\25892s01.dat

0 // Top Surface
4 16 -4 0 0 -3.6956 0 -1.5308 5 0 0 -3.6956 0 1.5308
5 24 -6.3088 1.1716 2.6132 -5.11 .3044 2.1168 -6.8284 1.1716 0 -4.7898 .3044 2.7654
5 24 -7.3912 4 3.0616 -7.11 2.4692 2.9452 -8 4 0 -6.6646 2.4692 3.8478
5 24 -7.11 2.4692 2.9452 -6.3088 1.1716 2.6132 -7.6956 2.4692 0 -5.9136 1.1716 3.4142
5 24 8 3 0 8 4 0 8.609 3 -3.0614 8.609 3 3.0614
5 24 7.7717 1.8519 0 8 3 0 8.609 3 3.0614 8.609 3 -3.0614
5 24 7.1213 .8787 -.0001 7.7717 1.8519 0 8.3971 1.8519 -3.1464 8.3971 1.8519 3.1464
5 24 6.1481 .2283 0 7.1213 .8787 -.0001 7.7935 .8787 3.3886 7.7935 .8787 -3.3887
5 24 6.1481 .2283 0 5 0 0 5.8247 0 4.1785 5.8247 0 -4.1785
