0 Container Lifting Grab Tool Half
0 Name: 2648.dat
0 Author: Magnus Forsberg [MagFors]
0 !LDRAW_ORG Unofficial_Part
0 !LICENSE Redistributable under CCAL version 2.0 : see CAreadme.txt

0 BFC CERTIFY CCW

0 !HISTORY 2020-04-27 [MagFors] Original part shape from Thomas Burger
0 !HISTORY 2020-04-27 [MagFors] File preparation for LDraw Parts Tracker
0 !HISTORY 2020-04-27 [MagFors] Modified with WINDZ for BFC compliance

1 16 17 -23 -12 -2 0 0 0 0 -2 0 1 0 2-4chrd.dat
1 16 25 -23 -12 -2 0 0 0 0 -2 0 1 0 2-4chrd.dat
1 16 25 -23 -12 -2 0 0 0 0 -2 0 4 0 2-4cylo.dat
1 16 21 -21 -12 -2 0 0 0 0 2 0 1 0 2-4ndis.dat

1 16 21 -21 -8 -2 0 0 0 0 2 0 -1 0 2-4ndis.dat
1 16 17 -23 -8 -2 0 0 0 0 -2 0 -1 0 2-4chrd.dat
1 16 25 -23 -8 -2 0 0 0 0 -2 0 -1 0 2-4chrd.dat
0 BFC INVERTNEXT
1 16 21 -21 -12 -2 0 0 0 0 2 0 4 0 2-4cylo.dat
1 16 17 -23 -12 -2 0 0 0 0 -2 0 4 0 2-4cylo.dat
1 16 19.0765 -21.39 -10 0 -1 0.0765 0 0 -0.39 2 0 0 rect3.dat
1 16 19.0765 -22.39 -10 0.0765 -1 0 0.61 0 0 0 0 2 rect2p.dat
1 16 22.9235 -22.39 -10 0 1 -0.0765 0 0 0.61 2 0 0 rect3.dat
1 16 22.9235 -21.39 -10 -0.0765 1 0 -0.39 0 0 0 0 2 rect2p.dat

4 16 19 -19 -12 11 -11 -12 31 -11 -12 23 -19 -12
4 16 19 -19 -8 23 -19 -8 31 -11 -8 11 -11 -8
4 16 31 -11 -12 27 -23 -12 23 -21 -12 23 -19 -12
4 16 22.847 -21.78 -12 23 -21 -12 27 -23 -12 23 -23 -12
4 16 31 -11 -8 23 -19 -8 23 -21 -8 27 -23 -8
4 16 27 -23 -8 23 -21 -8 22.847 -21.78 -8 23 -23 -8
4 16 11 -11 -12 19 -19 -12 19 -21 -12 15 -23 -12
4 16 15 -23 -12 19 -21 -12 19.153 -21.78 -12 19 -23 -12
4 16 11 -11 -8 15 -23 -8 19 -21 -8 19 -19 -8
4 16 19.153 -21.78 -8 19 -21 -8 15 -23 -8 19 -23 -8
1 16 13 -17 -10 0 1 -2 0 0 6 2 0 0 rect3.dat
1 16 29 -17 -10 0 -1 2 0 0 6 -2 0 0 rect3.dat

1 16 17 -23 8 -2 0 0 0 0 -2 0 1 0 2-4chrd.dat
1 16 25 -23 8 -2 0 0 0 0 -2 0 1 0 2-4chrd.dat
1 16 25 -23 8 -2 0 0 0 0 -2 0 4 0 2-4cylo.dat
1 16 21 -21 8 -2 0 0 0 0 2 0 1 0 2-4ndis.dat
1 16 21 -21 12 -2 0 0 0 0 2 0 -1 0 2-4ndis.dat
1 16 17 -23 12 -2 0 0 0 0 -2 0 -1 0 2-4chrd.dat
1 16 25 -23 12 -2 0 0 0 0 -2 0 -1 0 2-4chrd.dat
0 BFC INVERTNEXT
1 16 21 -21 8 -2 0 0 0 0 2 0 4 0 2-4cylo.dat
1 16 17 -23 8 -2 0 0 0 0 -2 0 4 0 2-4cylo.dat
1 16 19.0765 -22.39 10 0 -1 0.0765 0 0 0.61 -2 0 0 rect3.dat
1 16 19.0765 -21.39 10 0.0765 -1 0 -0.39 0 0 0 0 -2 rect2p.dat
1 16 22.9235 -22.39 10 0 1 -0.0765 0 0 0.61 2 0 0 rect3.dat
1 16 22.9235 -21.39 10 0.0765 1 0 0.39 0 0 0 0 -2 rect2p.dat

2 24 13 -15 8 13 -17 8
2 24 13 -7 12 13 -17 12
4 16 19 -19 8 13 -17 8 31 -11 8 23 -19 8
4 16 19 -19 12 23 -19 12 31 -11 12 13 -17 12
4 16 13 -17 8 19 -19 8 19 -21 8 15 -23 8
4 16 15 -23 8 19 -21 8 19.153 -21.78 8 19 -23 8
4 16 13 -17 12 15 -23 12 19 -21 12 19 -19 12
4 16 19.153 -21.78 12 19 -21 12 15 -23 12 19 -23 12
4 16 23 -21 8 23 -19 8 31 -11 8 27 -23 8
4 16 22.847 -21.78 8 23 -21 8 27 -23 8 23 -23 8
4 16 31 -11 12 23 -19 12 23 -21 12 27 -23 12
4 16 27 -23 12 23 -21 12 22.847 -21.78 12 23 -23 12
1 16 14 -20 10 0 1 -1 0 0 3 2 0 0 rect3.dat
1 16 29 -17 10 0 -1 2 0 0 6 -2 0 0 rect3.dat
4 16 13 -17 8 13 -15 8 15 -11 8 31 -11 8
4 16 13 -7 12 13 -17 12 31 -11 12 32 -7 12
1 16 14 -11 7 1 0 0 0 -4 0 0 0 -1 box4-4a.dat
1 16 28 -11 7 1 0 0 0 -4 0 0 0 -1 box4-1.dat
1 16 28 -11 -7 1 0 0 0 -4 0 0 0 1 box4-1.dat
1 16 14 -11 -7 1 0 0 0 -4 0 0 0 1 box4-1.dat
2 24 13 -15 8 15 -15 8
2 24 15 -15 8 15 -11 8

2 24 13 -11 8 4 -11 8
2 24 11 -11 -12 8 -11 -12
2 24 8 -11 -22 8 -11 -12
2 24 8 -11 -22 4 -11 -22
2 24 4 -11 8 4 -11 -22
2 24 8 -7 8 8 -7 -8
2 24 28 -7 -12 32 -7 -12
2 24 8 -7 -8 8 5 -8
2 24 8 -11 -12 8 5 -12
2 24 8 -7 -8 28 -7 -8
2 24 13 -7 12 32 -7 12
2 24 13 -7 12 13 -7 8
2 24 8 -7 8 13 -7 8
2 24 13 -7 8 13 -11 8
1 16 31.5 -11 0 0 0 0.5 0 1 0 -12 0 0 rect3.dat
4 16 31 -11 8 4 -11 8 11 -11 -8 31 -11 -8
3 16 13 -17 8 13 -17 12 13 -15 8
4 16 13 -17 12 13 -7 12 13 -11 8 13 -15 8
3 16 13 -7 8 13 -11 8 13 -7 12
3 16 32 -7 12 31 -11 12 32 -11 12
1 16 32 -9 0 0 -1 0 0 0 2 -12 0 0 rect3.dat
4 16 32 -7 -12 32 -11 -12 11 -11 -12 28 -7 -12
4 16 8 -11 -12 11 -11 -12 11 -11 -8 4 -11 8
4 16 4 -11 -22 8 -11 -22 8 -11 -12 4 -11 8
3 16 4 8.28 -12 8 8 -22 4 8.28 -18
4 16 8 8 -22 4 8.28 -12 4 8.28 -8 8 8 8
3 16 8 8 8 4 8.28 -8 4 8.28 8
4 16 11 -11 -12 8 -11 -12 8 5 -12 28 -7 -12
3 16 8 -7 -8 28 -7 -8 8 5 -8
4 16 8 -7 -8 8 -7 8 13 -7 8 28 -7 -8
4 16 28 -7 -12 28 -7 -8 32 -7 12 32 -7 -12
4 16 13 -7 8 13 -7 12 32 -7 12 28 -7 -8
1 16 18 -1 -10 0 0 10 0 -1 -6 2 0 0 rect.dat
2 24 8 8 8 8 -7 8
2 24 4 -11 8 4 8.28 8
4 16 8 -7 -8 8 5 -8 8 8 8 8 -7 8
4 16 8 -7 8 8 8 8 4 8.28 8 4 -11 8
4 16 8 -7 8 4 -11 8 13 -11 8 13 -7 8
2 24 4 -9 -22 4 -9 -8
2 24 4 -9 -22 4 -11 -22
2 24 4 -9 -8 4 8.28 -8
2 24 4 8.28 8 4 8.28 -8
4 16 4 -9 -8 4 -9 -22 4 -11 -22 4 -11 8
4 16 4 -9 -8 4 -11 8 4 8.28 8 4 8.28 -8
2 24 8 -11 -22 8 8 -22
2 24 8 8 8 8 8 -22
4 16 8 8 8 8 5 -8 8 5 -12 8 8 -22
4 16 8 -11 -22 8 8 -22 8 5 -12 8 -11 -12
2 24 8 8 8 4 8.28 8
2 24 -13.9973 -6.726 -8 4 -9 -8
2 24 -10 -7.13 -22 4 -9 -22
2 24 -10 9 -22 8 8 -22
4 16 -10 -7.13 -22 -10 9 -22 8 8 -22 4 -9 -22
2 24 -30 -4.424 -13 -13.9973 -6.726 -13
2 24 -30 -4.424 -13 -30 -4.424 -17
2 24 -48 -2 -17 -30 -4.424 -17
2 24 -10 -7.13 -30 -48 -2 -30
4 16 -13.9973 -6.726 -13 -10 -7.13 -22 4 -9 -22 4 -9 -8
3 16 -10 -7.13 -22 -13.9973 -6.726 -13 -30 -4.424 -13
3 16 -13.9973 -6.726 -13 4 -9 -8 -13.9973 -6.726 -8
4 16 -30 -4.424 -13 -30 -4.424 -17 -10 -7.13 -26 -10 -7.13 -22
4 16 -30 -4.424 -17 -48 -2 -17 -48 -2 -30 -10 -7.13 -30
3 16 -10 -7.13 -30 -10 -7.13 -26 -30 -4.424 -17
1 16 0 0 -30 0 0 8.5 8.5 0 0 0 1 0 2-4chrd.dat
4 16 -10 -7.13 -30 -10 9 -30 0 8.5 -30 0 -8.5 -30
4 16 4 -9 -22 8 8 -22 8 -11 -22 4 -11 -22
1 16 -10 0.935 -24 0 -1 0 0 0 8.065 -2 0 0 rect.dat
2 24 -10 9 -30 -40 10.583 -30
4 16 -48 -2 -30 -52 7 -30 -40 6.4 -30 -10 -7.13 -30
4 16 -10 -7.13 -30 -40 6.4 -30 -40 10.583 -30 -10 9 -30
2 24 -48 -2 -17 -45 -19 -17
2 24 -33 -19 -17 -30 -4.424 -17
1 16 -39 -23 -17 6 0 0 0 0 -6 0 1 0 2-4chrd.dat
1 16 -39 -23 -17 6 0 0 0 0 -6 0 4 0 2-4cylo.dat
1 16 -39 -21 -17 0 0 6 2 0 0 0 1 0 rect2p.dat
4 16 -33 -23 -17 -33 -19 -17 -33 -19 -13 -33 -23 -13
4 16 -45 -23 -17 -45 -23 -13 -45 -19 -13 -45 -19 -17
4 16 -30 -4.424 -17 -33 -19 -17 -45 -19 -17 -48 -2 -17
2 24 -48 -2 -13 -45 -19 -13
2 24 -33 -19 -13 -30 -4.424 -13
1 16 -39 -23 -13 6 0 0 0 0 -6 0 -1 0 2-4chrd.dat
1 16 -39 -21 -13 0 0 -6 2 0 0 0 -1 0 rect2p.dat
4 16 -30 -4.424 -13 -48 -2 -13 -45 -19 -13 -33 -19 -13
4 16 -30 -4.424 -17 -30 -4.424 -13 -33 -19 -13 -33 -19 -17
4 16 -48 -2 -17 -45 -19 -17 -45 -19 -13 -48 -2 -13
1 16 -50 2.5 -21.5 0 1 2 0 0 -4.5 -8.5 0 0 rect3.dat
2 24 -52 7 -40 -52 7 -13
2 24 -48 -2 17 -45 -19 17
2 24 -33 -19 17 -30 -4.424 17

1 16 -39.001 -23 17.001 6 0 0 0 0 -6 0 -1 0 2-4chrd.dat
1 16 -39.001 -23 17.001 6 0 0 0 0 -6 0 -4 0 2-4cylo.dat
1 16 -39 -21 17 0 0 -6 2 0 0 0 -1 0 rect2p.dat
4 16 -33 -23 17 -33 -23 13 -33 -19 13 -33 -19 17
4 16 -45 -23 17 -45 -19 17 -45 -19 13 -45 -23 13
4 16 -30 -4.424 17 -48 -2 17 -45 -19 17 -33 -19 17
2 24 -48 -2 13 -45 -19 13
2 24 -33 -19 13 -30 -4.424 13
1 16 -39 -23 13 6 0 0 0 0 -6 0 1 0 2-4chrd.dat
1 16 -39 -21 13 0 0 6 2 0 0 0 1 0 rect2p.dat
4 16 -30 -4.424 13 -33 -19 13 -45 -19 13 -48 -2 13
4 16 -30 -4.424 17 -33 -19 17 -33 -19 13 -30 -4.424 13
4 16 -48 -2 17 -48 -2 13 -45 -19 13 -45 -19 17
1 16 -50 2.5 21.5 0 1 2 0 0 -4.5 -8.5 0 0 rect3.dat
2 24 -52 7 40 -52 7 13

1 16 -39 -23 13 4 0 0 0 0 4 0 -26 0 4-4cylo.dat
1 16 -5 -7.815 -28 5 0 0 -0.685 1 0 0 0 2 rect2p.dat
1 16 0 0 -30 0 0 8.5 8.5 0 0 0 4 0 2-4cylo.dat
2 24 -10 -7.13 26 0 -8.5 26
4 16 -10 -7.13 26 -10 -7.13 22 0 -8.5 22 0 -8.5 26
2 24 -10 -7.13 22 0 -8.5 22
1 16 0 0 22 0 0 8.5 8.5 0 0 0 4 0 2-4cylo.dat
1 16 0 0 22 0 0 8.5 8.5 0 0 0 1 0 2-4chrd.dat
4 16 -10 -7.13 22 -10 9 22 0 8.5 22 0 -8.5 22
1 16 -10 0.935 28 0 -1 0 0 0 8.065 -2 0 0 rect.dat
2 24 -10 9 22 0 8.5 22
2 24 -10 9 26 0 8.5 26
2 24 -52 7 -40 -52 33 -40
2 24 -52 7 40 -52 33 40

1 16 0 0 26 0 0 4.25 4.25 0 0 0 -1 0 2-4ring1.dat
1 16 0 0 26 0 0 4.25 4.25 0 0 0 -1 0 4-4edge.dat
1 16 0 0 26 0 0 -4.25 4.25 0 0 0 -1 0 2-4ndis.dat
0 BFC INVERTNEXT
1 16 0 0 26 0 0 4.25 4.25 0 0 0 2 0 bump5000.dat
4 16 -4.25 -4.25 26 -4.25 4.25 26 -10 9 26 -10 -7.13 26
4 16 -4.25 -4.25 26 -10 -7.13 26 0 -8.5 26 0 -4.25 26
4 16 -4.25 4.25 26 0 4.25 26 0 8.5 26 -10 9 26
1 16 0 0 -26 0 0 4.25 4.25 0 0 0 -1 0 4-4edge.dat
1 16 0 0 -26 0 0 4.25 4.25 0 0 0 -1 0 2-4ring1.dat
1 16 0 0 -26 0 0 -4.25 4.25 0 0 0 -1 0 2-4ndis.dat
1 16 0 0 -26 0 0 4.25 4.25 0 0 0 -2 0 bump5000.dat
4 16 -4.25 -4.25 -26 -4.25 4.25 -26 -10 9 -26 -10 -7.13 -26
4 16 -4.25 -4.25 -26 -10 -7.13 -26 0 -8.5 -26 0 -4.25 -26
4 16 -4.25 4.25 -26 0 4.25 -26 0 8.5 -26 -10 9 -26

1 16 -52 23 30 0 1 0 7 0 0 0 0 7 4-4ndis.dat
0 BFC INVERTNEXT
1 16 -51 23 30 0 -1 0 7 0 0 0 0 7 4-4cylo.dat
1 16 -48 23 30 0 -1 0 6 0 0 0 0 6 4-4ndis.dat
0 BFC INVERTNEXT
1 16 -48 23 30 0 -3 0 6 0 0 0 0 6 4-4cylo.dat
1 16 -51 23 30 0 1 0 1 0 0 0 0 1 4-4ring6.dat

1 16 -52 23 -30 0 1 0 7 0 0 0 0 7 4-4ndis.dat
0 BFC INVERTNEXT
1 16 -51 23 -30 0 -1 0 7 0 0 0 0 7 4-4cylo.dat
1 16 -48 23 -30 0 -1 0 6 0 0 0 0 6 4-4ndis.dat
0 BFC INVERTNEXT
1 16 -48 23 -30 0 -3 0 6 0 0 0 0 6 4-4cylo.dat
1 16 -51 23 -30 0 1 0 1 0 0 0 0 1 4-4ring6.dat

3 16 -52 30 23 -52 30 37 -52 33 40
4 16 -52 33 40 -52 33 -40 -52 30 -23 -52 30 23
3 16 -52 33 -40 -52 30 -37 -52 30 -23
4 16 -52 33 40 -52 30 37 -52 16 37 -52 7 40
4 16 -52 16 23 -52 16 -23 -52 7 -40 -52 7 40
3 16 -52 16 -23 -52 16 -37 -52 7 -40
3 16 -52 7 40 -52 16 37 -52 16 23
4 16 -52 7 -40 -52 16 -37 -52 30 -37 -52 33 -40
4 16 -52 16 23 -52 30 23 -52 30 -23 -52 16 -23
2 24 -48 11 -40 -48 33 -40
2 24 -48 11 -40 -40 10.583 -40
2 24 -48 11 40 -48 33 40
2 24 -48 11 40 -40 10.583 40
4 16 -48 11 -40 -52 7 -40 -52 33 -40 -48 33 -40
4 16 -48 11 40 -48 33 40 -52 33 40 -52 7 40
4 16 -48 11 -40 -40 10.583 -40 -40 6.4 -40 -52 7 -40
4 16 -48 11 40 -52 7 40 -40 6.4 40 -40 10.583 40
1 16 -46 6.7 -35 0 0 6 0 1 -0.3 -5 0 0 rect3.dat
1 16 -46 6.7 0 0 0 6 0 1 -0.3 -13 0 0 rect.dat
2 24 -48 11 -40 -48 11 -26
2 24 -48 11 26 -48 11 40
2 24 -48 11 -17 -48 11 17
4 16 -48 17 24 -48 17 -24 -48 29 -24 -48 29 24
3 16 -48 29 -24 -48 29 -36 -48 33 -40
4 16 -48 29 24 -48 29 -24 -48 33 -40 -48 33 40
3 16 -48 33 40 -48 29 36 -48 29 24
4 16 -48 17 -36 -48 11 -40 -48 33 -40 -48 29 -36
3 16 -48 17 24 -48 17 36 -48 11 40
4 16 -48 11 40 -48 11 -40 -48 17 -24 -48 17 24
3 16 -48 11 -40 -48 17 -36 -48 17 -24
4 16 -48 29 36 -48 33 40 -48 11 40 -48 17 36
1 16 -46 6.7 35 0 0 6 0 1 -0.3 -5 0 0 rect3.dat
1 16 -50 33 0 -2 0 0 0 -1 0 0 0 40 rect.dat
2 24 -30 -4.424 13 -10 -7.13 13
2 24 -30 -4.424 13 -30 -4.424 17
2 24 -48 -2 17 -30 -4.424 17
2 24 -48 -2 30 -10 -7.13 30
2 24 -10 9 30 -40 10.583 30
2 24 -10 9 13 -40 10.583 13
4 16 -48 -2 30 -48 -2 17 -10 -7.13 26 -10 -7.13 30
4 16 -10 -7.13 22 -30 -4.424 17 -30 -4.424 13 -10 -7.13 13
4 16 -10 -7.13 22 -10 -7.13 26 -48 -2 17 -30 -4.424 17
4 16 -48 -2 30 -10 -7.13 30 -40 6.4 30 -52 7 30
4 16 -48 -2 13 -52 7 13 -40 6.4 13 -10 -7.13 13
4 16 -10 -7.13 30 -10 9 30 -40 10.583 30 -40 6.4 30
4 16 -10 -7.13 13 -40 6.4 13 -40 10.583 13 -10 9 13
1 16 -10 0.935 17.5 0 -1 0 0 0 8.065 -4.5 0 0 rect.dat
2 24 -14 9.228 -8 4 8.28 -8
2 24 -14 9.228 -13 -40 10.583 -13
4 16 4 -9 -8 4 8.28 -8 -14 9.228 -8 -13.9973 -6.726 -8
1 16 -13.9987 1.251 -10.5 -0.00135 1 0 7.977 0 0 0 0 -2.5 rect.dat

4 16 -48 -2 -13 -13.9973 -6.726 -13 -40 6.4 -13 -52 7 -13
4 16 -13.9973 -6.726 -13 -14 9.228 -13 -40 10.583 -13 -40 6.4 -13
1 16 -40 8.4915 35 0 -1 0 0 0 2.0915 -5 0 0 rect3.dat
1 16 -40 8.4915 -35 0 -1 0 0 0 2.0915 -5 0 0 rect3.dat
1 16 -40 8.4915 0 0 -1 0 0 0 2.0915 -13 0 0 rect3.dat
4 16 -48 11 -17 -48 11 17 -40 10.583 13 -40 10.583 -13
4 16 -48 11 26 -48 11 40 -40 10.583 40 -40 10.583 30
4 16 -48 11 -40 -48 11 -26 -40 10.583 -30 -40 10.583 -40
2 24 -14 9.228 -17 -48 11 -17
2 24 -11.1716 9 -15.8284 -10 9 -13
2 24 -14 9.228 -17 -11.1716 9 -15.8284
2 24 -9.9993 9.0028 -12 4 8.28 -12
2 24 4 8.28 -18 -10 9 -18
2 24 -12.8284 9 -19.1716 -10 9 -18
2 24 -14 9.228 -22 -12.8284 9 -19.1716
2 24 -48 11 -26 -14 9.228 -26
2 24 -14 9.228 17 -48 11 17
2 24 -48 11 26 -14 9.228 26

3 16 -10 9 -22 -10 9 -18 4 8.28 -18
3 16 -10 9 -18 -10 9 -22 -12.8284 9 -19.1716
3 16 4 8.28 -18 8 8 -22 -10 9 -22
3 16 -10 9 -22 -14 9.228 -22 -12.8284 9 -19.1716
1 16 -5 8.75 -28 5 0 0 -0.25 -1 0 0 0 -2 rect2p.dat
4 16 -10 9 -30 -14 9.228 -26 -14 9.228 -22 -10 9 -22
4 16 -10 9 -30 -40 10.583 -30 -48 11 -26 -14 9.228 -26
4 16 4 8.28 -8 4 8.28 -12 -9.9993 9.0028 -12 -14 9.228 -8
4 16 -40 10.583 -13 -14 9.228 -13 -14 9.228 -17 -48 11 -17
3 16 -14 9.228 -13 -11.1716 9 -15.8284 -14 9.228 -17
4 16 -9.9993 9.0028 -12 -10 9 -13 -14 9.228 -13 -14 9.228 -8
3 16 -11.1716 9 -15.8284 -14 9.228 -13 -10 9 -13

2 24 -27 -0.7732 -21 -27 -0.7725 -17
2 24 -39 0.91 -17 -39 0.9098 -21
2 24 -39 0.9098 -21 -27 -0.7732 -21
2 24 -27 -0.7732 -21 -27 12 -21
2 24 -27 9.9062 -17 -27 12 -17
2 24 -27 -0.7725 -17 -27 9.9062 -17
2 24 -39 0.9098 -21 -39 12 -21
2 24 -39 10.5312 -17 -39 12 -17
2 24 -39 0.91 -17 -39 10.5312 -17
1 16 -33 12 -19 6 0 0 0 -1 0 0 0 -2 rect.dat
3 16 -27 9.9062 -17 -27 12 -21 -27 12 -17
4 16 -27 -0.7725 -17 -27 -0.7732 -21 -27 12 -21 -27 9.9062 -17
4 16 -27 9.9062 -17 -27 12 -17 -39 12 -17 -39 10.5312 -17
3 16 -39 10.5312 -17 -39 0.9098 -21 -39 0.91 -17
4 16 -39 12 -17 -39 12 -21 -39 0.9098 -21 -39 10.5312 -17
4 16 -39 12 -21 -27 12 -21 -27 -0.7732 -21 -39 0.9098 -21

4 16 -10 9 13 -40 10.583 13 -48 11 17 -14 9.228 17
4 16 -10 9 22 -10 9 13 -14 9.228 17 -14 9.228 26
4 16 0 8.5 26 0 8.5 22 -10 9 22 -10 9 26
3 16 -10 9 26 -14 9.228 26 -10 9 30
3 16 -10 9 26 -10 9 22 -14 9.228 26
4 16 -40 10.583 30 -10 9 30 -14 9.228 26 -48 11 26

3 16 -12.9962 -2.7426 -19.1716 -14.1605 -2.5739 -22 -14.1591 -2.573 -17
1 16 -12.17375 -2.861975 -17.5 -1.39965 0 -0.57295 0.20345 -1 0.08335 -0.5858 0 1.0858 rect2p.dat
3 16 -11.3428 -2.9828 -15.8284 -10.1955 -3.147 -13 -10.1969 -3.1495 -18
4 16 3.687 -5.0869 -18 -10.1969 -3.1495 -18 -10.1955 -3.147 -13 3.687 -5.0869 -12
3 16 3.687 -5.0869 -12 -10.1955 -3.147 -13 -10.1928 -3.136 -12
1 16 -46.9541 4.2639 -21.5 0 -1 -1.0611 -0.00005 0 2.38745 -4.5 0 0 rect.dat
2 24 -45.893 1.8764 -26 -14.1605 -2.5739 -26
2 24 -14.1605 -2.5739 -22 -12.9962 -2.7426 -19.1716
5 24 -10.1969 -3.1495 -18 -10 9 -18 -12.9962 -2.7426 -19.1716 3.687 -5.0869 -18
2 24 -10.1969 -3.1495 -18 3.687 -5.0869 -18
2 24 3.687 -5.0869 -12 -10.1928 -3.136 -12
2 24 -10.1955 -3.147 -13 -11.3428 -2.9828 -15.8284
5 24 -14.1591 -2.573 -17 -14 9.228 -17 -11.3428 -2.9828 -15.8284 -27 -0.7725 -17
4 16 -14 9.228 -26 -48 11 -26 -48.0152 6.6514 -26 -45.893 1.8764 -26
3 16 -45.893 1.8764 -26 -14.1605 -2.5739 -26 -14 9.228 -26
5 24 -14.1605 -2.5739 -22 -14 9.228 -22 -14.1605 -2.5739 -26 -12.9962 -2.7426 -19.1716
5 24 -12.9962 -2.7426 -19.1716 -12.8284 9 -19.1716 -14 9.228 -22 -10 9 -18
5 24 -11.3428 -2.9828 -15.8284 -11.1716 9 -15.8284 -14 9.228 -17 -10 9 -13

2 24 -14 9.228 -22 -14 9.228 -26
2 24 -14 9.228 -26 -14.1605 -2.5739 -26
2 24 -14.1605 -2.5739 -26 -14.1605 -2.5739 -22
4 16 -14.1605 -2.5739 -26 -14.1605 -2.5739 -22 -14 9.228 -22 -14 9.228 -26


4 16 -12.8284 9 -19.1716 -12.9962 -2.7426 -19.1716 -10.1969 -3.1495 -18 -10 9 -18
4 16 -14 9.228 -22 -14.1605 -2.5739 -22 -12.9962 -2.7426 -19.1716 -12.8284 9 -19.1716
4 16 4 8.28 -18 -10 9 -18 -10.1969 -3.1495 -18 3.687 -5.0869 -18
1 16 3.8435 1.5966 -15 0 1 -0.1565 0 0 -6.68345 -3 0 0 rect.dat
4 16 -9.9993 9.0028 -12 4 8.28 -12 3.687 -5.0869 -12 -10.1928 -3.136 -12
2 24 -10 9 -13 -9.9993 9.0028 -12
2 24 -9.9993 9.0028 -12 -10.1928 -3.136 -12
2 24 -10.1928 -3.136 -12 -10.1955 -3.147 -13
4 16 -10.1955 -3.147 -13 -10 9 -13 -9.9993 9.0028 -12 -10.1928 -3.136 -12

4 16 -14 9.228 -17 -11.1716 9 -15.8284 -11.3428 -2.9828 -15.8284 -14.1591 -2.573 -17
5 24 -10 9 -13 -10.1955 -3.147 -13 -10.1928 -3.136 -12 -11.3428 -2.9828 -15.8284

4 16 -10.1955 -3.147 -13 -11.3428 -2.9828 -15.8284 -11.1716 9 -15.8284 -10 9 -13
2 24 -14.1591 -2.573 -17 -27 -0.7725 -17
2 24 -39 0.91 -17 -45.893 1.8765 -17
4 16 -27 9.9062 -17 -14 9.228 -17 -14.1591 -2.573 -17 -27 -0.7725 -17
4 16 -27 -0.7732 -21 -27 -0.7725 -17 -14.1591 -2.573 -17 -14.1605 -2.5739 -22
4 16 -27 -0.7732 -21 -14.1605 -2.5739 -22 -14.1605 -2.5739 -26 -39 0.9098 -21
3 16 -45.893 1.8764 -26 -39 0.9098 -21 -14.1605 -2.5739 -26
4 16 -39 0.91 -17 -39 0.9098 -21 -45.893 1.8764 -26 -45.893 1.8765 -17
4 16 -39 10.5312 -17 -39 0.91 -17 -45.893 1.8765 -17 -48.0152 6.6514 -17
3 16 -48.0152 6.6514 -17 -48 11 -17 -39 10.5312 -17
1 16 -48.0076 8.8257 -21.5 -0.0076 -1 0 -2.1743 0 0 0 0 -4.5 rect2p.dat

1 16 -33 12 19 0 0 -6 0 -1 0 -2 0 0 rect.dat
3 16 -27 12 17 -27 12 21 -27 9.9062 17
4 16 -27 12 21 -27 -0.7732 21 -27 -0.7725 17 -27 9.9062 17
3 16 -39 0.91 17 -39 0.9098 21 -39 10.5312 17
4 16 -39 0.9098 21 -39 12 21 -39 12 17 -39 10.5312 17
4 16 -27 -0.7732 21 -27 12 21 -39 12 21 -39 0.9098 21
1 16 -46.9541 4.2639 21.5 1.0611 -1 0 -2.3875 0 0 0 0 -4.5 rect.dat
2 24 -45.893 1.8764 26 -14.1605 -2.5739 26
1 16 -14.0799 3.3273 21.5 0 1 -0.08025 0 0 -5.90095 -4.5 0 0 rect.dat

4 16 -14.1591 -2.573 17 -14 9.228 17 -27 9.9062 17 -27 -0.7725 17
4 16 -14.1591 -2.573 17 -27 -0.7725 17 -27 -0.7732 21 -14.1605 -2.5739 26
4 16 -14.1605 -2.5739 26 -27 -0.7732 21 -39 0.9098 21 -45.893 1.8764 26
4 16 -45.893 1.8764 26 -39 0.9098 21 -39 0.91 17 -45.893 1.8765 17
4 16 -45.893 1.8765 17 -39 0.91 17 -39 10.5312 17 -48.0152 6.6514 17
3 16 -39 10.5312 17 -48 11 17 -48.0152 6.6514 17
1 16 -48.0076 8.8257 21.5 0.0076 -1 0 2.1743 0 0 0 0 4.5 rect2p.dat
4 16 -48.0152 6.6514 26 -48 11 26 -14 9.228 26 -45.893 1.8764 26
3 16 -14.1605 -2.5739 26 -45.893 1.8764 26 -14 9.228 26
4 16 -39 12 17 -27 12 17 -27 9.9062 17 -39 10.5312 17
2 24 -14.1591 -2.573 17 -27 -0.7725 17
2 24 -27 -0.7725 17 -27 9.9062 17
2 24 -27 9.9062 17 -27 12 17
2 24 -27 12 21 -27 -0.7732 21
2 24 -27 -0.7725 17 -27 -0.7732 21
2 24 -27 -0.7732 21 -39 0.9098 21
2 24 -39 0.9098 21 -39 12 21
2 24 -39 12 17 -39 10.5312 17
2 24 -39 10.5312 17 -39 0.91 17
2 24 -39 0.9098 21 -39 0.91 17
2 24 -39 0.91 17 -45.893 1.8765 17
5 24 -14 9.228 -13 -14 9.228 -17 -48 11 -17 -9.9993 9.0028 -12
5 24 -10.1955 -3.147 -13 -10.1969 -3.1495 -18 3.687 -5.0869 -18 -14.1591 -2.573 -17
5 24 4 8.28 -12 4 8.28 -8 -9.9993 9.0028 -12 8 8 8
5 24 4 8.28 -18 8 8 -22 4 8.28 -12 -10 9 -22
5 24 -14.1591 -2.573 -17 -14.1605 -2.5739 -22 -27 -0.7732 -21 -10.1969 -3.1495 -18
5 24 4 8.28 -18 -10 9 -22 8 8 -22 -12.8284 9 -19.1716
5 24 -10 -7.13 -22 -30 -4.424 -13 -13.9973 -6.726 -13 -10 -7.13 -26
5 24 -10.1955 -3.147 -13 3.687 -5.0869 -12 3.687 -5.0869 -18 -10.1928 -3.136 -12
5 24 -45 -19 -17 -45 -19 -13 -48 -2 -13 -45 -23 -17
5 24 -45 -19 13 -45 -19 17 -48 -2 17 -45 -23 13
5 24 -10 9 -30 -14 9.228 -26 -40 10.583 -30 -14 9.228 -22
5 24 -33 -19 13 -33 -19 17 -33 -23 17 -30 -4.424 13
5 24 -10 -7.13 26 -10 -7.13 22 -48 -2 17 0 -8.5 22
5 24 -14 9.228 26 -10 9 30 -48 11 26 -10 9 26
5 24 -33 -19 -13 -33 -19 -17 -30 -4.424 -17 -33 -23 -13
5 24 -14 9.228 -8 -9.9993 9.0028 -12 4 8.28 -8 -14 9.228 -13
5 24 -13.9973 -6.726 -13 -10 -7.13 -22 4 -9 -22 -30 -4.424 -13
2 24 31 -11 -8 11 -11 -8
5 24 -10 9 26 -10 9 22 0 8.5 26 -14 9.228 26
5 24 -14 9.228 17 -10 9 13 -14 9.228 26 -40 10.583 13
2 24 31 -11 8 15 -11 8
