0 Tile  4 x  4 Corner Round with White 'HOGWARTS CASTLE' and Golden Border Pattern
0 Name: 27507p01.dat
0 Author: Gerald Lasser [GeraldLasser]
0 !LDRAW_ORG Unofficial_Part
0 !LICENSE Redistributable under CCAL version 2.0 : see CAreadme.txt

0 BFC CERTIFY CCW

0 !HISTORY 2019-07-22 [GeraldLasser] Used Subfile

1 16 0 0 0 1 0 0 0 1 0 0 0 1 s\27507s01.dat

4 82 16.04678 0 -59.8874 8.09262 0 -61.46958 8.31452 0 -63.15504 16.48677 0 -61.52948
4 82 23.72637 0 -57.28053 16.04678 0 -59.8874 16.48677 0 -61.52948 24.37693 0 -58.85113
4 82 31 0 -53.69358 23.72637 0 -57.28053 24.37693 0 -58.85113 31.85 0 -55.16582
4 82 37.74321 0 -49.18791 31 0 -53.69358 31.85 0 -55.16582 38.7781 0 -50.53661
4 82 43.84062 0 -43.84062 37.74321 0 -49.18791 38.7781 0 -50.53661 45.0427 0 -45.0427
4 82 49.18791 0 -37.74321 43.84062 0 -43.84062 45.0427 0 -45.0427 50.53661 0 -38.7781
4 82 53.69358 0 -31 49.18791 0 -37.74321 50.53661 0 -38.7781 55.16582 0 -31.85
4 82 57.28053 0 -23.72637 53.69358 0 -31 55.16582 0 -31.85 58.85113 0 -24.37693
4 82 59.8874 0 -16.04678 57.28053 0 -23.72637 58.85113 0 -24.37693 61.52948 0 -16.48677
4 82 61.46958 0 -8.09262 59.8874 0 -16.04678 61.52948 0 -16.48677 63.15504 0 -8.31452
4 82 19.74789 0 -73.70014 9.95915 0 -75.64724 10.18104 0 -77.3327 20.18789 0 -75.34221
4 82 29.19875 0 -70.49201 19.74789 0 -73.70014 20.18789 0 -75.34221 29.84931 0 -72.0626
4 82 38.15 0 -66.07774 29.19875 0 -70.49201 29.84931 0 -72.0626 39 0 -67.54998
4 82 46.4485 0 -60.53286 38.15 0 -66.07774 39 0 -67.54998 47.48339 0 -61.88156
4 82 53.95225 0 -53.95225 46.4485 0 -60.53286 47.48339 0 -61.88156 55.15433 0 -55.15433
4 82 60.53286 0 -46.4485 53.95225 0 -53.95225 55.15433 0 -55.15433 61.88156 0 -47.48339
4 82 66.07774 0 -38.15 60.53286 0 -46.4485 61.88156 0 -47.48339 67.54998 0 -39
4 82 70.49201 0 -29.19875 66.07774 0 -38.15 67.54998 0 -39 72.0626 0 -29.84931
4 82 73.70014 0 -19.74789 70.49201 0 -29.19875 72.0626 0 -29.84931 75.34221 0 -20.18789
4 82 75.64724 0 -9.95915 73.70014 0 -19.74789 75.34221 0 -20.18789 77.3327 0 -10.18104
4 82 75.50572 0 -8.09837 75.64724 0 -9.95915 77.3327 0 -10.18104 77.1478 0 -7.65838
4 82 74.59109 0 -6.24368 75.50572 0 -8.09837 77.1478 0 -7.65838 75.93979 0 -5.20878
4 82 73.03632 0 -4.88018 74.59109 0 -6.24368 75.93979 0 -5.20878 73.88632 0 -3.40794
4 82 71.07811 0 -4.21546 73.03632 0 -4.88018 73.88632 0 -3.40794 71.3 0 -2.53
4 82 66.97328 0 -4.10181 69.03681 0 -3.96656 69.2587 0 -2.2811 66.53329 0 -2.45974
4 82 65.11859 0 -5.01644 66.97328 0 -4.10181 66.53329 0 -2.45974 64.08369 0 -3.66774
4 82 63.75509 0 -6.57122 65.11859 0 -5.01644 64.08369 0 -3.66774 62.28284 0 -5.72122
4 82 63.15504 0 -8.31452 63.75509 0 -6.57122 62.28284 0 -5.72122 61.46958 0 -8.09262
4 82 71.07811 0 -4.21546 71.3 0 -2.53 69.2587 0 -2.2811 69.03681 0 -3.96656
4 82 6.41711 0 -63.75817 8.31452 0 -63.15504 8.09262 0 -61.46958 5.56711 0 -62.28593
4 82 4.86234 0 -65.12167 6.41711 0 -63.75817 5.56711 0 -62.28593 3.51364 0 -64.08678
4 82 3.94771 0 -66.97637 4.86234 0 -65.12167 3.51364 0 -64.08678 2.30563 0 -66.53638
4 82 3.81245 0 -69.0399 3.94771 0 -66.97637 2.30563 0 -66.53638 2.127 0 -69.26179
4 82 4.76509 0 -73.03427 4.10036 0 -71.07606 2.41491 0 -71.29795 3.29284 0 -73.88427
4 82 6.12859 0 -74.58904 4.76509 0 -73.03427 3.29284 0 -73.88427 5.09369 0 -75.93774
4 82 3.81245 0 -69.0399 2.127 0 -69.26179 2.41491 0 -71.29795 4.10036 0 -71.07606
4 82 7.98328 0 -75.50368 6.12859 0 -74.58904 5.09369 0 -75.93774 7.54329 0 -77.14575
4 82 9.95915 0 -75.64724 7.98328 0 -75.50368 7.54329 0 -77.14575 10.18104 0 -77.3327
4 16 61.46958 0 -8.09262 62.28284 0 -5.72122 60 0 0 59.484 0 -7.83
3 16 62.28284 0 -5.72122 64.08369 0 -3.66774 60 0 0
3 16 64.08369 0 -3.66774 66.53329 0 -2.45974 60 0 0
4 16 60 0 0 66.53329 0 -2.45974 69.2587 0 -2.2811 80 0 0
3 16 71.3 0 -2.53 80 0 0 69.2587 0 -2.2811
3 16 73.88632 0 -3.40794 80 0 0 71.3 0 -2.53
3 16 75.93979 0 -5.20878 80 0 0 73.88632 0 -3.40794
3 16 77.1478 0 -7.65838 80 0 0 75.93979 0 -5.20878
4 16 77.3327 0 -10.18104 79.312 0 -10.44 80 0 0 77.1478 0 -7.65838
4 16 59.484 0 -7.83 57.954 0 -15.528 59.8874 0 -16.04678 61.46958 0 -8.09262
4 16 57.28053 0 -23.72637 59.8874 0 -16.04678 57.954 0 -15.528 55.434 0 -22.962
4 16 53.69358 0 -31 57.28053 0 -23.72637 55.434 0 -22.962 51.96 0 -30
4 16 49.18791 0 -37.74321 53.69358 0 -31 51.96 0 -30 47.604 0 -36.528
4 16 47.604 0 -36.528 42.426 0 -42.426 43.84062 0 -43.84062 49.18791 0 -37.74321
4 16 37.74321 0 -49.18791 43.84062 0 -43.84062 42.426 0 -42.426 36.528 0 -47.604
4 16 31 0 -53.69358 37.74321 0 -49.18791 36.528 0 -47.604 30 0 -51.96
4 16 23.72637 0 -57.28053 31 0 -53.69358 30 0 -51.96 22.962 0 -55.434
4 16 16.04678 0 -59.8874 23.72637 0 -57.28053 22.962 0 -55.434 15.528 0 -57.954
4 16 16.04678 0 -59.8874 15.528 0 -57.954 7.83 0 -59.484 8.09262 0 -61.46958
4 16 8.09262 0 -61.46958 7.83 0 -59.484 0 0 -60 5.56711 0 -62.28593
3 16 3.51364 0 -64.08678 5.56711 0 -62.28593 0 0 -60
3 16 2.30563 0 -66.53638 3.51364 0 -64.08678 0 0 -60
4 16 2.127 0 -69.26179 2.30563 0 -66.53638 0 0 -60 0 0 -80
3 16 0 0 -80 2.41491 0 -71.29795 2.127 0 -69.26179
3 16 0 0 -80 3.29284 0 -73.88427 2.41491 0 -71.29795
3 16 0 0 -80 5.09369 0 -75.93774 3.29284 0 -73.88427
4 16 7.54329 0 -77.14575 5.09369 0 -75.93774 0 0 -80 10.44 0 -79.312
3 16 10.44 0 -79.312 10.18104 0 -77.3327 7.54329 0 -77.14575
4 16 10.18104 0 -77.3327 10.44 0 -79.312 20.704 0 -77.272 20.18789 0 -75.34221
4 16 20.704 0 -77.272 30.616 0 -73.912 29.84931 0 -72.0626 20.18789 0 -75.34221
4 16 30.616 0 -73.912 40 0 -69.28 39 0 -67.54998 29.84931 0 -72.0626
4 16 40 0 -69.28 48.704 0 -63.472 47.48339 0 -61.88156 39 0 -67.54998
4 16 48.704 0 -63.472 56.568 0 -56.568 55.15433 0 -55.15433 47.48339 0 -61.88156
4 16 56.568 0 -56.568 63.472 0 -48.704 61.88156 0 -47.48339 55.15433 0 -55.15433
4 16 63.472 0 -48.704 69.28 0 -40 67.54998 0 -39 61.88156 0 -47.48339
4 16 69.28 0 -40 73.912 0 -30.616 72.0626 0 -29.84931 67.54998 0 -39
4 16 73.912 0 -30.616 77.272 0 -20.704 75.34221 0 -20.18789 72.0626 0 -29.84931
4 16 77.272 0 -20.704 79.312 0 -10.44 77.3327 0 -10.18104 75.34221 0 -20.18789
3 15 53.24982 0 -48.47481 54.07948 0 -47.51153 53.52138 0 -47.00902
3 15 53.24982 0 -48.47481 53.52138 0 -47.00902 53.30067 0 -46.81028
3 15 53.24982 0 -48.47481 53.30067 0 -46.81028 53.0807 0 -46.61222
4 15 53.24982 0 -48.47481 52.85998 0 -46.41349 52.63927 0 -46.21476 49.80386 0 -45.37205
3 15 53.24982 0 -48.47481 53.0807 0 -46.61222 52.85998 0 -46.41349
3 15 52.63927 0 -46.21476 52.41855 0 -46.01603 49.80386 0 -45.37205
3 15 52.19858 0 -45.81796 51.97787 0 -45.61923 49.80386 0 -45.37205
3 15 52.41855 0 -46.01603 52.19858 0 -45.81796 49.80386 0 -45.37205
3 15 51.97787 0 -45.61923 51.75715 0 -45.4205 49.80386 0 -45.37205
3 15 51.75715 0 -45.4205 51.53644 0 -45.22177 49.80386 0 -45.37205
3 15 49.80386 0 -45.37205 51.53644 0 -45.22177 51.31647 0 -45.0237
3 15 49.80386 0 -45.37205 51.31647 0 -45.0237 51.09576 0 -44.82497
3 15 49.80386 0 -45.37205 51.09576 0 -44.82497 50.87504 0 -44.62624
3 15 49.80386 0 -45.37205 50.87504 0 -44.62624 50.65433 0 -44.42751
4 16 49.80386 0 -45.37205 49.58335 0 -45.28518 49.38442 0 -45.38058 48.92473 0 -45.89112
4 16 53.235 0 -48.93512 53.35295 0 -48.68607 53.24982 0 -48.47481 52.99488 0 -49.13606
3 15 52.42538 0 -50.40221 53.235 0 -48.93512 52.99488 0 -49.13606
3 15 52.42538 0 -50.40221 52.99488 0 -49.13606 52.71009 0 -49.25507
4 16 52.71009 0 -49.25507 52.99488 0 -49.13606 53.24982 0 -48.47481 52.3675 0 -49.28435
3 15 48.92473 0 -45.89112 49.38442 0 -45.38058 48.64233 0 -45.63685
3 15 52.42538 0 -50.40221 52.71009 0 -49.25507 52.3675 0 -49.28435
4 16 51.95885 0 -49.21514 52.3675 0 -49.28435 53.24982 0 -48.47481 51.46899 0 -49.02838
4 16 53.24982 0 -48.47481 49.80386 0 -45.37205 50.88483 0 -48.70425 51.46899 0 -49.02838
4 16 50.88483 0 -48.70425 49.80386 0 -45.37205 48.92473 0 -45.89112 50.64328 0 -48.97253
3 15 52.42538 0 -50.40221 52.3675 0 -49.28435 51.95885 0 -49.21514
4 15 52.42538 0 -50.40221 51.95885 0 -49.21514 51.46899 0 -49.02838 50.64328 0 -48.97253
3 15 51.46899 0 -49.02838 50.88483 0 -48.70425 50.64328 0 -48.97253
4 16 49.17473 0 -48.35368 50.27499 0 -49.64203 50.63066 0 -49.92699 50.64328 0 -48.97253
3 16 50.27499 0 -49.64203 49.17473 0 -48.35368 49.90305 0 -49.48081
3 15 48.92583 0 -48.60258 49.17473 0 -48.35368 48.65288 0 -48.48661
4 16 49.5007 0 -49.44192 49.90305 0 -49.48081 49.17473 0 -48.35368 48.92583 0 -48.60258
4 15 48.09922 0 -48.25256 48.65288 0 -48.48661 49.17473 0 -48.35368 47.60071 0 -46.77966
4 15 47.60071 0 -46.77966 47.3914 0 -46.98896 47.47696 0 -47.74345 47.71314 0 -48.17619
4 15 51.05775 0 -50.54924 50.88098 0 -50.2268 50.39449 0 -50.84482 51.15887 0 -50.89361
3 15 48.09922 0 -48.25256 47.60071 0 -46.77966 47.71314 0 -48.17619
4 15 50.88098 0 -50.2268 50.63066 0 -49.92699 50.2071 0 -50.7041 50.39449 0 -50.84482
3 16 49.05735 0 -49.5204 49.5007 0 -49.44192 48.92583 0 -48.60258
4 15 51.15887 0 -50.89361 50.39449 0 -50.84482 50.60308 0 -51.17362 51.18432 0 -51.2613
4 15 49.9879 0 -50.62208 50.2071 0 -50.7041 50.63066 0 -49.92699 50.27499 0 -49.64203
4 15 47.47696 0 -47.74345 46.9933 0 -47.82547 47.34544 0 -48.16629 47.71314 0 -48.17619
3 16 46.9933 0 -47.82547 47.47696 0 -47.74345 47.3914 0 -46.98896
4 16 50.39449 0 -50.84482 50.2071 0 -50.7041 49.73193 0 -50.61076 50.60308 0 -51.17362
4 15 49.90305 0 -49.48081 49.5007 0 -49.44192 49.73193 0 -50.61076 50.27499 0 -49.64203
3 15 49.9879 0 -50.62208 50.27499 0 -49.64203 49.73193 0 -50.61076
4 15 51.18432 0 -51.2613 50.60308 0 -51.17362 50.65329 0 -51.58303 51.13412 0 -51.63395
3 16 50.2071 0 -50.7041 49.9879 0 -50.62208 49.73193 0 -50.61076
4 16 50.65329 0 -51.58303 50.60308 0 -51.17362 49.73193 0 -50.61076 49.43706 0 -50.68077
4 15 51.00331 0 -51.99386 51.13412 0 -51.63395 50.65329 0 -51.58303 50.53661 0 -52.01508
4 15 49.5007 0 -49.44192 49.05735 0 -49.5204 49.43706 0 -50.68077 49.73193 0 -50.61076
4 15 46.99542 0 -48.22216 47.34544 0 -48.16629 46.9933 0 -47.82547 46.55348 0 -47.9782
4 16 48.09922 0 -48.25256 47.71314 0 -48.17619 48.49308 0 -49.75941 48.65288 0 -48.48661
4 16 48.49308 0 -49.75941 49.05735 0 -49.5204 48.92583 0 -48.60258 48.65288 0 -48.48661
4 15 49.43706 0 -50.68077 49.05735 0 -49.5204 48.49308 0 -49.75941 49.17826 0 -50.82643
3 16 46.55348 0 -47.9782 46.9933 0 -47.82547 47.3914 0 -46.98896
4 16 49.17826 0 -50.82643 50.53661 0 -52.01508 50.65329 0 -51.58303 49.43706 0 -50.68077
4 15 50.794 0 -52.34035 51.00331 0 -51.99386 50.53661 0 -52.01508 50.24387 0 -52.41247
3 15 46.66308 0 -48.34378 46.99542 0 -48.22216 46.55348 0 -47.9782
4 15 50.50621 0 -52.67481 50.794 0 -52.34035 50.24387 0 -52.41247 49.73758 0 -52.76037
3 15 71.93428 0 -9.09107 72.36824 0 -8.81828 71.99402 0 -8.7523
4 16 50.24387 0 -52.41247 50.53661 0 -52.01508 49.17826 0 -50.82643 49.73758 0 -52.76037
4 15 46.34913 0 -48.53187 46.66308 0 -48.34378 46.55348 0 -47.9782 45.80395 0 -48.49722
4 15 66.75618 0 -8.2816 66.83362 0 -7.84238 66.4594 0 -7.77639 65.97787 0 -10.50727
4 16 46.66308 0 -48.34378 46.34913 0 -48.53187 47.73223 0 -50.20206 46.99542 0 -48.22216
4 16 47.34544 0 -48.16629 46.99542 0 -48.22216 47.73223 0 -50.20206 47.71314 0 -48.17619
3 16 47.73223 0 -50.20206 48.49308 0 -49.75941 47.71314 0 -48.17619
4 16 45.80395 0 -48.49722 46.55348 0 -47.9782 47.3914 0 -46.98896 45.0427 0 -45.0427
4 16 71.6722 0 -9.42564 71.79842 0 -9.37783 71.93428 0 -9.09107 71.49094 0 -9.41704
4 15 46.05356 0 -48.78643 46.34913 0 -48.53187 45.80395 0 -48.49722 45.48504 0 -48.86987
4 16 71.49094 0 -9.41704 71.93428 0 -9.09107 71.99402 0 -8.7523 66.83362 0 -7.84238
4 15 48.49237 0 -51.21251 49.17826 0 -50.82643 48.49308 0 -49.75941 47.73223 0 -50.20206
3 15 48.23498 0 -51.35817 48.49237 0 -51.21251 47.73223 0 -50.20206
4 15 49.79627 0 -53.16837 50.50621 0 -52.67481 49.73758 0 -52.76037 49.3805 0 -53.31262
4 16 49.73758 0 -52.76037 49.17826 0 -50.82643 48.49237 0 -51.21251 49.1125 0 -52.91452
4 16 47.16654 0 -50.54147 47.73223 0 -50.20206 46.34913 0 -48.53187 46.05356 0 -48.78643
4 16 67.0337 0 -8.63111 71.49094 0 -9.41704 66.83362 0 -7.84238 66.75618 0 -8.2816
4 16 47.16654 0 -50.54147 46.05356 0 -48.78643 45.68869 0 -49.25877 46.91199 0 -50.6942
4 15 47.73223 0 -50.20206 47.16654 0 -50.54147 47.97689 0 -51.50455 48.23498 0 -51.35817
4 15 45.68869 0 -49.25877 46.05356 0 -48.78643 45.48504 0 -48.86987 45.24675 0 -49.26514
4 15 49.3805 0 -53.31262 49.73758 0 -52.76037 49.1125 0 -52.91452 48.92583 0 -53.38969
3 16 67.0337 0 -8.63111 66.75618 0 -8.2816 66.79543 0 -8.51395
4 15 45.53878 0 -49.73395 45.68869 0 -49.25877 45.24675 0 -49.26514 45.09119 0 -49.68233
4 15 47.40413 0 -51.8284 47.97689 0 -51.50455 47.16654 0 -50.54147 46.91199 0 -50.6942
4 16 46.91199 0 -50.6942 45.68869 0 -49.25877 45.53878 0 -49.73395 45.58828 0 -50.17236
4 16 48.39055 0 -52.84876 49.1125 0 -52.91452 48.49237 0 -51.21251 48.23498 0 -51.35817
4 16 48.39055 0 -52.84876 48.23498 0 -51.35817 47.97689 0 -51.50455 47.59434 0 -52.54329
4 15 48.92583 0 -53.38969 49.1125 0 -52.91452 48.39055 0 -52.84876 47.33837 0 -52.79926
4 16 46.91199 0 -50.6942 45.58828 0 -50.17236 45.82375 0 -50.53652 46.59944 0 -50.7932
4 15 71.49094 0 -9.41704 69.43299 0 -10.35391 71.36912 0 -10.6953 71.6722 0 -9.42564
4 16 46.0578 0 -50.714 46.31589 0 -50.79956 46.59944 0 -50.7932 45.82375 0 -50.53652
3 16 47.59434 0 -52.54329 47.97689 0 -51.50455 47.40413 0 -51.8284
4 16 50.50621 0 -52.67481 49.79627 0 -53.16837 49.03048 0 -54.03175 53.95225 0 -53.95225
4 15 71.49094 0 -9.41704 67.0337 0 -8.63111 68.9396 0 -10.26691 69.43299 0 -10.35391
3 16 49.03048 0 -54.03175 49.79627 0 -53.16837 49.3805 0 -53.31262
3 16 49.03048 0 -54.03175 49.3805 0 -53.31262 48.92583 0 -53.38969
4 15 46.88512 0 -51.96417 47.40413 0 -51.8284 46.91199 0 -50.6942 46.59944 0 -50.7932
4 15 45.01765 0 -50.12357 45.58828 0 -50.17236 45.53878 0 -49.73395 45.09119 0 -49.68233
4 16 47.59434 0 -52.54329 47.40413 0 -51.8284 46.88512 0 -51.96417 47.33837 0 -52.79926
4 15 48.82683 0 -54.23539 49.03048 0 -54.03175 48.92583 0 -53.38969 47.33837 0 -52.79926
3 15 48.39055 0 -52.84876 47.59434 0 -52.54329 47.33837 0 -52.79926
4 15 66.81143 0 -9.89166 68.9396 0 -10.26691 67.0337 0 -8.63111 66.79543 0 -8.51395
4 15 45.03108 0 -50.49338 45.82375 0 -50.53652 45.58828 0 -50.17236 45.01765 0 -50.12357
3 16 47.33837 0 -52.79926 46.88512 0 -51.96417 46.40428 0 -51.95002
4 15 46.40428 0 -51.95002 46.88512 0 -51.96417 46.59944 0 -50.7932 46.31589 0 -50.79956
4 16 47.33837 0 -52.79926 46.40428 0 -51.95002 45.95951 0 -51.78527 46.4485 0 -60.53286
4 16 66.81143 0 -9.89166 66.54746 0 -9.92025 66.4358 0 -10.09857 66.3521 0 -10.57325
4 15 45.82375 0 -50.53652 45.03108 0 -50.49338 45.12371 0 -50.84057 45.29695 0 -51.16513
4 15 45.95951 0 -51.78527 46.40428 0 -51.95002 46.31589 0 -50.79956 45.54868 0 -51.46778
4 15 46.0578 0 -50.714 45.82375 0 -50.53652 45.29695 0 -51.16513 45.54868 0 -51.46778
4 16 71.58334 0 -11.08137 71.55544 0 -10.81345 71.36912 0 -10.6953 71.51249 0 -11.48317
3 15 45.54868 0 -51.46778 46.31589 0 -50.79956 46.0578 0 -50.714
4 16 71.51249 0 -11.48317 71.36912 0 -10.6953 69.43299 0 -10.35391 69.03516 0 -12.61011
4 15 71.58334 0 -11.08137 71.51249 0 -11.48317 71.88672 0 -11.54915 72.36824 0 -8.81828
3 15 66.3521 0 -10.57325 66.4358 0 -10.09857 65.97787 0 -10.50727
4 16 68.9396 0 -10.26691 66.81143 0 -9.89166 66.3521 0 -10.57325 66.21526 0 -11.34928
4 15 69.43299 0 -10.35391 68.9396 0 -10.26691 68.54177 0 -12.52311 69.03516 0 -12.61011
4 16 71.74988 0 -12.32518 71.88672 0 -11.54915 71.51249 0 -11.48317 71.37566 0 -12.2592
4 16 66.21526 0 -11.34928 66.3521 0 -10.57325 65.97787 0 -10.50727 65.84104 0 -11.28329
4 15 41.12028 0 -56.44492 40.73247 0 -55.92432 39.93586 0 -57.31592 41.4485 0 -57.0853
4 15 40.25815 0 -57.88453 41.63468 0 -57.72481 41.4485 0 -57.0853 39.93586 0 -57.31592
4 15 66.14112 0 -11.76979 66.21526 0 -11.34928 65.84104 0 -11.28329 65.35777 0 -14.02401
4 15 39.54265 0 -56.74327 39.93586 0 -57.31592 40.73247 0 -55.92432 40.28912 0 -55.50918
4 15 71.74988 0 -12.32518 71.37566 0 -12.2592 71.31436 0 -12.60683 71.26662 0 -15.0659
4 15 39.14997 0 -56.28468 39.54265 0 -56.74327 40.28912 0 -55.50918 39.78904 0 -55.20142
4 15 40.48452 0 -58.40342 41.67882 0 -58.36346 41.63468 0 -57.72481 40.25815 0 -57.88453
4 15 40.61305 0 -58.87142 41.57955 0 -59.00094 41.67882 0 -58.36346 40.48452 0 -58.40342
4 15 39.23256 0 -54.99965 38.65582 0 -54.91077 38.75589 0 -55.93897 39.78904 0 -55.20142
3 15 39.14997 0 -56.28468 39.78904 0 -55.20142 38.75589 0 -55.93897
4 16 70.87085 0 -12.93379 71.05228 0 -12.94141 71.31436 0 -12.60683 71.37566 0 -12.2592
3 16 71.05228 0 -12.94141 71.1785 0 -12.8936 71.31436 0 -12.60683
4 16 69.03516 0 -12.61011 70.87085 0 -12.93379 71.37566 0 -12.2592 71.51249 0 -11.48317
4 15 41.57955 0 -59.00094 40.61305 0 -58.87142 40.64481 0 -59.29023 41.39432 0 -59.51406
4 15 38.65582 0 -54.91077 38.09391 0 -54.93997 38.36234 0 -55.70733 38.75589 0 -55.93897
4 15 40.59432 0 -59.65666 41.12885 0 -59.96295 41.39432 0 -59.51406 40.64481 0 -59.29023
3 15 38.36234 0 -55.70733 38.09391 0 -54.93997 38.04318 0 -55.6155
4 15 38.09391 0 -54.93997 37.54789 0 -55.08895 37.72126 0 -55.60794 38.04318 0 -55.6155
4 15 41.12885 0 -59.96295 40.59432 0 -59.65666 40.47579 0 -59.96893 40.78421 0 -60.34929
4 15 37.39711 0 -55.68551 37.72126 0 -55.60794 37.54789 0 -55.08895 37.0167 0 -55.35602
4 15 40.78421 0 -60.34929 40.47579 0 -59.96893 40.29026 0 -60.22872 40.35933 0 -60.67138
4 16 38.04318 0 -55.6155 37.72126 0 -55.60794 37.39711 0 -55.68551 38.36234 0 -55.70733
4 16 68.54177 0 -12.52311 68.9396 0 -10.26691 66.21526 0 -11.34928 66.14112 0 -11.76979
4 15 37.07241 0 -55.84713 37.39711 0 -55.68551 37.0167 0 -55.35602 36.64759 0 -55.63148
4 16 37.07241 0 -55.84713 38.75589 0 -55.93897 38.36234 0 -55.70733 37.39711 0 -55.68551
4 15 40.35933 0 -60.67138 40.29026 0 -60.22872 40.03722 0 -60.43518 39.98545 0 -60.86373
4 16 40.47579 0 -59.96893 40.59432 0 -59.65666 40.03722 0 -60.43518 40.29026 0 -60.22872
4 16 66.41361 0 -12.14785 68.54177 0 -12.52311 66.14112 0 -11.76979 66.17127 0 -12.02491
4 16 39.76415 0 -60.56808 40.03722 0 -60.43518 40.59432 0 -59.65666 39.47297 0 -60.63801
4 15 39.98545 0 -60.86373 40.03722 0 -60.43518 39.76415 0 -60.56808 39.60215 0 -60.98061
4 15 36.78058 0 -56.07076 37.07241 0 -55.84713 36.64759 0 -55.63148 36.34991 0 -55.94956
4 16 38.75589 0 -55.93897 37.07241 0 -55.84713 36.78058 0 -56.07076 36.55095 0 -56.33923
4 15 39.60215 0 -60.98061 39.76415 0 -60.56808 39.47297 0 -60.63801 39.17708 0 -61.0269
3 15 70.70448 0 -14.19404 70.87085 0 -12.93379 69.03516 0 -12.61011
4 15 36.55095 0 -56.33923 36.78058 0 -56.07076 36.34991 0 -55.94956 36.1242 0 -56.3111
4 16 39.16196 0 -60.64604 39.47297 0 -60.63801 40.59432 0 -59.65666 40.64481 0 -59.29023
3 15 39.17708 0 -61.0269 39.47297 0 -60.63801 39.16196 0 -60.64604
4 16 38.83368 0 -60.59057 39.16196 0 -60.64604 40.64481 0 -59.29023 40.61305 0 -58.87142
4 15 70.70448 0 -14.19404 69.03516 0 -12.61011 68.54177 0 -12.52311 66.23837 0 -13.40655
4 15 39.17708 0 -61.0269 39.16196 0 -60.64604 38.83368 0 -60.59057 38.67952 0 -61.01
4 16 38.75589 0 -55.93897 36.55095 0 -56.33923 36.38355 0 -56.65255 36.27868 0 -57.00934
4 16 38.49386 0 -60.46567 38.83368 0 -60.59057 40.61305 0 -58.87142 38.15129 0 -60.26466
4 15 36.38355 0 -56.65255 36.55095 0 -56.33923 36.1242 0 -56.3111 35.96962 0 -56.71664
3 15 38.67952 0 -61.01 38.83368 0 -60.59057 38.49386 0 -60.46567
3 15 66.23837 0 -13.40655 68.54177 0 -12.52311 66.41361 0 -12.14785
4 16 38.15129 0 -60.26466 40.61305 0 -58.87142 40.48452 0 -58.40342 37.67603 0 -59.83055
4 15 36.27868 0 -57.00934 36.38355 0 -56.65255 35.96962 0 -56.71664 35.89251 0 -57.14806
4 16 37.67603 0 -59.83055 40.48452 0 -58.40342 40.25815 0 -57.88453 37.45663 0 -59.6304
4 16 36.27714 0 -57.60697 39.14997 0 -56.28468 38.75589 0 -55.93897 36.27868 0 -57.00934
3 16 38.75801 0 -61.66021 39.17708 0 -61.0269 38.67952 0 -61.01
4 16 39.98545 0 -60.86373 39.60215 0 -60.98061 38.75801 0 -61.66021 38.15 0 -66.07774
4 16 66.23837 0 -13.40655 65.93553 0 -13.44251 65.80458 0 -13.67835 65.732 0 -14.09
4 16 37.45663 0 -59.6304 40.25815 0 -57.88453 39.93586 0 -57.31592 39.54265 0 -56.74327
3 16 38.75801 0 -61.66021 39.60215 0 -60.98061 39.17708 0 -61.0269
4 16 70.95682 0 -14.63455 70.93146 0 -14.32342 70.70448 0 -14.19404 70.89239 0 -14.99992
4 15 36.27714 0 -57.60697 36.27868 0 -57.00934 35.89251 0 -57.14806 35.89862 0 -57.58997
4 16 70.89239 0 -14.99992 70.70448 0 -14.19404 66.23837 0 -13.40655 65.732 0 -14.09
4 16 36.46915 0 -58.31241 37.45663 0 -59.6304 39.54265 0 -56.74327 39.14997 0 -56.28468
3 16 36.46915 0 -58.31241 39.14997 0 -56.28468 36.27714 0 -57.60697
3 15 71.26662 0 -15.0659 70.95682 0 -14.63455 70.89239 0 -14.99992
3 15 65.732 0 -14.09 65.80458 0 -13.67835 65.35777 0 -14.02401
4 15 38.50614 0 -61.81759 38.75801 0 -61.66021 38.67952 0 -61.01 38.49386 0 -60.46567
4 15 38.50614 0 -61.81759 38.49386 0 -60.46567 38.15129 0 -60.26466 37.142 0 -59.827
3 15 37.67603 0 -59.83055 37.45663 0 -59.6304 37.142 0 -59.827
3 15 38.15129 0 -60.26466 37.67603 0 -59.83055 37.142 0 -59.827
4 15 36.27714 0 -57.60697 35.89862 0 -57.58997 35.98878 0 -58.04186 36.46915 0 -58.31241
4 16 37.142 0 -59.827 37.45663 0 -59.6304 36.46915 0 -58.31241 36.16216 0 -58.50424
3 15 36.16216 0 -58.50424 36.46915 0 -58.31241 35.98878 0 -58.04186
4 15 67.97766 0 -16.44968 68.97971 0 -15.28787 68.36785 0 -15.05625 67.68899 0 -16.38251
4 15 67.68899 0 -16.38251 68.36785 0 -15.05625 67.50495 0 -14.91285 67.04738 0 -16.23286
4 15 68.56688 0 -16.65504 69.50454 0 -15.60897 68.97971 0 -15.28787 67.97766 0 -16.44968
4 15 67.04738 0 -16.23286 67.50495 0 -14.91285 66.69775 0 -14.99243 66.34195 0 -16.18246
4 15 68.84673 0 -16.75297 69.94288 0 -16.01763 69.50454 0 -15.60897 68.56688 0 -16.65504
3 15 35.23582 0 -57.30719 35.34972 0 -57.24663 35.17132 0 -56.91111
4 15 35.06771 0 -57.43622 35.23582 0 -57.30719 35.17132 0 -56.91111 33.79114 0 -58.12178
4 16 34.95673 0 -57.61302 34.87859 0 -57.90486 35.23582 0 -57.30719 35.06771 0 -57.43622
4 15 66.34195 0 -16.18246 66.69775 0 -14.99243 65.96837 0 -15.27223 65.80821 0 -16.27701
4 15 69.47565 0 -17.0956 70.29322 0 -16.51548 69.94288 0 -16.01763 68.84673 0 -16.75297
4 16 34.87859 0 -57.90486 34.86808 0 -58.21738 35.34972 0 -57.24663 35.23582 0 -57.30719
4 16 35.34972 0 -57.24663 34.86808 0 -58.21738 34.89606 0 -58.51282 35.89862 0 -57.58997
4 15 69.89712 0 -17.47237 70.66632 0 -17.6378 70.54077 0 -17.06708 70.29322 0 -16.51548
4 15 65.80821 0 -16.27701 65.96837 0 -15.27223 65.33745 0 -15.7311 65.39427 0 -16.49433
3 15 69.89712 0 -17.47237 70.29322 0 -16.51548 69.47565 0 -17.0956
4 15 34.42513 0 -58.41099 34.89606 0 -58.51282 34.86808 0 -58.21738 34.26778 0 -58.21944
4 15 65.39427 0 -16.49433 65.33745 0 -15.7311 64.84154 0 -16.3504 65.09424 0 -16.82234
4 15 70.1444 0 -17.87617 70.67084 0 -18.2279 70.66632 0 -17.6378 69.89712 0 -17.47237
3 15 34.26778 0 -58.21944 34.86808 0 -58.21738 34.87859 0 -57.90486
3 15 34.57113 0 -59.43535 34.89606 0 -58.51282 34.42513 0 -58.41099
4 16 70.23163 0 -18.30482 70.1444 0 -17.87617 69.89712 0 -17.47237 70.17172 0 -18.75682
4 16 65.80821 0 -16.27701 65.39427 0 -16.49433 65.09424 0 -16.82234 64.90304 0 -17.24605
4 15 70.67084 0 -18.2279 70.1444 0 -17.87617 70.23163 0 -18.30482 70.55433 0 -18.8374
4 15 65.09424 0 -16.82234 64.84154 0 -16.3504 64.51581 0 -17.11629 64.90304 0 -17.24605
4 16 34.42513 0 -58.41099 34.26778 0 -58.21944 34.05061 0 -58.12199 33.79114 0 -58.12178
3 15 70.55433 0 -18.8374 70.23163 0 -18.30482 70.17172 0 -18.75682
4 15 64.84461 0 -17.59132 64.90304 0 -17.24605 64.51581 0 -17.11629 64.39778 0 -17.73471
4 16 34.57113 0 -59.43535 34.42513 0 -58.41099 33.79114 0 -58.12178 33.50789 0 -58.22595
4 15 70.55433 0 -18.8374 70.17172 0 -18.75682 69.9819 0 -19.17572 70.22861 0 -19.59601
4 15 34.61099 0 -59.86605 35.38053 0 -63.76291 34.89606 0 -58.51282 34.57113 0 -59.43535
4 15 64.87191 0 -17.9206 64.84461 0 -17.59132 64.39778 0 -17.73471 64.40105 0 -18.33278
4 16 64.90304 0 -17.24605 64.84461 0 -17.59132 64.98314 0 -18.23649 65.18011 0 -18.5364
4 15 70.22861 0 -19.59601 69.9819 0 -19.17572 69.67802 0 -19.50263 69.72513 0 -20.23082
4 16 65.80821 0 -16.27701 64.90304 0 -17.24605 65.18011 0 -18.5364 65.48176 0 -18.81952
4 15 33.15732 0 -57.98198 33.50789 0 -58.22595 33.79114 0 -58.12178 35.17132 0 -56.91111
3 16 64.98314 0 -18.23649 64.84461 0 -17.59132 64.87191 0 -17.9206
4 16 69.26545 0 -19.72242 69.67802 0 -19.50263 69.9819 0 -19.17572 70.17172 0 -18.75682
4 16 69.26545 0 -19.72242 70.17172 0 -18.75682 69.89712 0 -17.47237 68.74875 0 -19.81561
4 15 32.93251 0 -60.75852 34.61099 0 -59.86605 34.57113 0 -59.43535 32.59774 0 -60.48462
3 15 35.38053 0 -63.76291 34.61099 0 -59.86605 34.83911 0 -62.32928
4 15 64.98314 0 -18.23649 64.87191 0 -17.9206 64.40105 0 -18.33278 64.52784 0 -18.91009
4 16 68.74875 0 -19.81561 69.89712 0 -17.47237 69.47565 0 -17.0956 68.06255 0 -19.76345
3 16 34.83911 0 -62.32928 34.61099 0 -59.86605 32.93251 0 -60.75852
4 16 66.34195 0 -16.18246 65.80821 0 -16.27701 65.48176 0 -18.81952 65.90911 0 -19.08146
4 16 67.04738 0 -16.23286 66.34195 0 -16.18246 65.90911 0 -19.08146 66.46066 0 -19.32388
4 16 68.84673 0 -16.75297 68.56688 0 -16.65504 68.06255 0 -19.76345 69.47565 0 -17.0956
4 16 34.57113 0 -59.43535 33.50789 0 -58.22595 33.33572 0 -58.3175 32.59774 0 -60.48462
4 15 69.72513 0 -20.23082 69.67802 0 -19.50263 69.26545 0 -19.72242 69.08293 0 -20.70726
4 16 67.68899 0 -16.38251 67.04738 0 -16.23286 66.46066 0 -19.32388 67.13859 0 -19.54636
3 15 33.33572 0 -58.3175 33.50789 0 -58.22595 33.15732 0 -57.98198
4 16 67.42699 0 -19.61449 68.06255 0 -19.76345 68.56688 0 -16.65504 67.97766 0 -16.44968
4 16 67.13859 0 -19.54636 67.42699 0 -19.61449 67.97766 0 -16.44968 67.68899 0 -16.38251
4 15 65.48176 0 -18.81952 65.18011 0 -18.5364 64.52784 0 -18.91009 64.77785 0 -19.4676
3 15 64.52784 0 -18.91009 65.18011 0 -18.5364 64.98314 0 -18.23649
4 15 65.13094 0 -19.9704 65.90911 0 -19.08146 65.48176 0 -18.81952 64.77785 0 -19.4676
4 15 69.08293 0 -20.70726 69.26545 0 -19.72242 68.74875 0 -19.81561 68.34489 0 -20.99186
4 15 65.90911 0 -19.08146 65.13094 0 -19.9704 65.56941 0 -20.38221 66.46066 0 -19.32388
4 15 68.34489 0 -20.99186 68.74875 0 -19.81561 68.06255 0 -19.76345 67.53961 0 -21.07199
4 15 67.53961 0 -21.07199 68.06255 0 -19.76345 67.42699 0 -19.61449 66.70074 0 -20.93548
4 15 66.093 0 -20.704 67.13859 0 -19.54636 66.46066 0 -19.32388 65.56941 0 -20.38221
4 15 66.70074 0 -20.93548 67.42699 0 -19.61449 67.13859 0 -19.54636 66.093 0 -20.704
4 16 32.12431 0 -58.96161 32.59774 0 -60.48462 33.33572 0 -58.3175 33.15732 0 -57.98198
4 15 66.40374 0 -21.63503 65.54791 0 -21.4193 65.71706 0 -22.92815 65.99965 0 -23.01717
4 16 31.94591 0 -58.62609 32.12431 0 -58.96161 33.15732 0 -57.98198 31.85 0 -55.16582
4 15 67.01427 0 -21.91364 66.40374 0 -21.63503 65.99965 0 -23.01717 66.55867 0 -23.25895
4 15 67.52866 0 -22.2722 67.01427 0 -21.91364 66.55867 0 -23.25895 66.83066 0 -23.3771
4 15 65.04961 0 -22.71821 65.71706 0 -22.92815 65.54791 0 -21.4193 64.75515 0 -21.41916
4 15 31.8868 0 -59.0879 32.12431 0 -58.96161 31.94591 0 -58.62609 29.456 0 -59.95
4 15 66.83066 0 -23.3771 67.42561 0 -23.76285 67.94819 0 -22.71009 67.52866 0 -22.2722
4 15 34.97968 0 -63.97605 35.38053 0 -63.76291 34.83911 0 -62.32928 32.93251 0 -60.75852
4 15 64.3448 0 -22.60215 65.04961 0 -22.71821 64.75515 0 -21.41916 64.03615 0 -21.6257
4 15 68.27158 0 -23.22793 67.94819 0 -22.71009 67.42561 0 -23.76285 67.81542 0 -24.17716
4 15 68.48689 0 -23.78836 68.27158 0 -23.22793 67.81542 0 -24.17716 68.57959 0 -24.35526
4 15 64.03615 0 -21.6257 63.39979 0 -22.0262 63.81243 0 -22.64676 64.3448 0 -22.60215
4 15 63.38383 0 -22.83024 63.81243 0 -22.64676 63.39979 0 -22.0262 62.88291 0 -22.59258
4 15 68.0334 0 -24.61619 68.54969 0 -24.92861 68.57959 0 -24.35526 67.81542 0 -24.17716
4 16 32.59774 0 -60.48462 32.12431 0 -58.96161 31.8868 0 -59.0879 31.65805 0 -59.72484
4 15 31.53823 0 -59.35252 31.8868 0 -59.0879 29.456 0 -59.95 30.13062 0 -60.11115
4 15 63.0596 0 -23.13045 63.38383 0 -22.83024 62.88291 0 -22.59258 62.52404 0 -23.29202
4 16 31.65805 0 -59.72484 31.8868 0 -59.0879 31.53823 0 -59.35252 31.52166 0 -59.56632
4 15 68.54969 0 -24.92861 68.0334 0 -24.61619 68.09171 0 -25.06415 68.39906 0 -25.5091
4 15 62.8441 0 -23.52663 63.0596 0 -23.13045 62.52404 0 -23.29202 62.38607 0 -23.84945
4 16 68.00597 0 -25.50437 68.09171 0 -25.06415 68.0334 0 -24.61619 67.81542 0 -24.17716
3 16 31.52166 0 -59.56632 31.53823 0 -59.35252 31.49897 0 -59.464
3 15 68.39906 0 -25.5091 68.09171 0 -25.06415 68.00597 0 -25.50437
4 15 68.39906 0 -25.5091 68.00597 0 -25.50437 67.87723 0 -25.77038 67.98628 0 -26.23681
4 16 67.42561 0 -23.76285 66.83066 0 -23.3771 65.00932 0 -24.89894 67.81542 0 -24.17716
4 16 65.00932 0 -24.89894 66.55867 0 -23.25895 65.99965 0 -23.01717 65.71706 0 -22.92815
3 16 65.00932 0 -24.89894 66.83066 0 -23.3771 66.55867 0 -23.25895
4 16 64.6607 0 -24.77205 65.00932 0 -24.89894 65.71706 0 -22.92815 65.04961 0 -22.71821
4 16 63.38383 0 -22.83024 63.0596 0 -23.13045 64.6607 0 -24.77205 63.81243 0 -22.64676
4 15 34.97968 0 -63.97605 32.93251 0 -60.75852 32.59774 0 -60.48462 31.65805 0 -59.72484
4 16 64.6607 0 -24.77205 65.04961 0 -22.71821 64.3448 0 -22.60215 63.81243 0 -22.64676
4 16 64.6607 0 -24.77205 63.0596 0 -23.13045 62.8441 0 -23.52663 62.73492 0 -24.0839
4 15 62.73492 0 -24.0839 62.8441 0 -23.52663 62.38607 0 -23.84945 62.38822 0 -24.37274
4 16 68.00597 0 -25.50437 67.81542 0 -24.17716 67.69655 0 -26.00365 67.87723 0 -25.77038
4 15 67.98628 0 -26.23681 67.87723 0 -25.77038 67.69655 0 -26.00365 67.6817 0 -26.52395
4 15 30.46469 0 -60.28575 34.97968 0 -63.97605 31.65805 0 -59.72484 31.52166 0 -59.56632
4 15 62.83867 0 -24.57074 62.73492 0 -24.0839 62.38822 0 -24.37274 62.53767 0 -24.87728
4 16 64.6607 0 -24.77205 62.73492 0 -24.0839 62.83867 0 -24.57074 63.13365 0 -24.95905
3 15 64.49618 0 -25.22405 65.00932 0 -24.89894 64.6607 0 -24.77205
4 16 30.46469 0 -60.28575 30.13062 0 -60.11115 29.8313 0 -60.18083 29.6344 0 -60.28552
3 15 29.8313 0 -60.18083 30.13062 0 -60.11115 29.456 0 -59.95
4 16 67.81542 0 -24.17716 65.00932 0 -24.89894 67.18263 0 -26.36891 67.69655 0 -26.00365
4 15 67.6817 0 -26.52395 67.69655 0 -26.00365 67.18263 0 -26.36891 67.27845 0 -26.79859
3 15 29.6344 0 -60.28552 29.8313 0 -60.18083 29.456 0 -59.95
4 15 65.00932 0 -24.89894 64.49618 0 -25.22405 64.34807 0 -25.41171 64.15667 0 -27.2416
4 16 34.97968 0 -63.97605 30.46469 0 -60.28575 29.6344 0 -60.28552 29.7857 0 -62.24196
4 16 64.11244 0 -25.41001 64.34807 0 -25.41171 64.49618 0 -25.22405 63.59843 0 -25.22293
4 16 64.6607 0 -24.77205 63.13365 0 -24.95905 63.59843 0 -25.22293 64.49618 0 -25.22405
4 16 66.84359 0 -26.49346 67.18263 0 -26.36891 65.00932 0 -24.89894 66.44261 0 -26.56887
4 15 63.13365 0 -24.95905 62.83867 0 -24.57074 62.53767 0 -24.87728 62.83962 0 -25.38093
3 15 67.27845 0 -26.79859 67.18263 0 -26.36891 66.84359 0 -26.49346
4 15 64.15667 0 -27.2416 64.34807 0 -25.41171 64.11244 0 -25.41001 63.86548 0 -26.72591
3 15 62.83962 0 -25.38093 63.59843 0 -25.22293 63.13365 0 -24.95905
4 16 29.7857 0 -62.24196 30.3223 0 -63.84905 30.54532 0 -64.2465 34.97968 0 -63.97605
3 16 30.3223 0 -63.84905 29.7857 0 -62.24196 30.03784 0 -63.56024
3 16 65.75391 0 -26.56935 66.44261 0 -26.56887 65.00932 0 -24.89894
4 16 68.39906 0 -25.5091 67.98628 0 -26.23681 67.73623 0 -27.33023 70.49201 0 -29.19875
4 16 65.45685 0 -26.56977 65.00932 0 -24.89894 64.15667 0 -27.2416 65.33304 0 -26.90994
3 16 67.73623 0 -27.33023 67.98628 0 -26.23681 67.6817 0 -26.52395
3 16 67.73623 0 -27.33023 67.6817 0 -26.52395 67.27845 0 -26.79859
3 15 29.46076 0 -62.37989 29.7857 0 -62.24196 29.25113 0 -62.17012
4 16 29.68028 0 -63.37307 30.03784 0 -63.56024 29.7857 0 -62.24196 29.46076 0 -62.37989
4 16 62.01001 0 -25.47911 62.53767 0 -24.87728 62.38822 0 -24.37274 61.71516 0 -25.51439
3 16 65.45685 0 -26.56977 65.75391 0 -26.56935 65.00932 0 -24.89894
3 16 62.01001 0 -25.47911 62.83962 0 -25.38093 62.53767 0 -24.87728
4 15 29.7857 0 -62.24196 28.91593 0 -60.19291 28.82546 0 -61.7457 29.25113 0 -62.17012
4 15 67.63773 0 -27.60086 67.73623 0 -27.33023 67.27845 0 -26.79859 66.84359 0 -26.49346
4 15 29.98252 0 -65.00902 30.67297 0 -65.3406 30.70822 0 -64.98344 30.66602 0 -64.61786
4 15 28.91593 0 -60.19291 28.64254 0 -60.30896 28.43924 0 -61.04056 28.4961 0 -61.53027
4 15 65.33304 0 -26.90994 67.63773 0 -27.60086 66.84359 0 -26.49346 66.44261 0 -26.56887
3 15 28.82546 0 -61.7457 28.91593 0 -60.19291 28.4961 0 -61.53027
4 16 61.71516 0 -25.51439 62.38607 0 -23.84945 62.52404 0 -23.29202 58.85113 0 -24.37693
3 16 61.71516 0 -25.51439 62.38822 0 -24.37274 62.38607 0 -23.84945
3 15 65.33304 0 -26.90994 66.44261 0 -26.56887 65.75391 0 -26.56935
4 15 29.86242 0 -64.80797 29.98252 0 -65.00902 30.66602 0 -64.61786 30.54532 0 -64.2465
3 16 29.68028 0 -63.37307 29.46076 0 -62.37989 29.23888 0 -63.28015
4 15 30.05276 0 -65.39202 30.55883 0 -65.69106 30.67297 0 -65.3406 29.98252 0 -65.00902
3 15 65.33304 0 -26.90994 65.75391 0 -26.56935 65.45685 0 -26.56977
4 15 30.54532 0 -64.2465 30.3223 0 -63.84905 29.68898 0 -64.65019 29.86242 0 -64.80797
3 16 28.43924 0 -61.04056 28.64254 0 -60.30896 27.96099 0 -60.93504
4 15 64.11244 0 -25.41001 63.59843 0 -25.22293 61.60743 0 -25.8104 63.69073 0 -26.56865
4 15 28.43924 0 -61.04056 27.96099 0 -60.93504 28.15889 0 -61.38335 28.4961 0 -61.53027
4 16 29.45589 0 -64.54381 29.98252 0 -65.00902 29.86242 0 -64.80797 29.68898 0 -64.65019
4 15 30.3223 0 -63.84905 30.03784 0 -63.56024 29.45589 0 -64.54381 29.68898 0 -64.65019
3 15 61.60743 0 -25.8104 63.59843 0 -25.22293 62.83962 0 -25.38093
4 16 29.45589 0 -64.54381 29.94686 0 -65.79004 30.05276 0 -65.39202 29.98252 0 -65.00902
4 15 29.94686 0 -65.79004 30.37269 0 -66.01776 30.55883 0 -65.69106 30.05276 0 -65.39202
4 15 29.45589 0 -64.54381 30.03784 0 -63.56024 29.68028 0 -63.37307 29.15627 0 -64.49826
3 15 61.60743 0 -25.8104 62.01001 0 -25.47911 61.71516 0 -25.51439
3 15 61.60743 0 -25.8104 62.83962 0 -25.38093 62.01001 0 -25.47911
4 15 30.11749 0 -66.30208 30.37269 0 -66.01776 29.94686 0 -65.79004 29.67591 0 -66.14731
4 15 29.15627 0 -64.49826 29.68028 0 -63.37307 29.23888 0 -63.28015 28.62617 0 -63.29037
3 15 64.15667 0 -27.2416 63.86548 0 -26.72591 63.88739 0 -26.8967
4 16 63.88739 0 -26.8967 63.86548 0 -26.72591 63.69073 0 -26.56865 61.60743 0 -25.8104
4 16 29.94686 0 -65.79004 29.45589 0 -64.54381 29.15627 0 -64.49826 28.86175 0 -64.53637
4 15 27.81343 0 -61.30402 28.15889 0 -61.38335 27.96099 0 -60.93504 27.49506 0 -60.91228
4 16 28.62617 0 -63.29037 29.25113 0 -62.17012 28.82546 0 -61.7457 28.4961 0 -61.53027
4 16 29.46076 0 -62.37989 29.25113 0 -62.17012 28.62617 0 -63.29037 29.23888 0 -63.28015
3 16 27.96099 0 -60.93504 28.64254 0 -60.30896 27.49506 0 -60.91228
3 15 64.15667 0 -27.2416 63.88739 0 -26.8967 63.80804 0 -27.11471
4 16 63.80804 0 -27.11471 63.88739 0 -26.8967 61.60743 0 -25.8104 60.85636 0 -27.65205
4 16 29.67591 0 -66.14731 29.94686 0 -65.79004 28.86175 0 -64.53637 29.25562 0 -66.4061
3 15 28.86175 0 -64.53637 29.15627 0 -64.49826 28.62617 0 -63.29037
4 15 29.79271 0 -66.54531 30.11749 0 -66.30208 29.67591 0 -66.14731 29.25562 0 -66.4061
3 15 27.81343 0 -61.30402 27.49506 0 -60.91228 27.45973 0 -61.29229
4 15 29.40058 0 -66.74761 29.79271 0 -66.54531 29.25562 0 -66.4061 28.65588 0 -66.53901
4 16 27.7549 0 -63.41576 28.15889 0 -61.38335 27.81343 0 -61.30402 27.45973 0 -61.29229
4 15 27.09818 0 -61.34908 27.45973 0 -61.29229 27.49506 0 -60.91228 26.60568 0 -61.11272
3 15 66.96921 0 -28.2785 67.39587 0 -28.27817 67.05728 0 -28.10565
4 16 27.7549 0 -63.41576 28.62617 0 -63.29037 28.4961 0 -61.53027 28.15889 0 -61.38335
4 16 27.7549 0 -63.41576 27.45973 0 -61.29229 27.09818 0 -61.34908 27.10326 0 -63.51855
4 16 66.96921 0 -28.2785 67.05728 0 -28.10565 66.52753 0 -28.49116 66.8037 0 -28.46016
4 16 26.60568 0 -61.11272 27.49506 0 -60.91228 28.64254 0 -60.30896 24.37693 0 -58.85113
4 15 28.62617 0 -63.29037 27.7549 0 -63.41576 28.08209 0 -64.63701 28.86175 0 -64.53637
4 16 60.85636 0 -27.65205 66.52753 0 -28.49116 67.05728 0 -28.10565 64.15667 0 -27.2416
4 16 28.86175 0 -64.53637 28.08209 0 -64.63701 28.65588 0 -66.53901 29.25562 0 -66.4061
4 15 26.72877 0 -61.47438 27.09818 0 -61.34908 26.60568 0 -61.11272 26.1704 0 -61.33877
3 15 27.78796 0 -64.67603 28.08209 0 -64.63701 27.7549 0 -63.41576
4 15 28.55745 0 -66.93929 29.40058 0 -66.74761 28.65588 0 -66.53901 28.11791 0 -66.91728
4 16 27.10326 0 -63.51855 27.09818 0 -61.34908 26.72877 0 -61.47438 26.21353 0 -61.77565
4 15 27.49383 0 -64.71506 27.78796 0 -64.67603 27.7549 0 -63.41576 27.10326 0 -63.51855
4 16 26.81095 0 -63.56442 27.10326 0 -63.51855 26.21353 0 -61.77565 25.89653 0 -62.16007
4 15 26.21353 0 -61.77565 26.72877 0 -61.47438 26.1704 0 -61.33877 25.8023 0 -61.6156
4 16 28.01948 0 -66.44738 28.65588 0 -66.53901 28.08209 0 -64.63701 27.37381 0 -66.11635
4 15 28.11791 0 -66.91728 28.65588 0 -66.53901 28.01948 0 -66.44738 27.66748 0 -66.81842
4 15 65.89304 0 -29.59323 66.05455 0 -29.6441 66.52753 0 -28.49116 60.85636 0 -27.65205
4 15 27.10326 0 -63.51855 26.81095 0 -63.56442 26.84146 0 -64.80078 27.49383 0 -64.71506
4 15 25.89653 0 -62.16007 26.21353 0 -61.77565 25.8023 0 -61.6156 25.50086 0 -61.94453
3 16 27.37381 0 -66.11635 28.08209 0 -64.63701 27.78796 0 -64.67603
4 16 27.37381 0 -66.11635 27.78796 0 -64.67603 27.49383 0 -64.71506 26.75002 0 -65.53486
3 15 27.66748 0 -66.81842 28.01948 0 -66.44738 27.37381 0 -66.11635
4 16 66.05455 0 -29.6441 65.89304 0 -29.59323 66.06395 0 -30.05517 66.14881 0 -29.7763
4 16 26.81095 0 -63.56442 25.89653 0 -62.16007 25.77912 0 -62.5847 25.8601 0 -63.01094
4 16 26.48408 0 -63.53912 26.81095 0 -63.56442 25.8601 0 -63.01094 26.01154 0 -63.26279
3 16 26.48408 0 -63.53912 26.01154 0 -63.26279 26.21787 0 -63.43919
3 16 26.75002 0 -65.53486 27.49383 0 -64.71506 26.84146 0 -64.80078
3 16 27.52399 0 -67.45292 28.55745 0 -66.93929 28.11791 0 -66.91728
4 15 62.19821 0 -29.04282 65.89304 0 -29.59323 60.85636 0 -27.65205 60.62936 0 -28.09755
4 16 29.40058 0 -66.74761 28.55745 0 -66.93929 27.52399 0 -67.45292 29.19875 0 -70.49201
3 16 27.52399 0 -67.45292 28.11791 0 -66.91728 27.66748 0 -66.81842
4 15 26.3103 0 -64.73184 26.84146 0 -64.80078 26.81095 0 -63.56442 26.48408 0 -63.53912
4 15 66.06395 0 -30.05517 65.96271 0 -30.25387 66.3013 0 -30.42638 67.39587 0 -28.27817
4 16 26.75002 0 -65.53486 26.84146 0 -64.80078 26.3103 0 -64.73184 26.41772 0 -65.67592
4 15 25.26739 0 -62.32609 25.77912 0 -62.5847 25.89653 0 -62.16007 25.50086 0 -61.94453
3 16 65.96271 0 -30.25387 66.06395 0 -30.05517 65.89304 0 -29.59323
4 15 27.25981 0 -67.56506 27.52399 0 -67.45292 27.66748 0 -66.81842 27.37381 0 -66.11635
4 15 27.37381 0 -66.11635 26.75002 0 -65.53486 26.41772 0 -65.67592 27.25981 0 -67.56506
4 15 25.14131 0 -62.67401 25.8601 0 -63.01094 25.77912 0 -62.5847 25.26739 0 -62.32609
4 15 26.48408 0 -63.53912 26.21787 0 -63.43919 25.86885 0 -64.539 26.3103 0 -64.73184
3 16 26.41772 0 -65.67592 26.3103 0 -64.73184 25.86885 0 -64.539
4 15 25.51819 0 -64.21962 25.86885 0 -64.539 26.21787 0 -63.43919 25.25621 0 -63.77135
4 16 26.41772 0 -65.67592 25.86885 0 -64.539 25.51819 0 -64.21962 25.64265 0 -65.68663
4 15 25.8601 0 -63.01094 25.14131 0 -62.67401 25.09806 0 -63.03023 25.13618 0 -63.39645
4 16 65.96271 0 -30.25387 65.65128 0 -30.8651 65.98986 0 -31.03761 66.3013 0 -30.42638
4 15 26.01154 0 -63.26279 25.8601 0 -63.01094 25.13618 0 -63.39645 25.25621 0 -63.77135
4 16 65.65128 0 -30.8651 65.96271 0 -30.25387 65.89304 0 -29.59323 62.19821 0 -29.04282
3 15 25.25621 0 -63.77135 26.21787 0 -63.43919 26.01154 0 -63.26279
4 15 65.98986 0 -31.03761 65.65128 0 -30.8651 65.51644 0 -31.12973 64.72686 0 -33.51639
4 15 62.19821 0 -29.04282 60.62936 0 -28.09755 63.74037 0 -31.26517 64.47794 0 -31.3705
4 15 25.36007 0 -66.66282 26.26235 0 -67.88569 25.64265 0 -65.68663 25.30037 0 -65.80449
3 15 26.26235 0 -67.88569 25.36007 0 -66.66282 25.26256 0 -67.32568
4 16 25.30037 0 -65.80449 25.64265 0 -65.68663 23.46823 0 -62.90395 22.64692 0 -63.51038
3 15 26.26235 0 -67.88569 25.26256 0 -67.32568 25.00782 0 -67.7899
3 15 24.82122 0 -67.94828 26.26235 0 -67.88569 25.00782 0 -67.7899
3 15 22.85459 0 -63.11524 23.46823 0 -62.90395 23.34452 0 -62.54465
3 15 24.59555 0 -68.05772 26.26235 0 -67.88569 24.82122 0 -67.94828
4 16 65.02028 0 -31.4493 65.2907 0 -31.40976 65.51644 0 -31.12973 64.47794 0 -31.3705
4 16 64.47794 0 -31.3705 65.51644 0 -31.12973 65.65128 0 -30.8651 62.19821 0 -29.04282
4 16 24.82122 0 -67.94828 25.00782 0 -67.7899 24.14746 0 -67.86828 24.59555 0 -68.05772
3 16 24.31076 0 -68.07223 24.59555 0 -68.05772 24.14746 0 -67.86828
4 16 25.26256 0 -67.32568 25.36007 0 -66.66282 24.14746 0 -67.86828 25.00782 0 -67.7899
4 16 24.14746 0 -67.86828 25.36007 0 -66.66282 25.30037 0 -65.80449 22.64692 0 -63.51038
3 16 63.74037 0 -31.26517 60.62936 0 -28.09755 59.34502 0 -30.61821
4 15 64.49741 0 -32.57682 65.02028 0 -31.4493 64.47794 0 -31.3705 64.38988 0 -32.54335
4 16 22.64692 0 -63.51038 23.46823 0 -62.90395 22.85459 0 -63.11524 22.65785 0 -63.27183
4 16 64.61864 0 -32.74858 64.49741 0 -32.57682 64.38988 0 -32.54335 64.50631 0 -33.11222
4 15 60.69505 0 -31.99294 64.38988 0 -32.54335 64.47794 0 -31.3705 63.74037 0 -31.26517
4 16 64.50631 0 -33.11222 64.38988 0 -32.54335 60.69505 0 -31.99294 64.38827 0 -33.34388
4 15 64.61864 0 -32.74858 64.50631 0 -33.11222 64.72686 0 -33.51639 65.2907 0 -31.40976
4 15 22.95577 0 -68.30822 24.14746 0 -67.86828 22.64692 0 -63.51038 21.44611 0 -63.92385
3 15 64.72686 0 -33.51639 64.50631 0 -33.11222 64.38827 0 -33.34388
4 15 60.69505 0 -31.99294 63.74037 0 -31.26517 59.34502 0 -30.61821 59.11757 0 -31.0646
4 16 21.44611 0 -63.92385 21.29441 0 -63.7413 21.07418 0 -63.72829 20.42555 0 -63.95163
4 16 22.7187 0 -68.70397 22.94259 0 -68.54332 22.95577 0 -68.30822 22.41221 0 -68.76297
3 15 21.29933 0 -69.59459 22.7187 0 -68.70397 22.41221 0 -68.76297
3 15 21.29933 0 -69.59459 22.41221 0 -68.76297 22.10449 0 -68.72932
4 16 22.10449 0 -68.72932 22.41221 0 -68.76297 22.95577 0 -68.30822 21.7916 0 -68.58851
3 15 20.42555 0 -63.95163 21.07418 0 -63.72829 20.30184 0 -63.59233
4 16 63.99693 0 -34.11192 64.33552 0 -34.28444 64.38827 0 -33.34388 60.69505 0 -31.99294
4 16 22.95577 0 -68.30822 21.44611 0 -63.92385 20.42555 0 -63.95163 20.77607 0 -67.36233
4 16 64.72686 0 -33.51639 64.38827 0 -33.34388 64.33552 0 -34.28444 66.07774 0 -38.15
3 15 21.29933 0 -69.59459 22.10449 0 -68.72932 21.7916 0 -68.58851
4 16 21.4668 0 -68.33018 21.7916 0 -68.58851 22.95577 0 -68.30822 21.12889 0 -67.92936
3 15 64.33552 0 -34.28444 63.99693 0 -34.11192 63.91658 0 -34.26963
3 16 22.95577 0 -68.30822 20.77607 0 -67.36233 21.12889 0 -67.92936
3 15 21.29933 0 -69.59459 21.7916 0 -68.58851 21.4668 0 -68.33018
4 15 21.29933 0 -69.59459 21.4668 0 -68.33018 21.12889 0 -67.92936 20.43379 0 -67.48019
4 15 64.33552 0 -34.28444 63.91658 0 -34.26963 63.80001 0 -34.42572 63.20952 0 -35.32911
3 15 21.12889 0 -67.92936 20.77607 0 -67.36233 20.43379 0 -67.48019
4 16 20.43379 0 -67.48019 20.77607 0 -67.36233 20.42555 0 -63.95163 19.13349 0 -64.34016
4 16 63.99693 0 -34.11192 60.69505 0 -31.99294 63.02107 0 -34.29146 63.24743 0 -34.45954
4 16 63.45843 0 -34.53002 63.64503 0 -34.51623 63.80001 0 -34.42572 63.91658 0 -34.26963
3 15 20.49309 0 -69.79322 20.40116 0 -69.42451 19.94221 0 -69.53894
3 15 18.6202 0 -64.46814 19.13349 0 -64.34016 19.04156 0 -63.97145
4 16 63.24743 0 -34.45954 63.45843 0 -34.53002 63.91658 0 -34.26963 63.99693 0 -34.11192
4 15 60.69505 0 -31.99294 59.11757 0 -31.0646 62.95798 0 -34.88445 63.02107 0 -34.29146
4 15 20.49309 0 -69.79322 19.94221 0 -69.53894 19.6177 0 -69.54358 17.50555 0 -70.5381
4 15 18.38534 0 -64.61739 18.6202 0 -64.46814 19.04156 0 -63.97145 16.97405 0 -64.95483
4 16 19.46988 0 -69.33103 19.52704 0 -69.46519 19.6177 0 -69.54358 19.94221 0 -69.53894
4 15 63.45843 0 -34.53002 63.24743 0 -34.45954 62.95798 0 -34.88445 63.12405 0 -35.10038
3 15 62.95798 0 -34.88445 63.24743 0 -34.45954 63.02107 0 -34.29146
4 16 19.46988 0 -69.33103 19.94221 0 -69.53894 20.40116 0 -69.42451 19.13349 0 -64.34016
4 16 63.20762 0 -35.57954 63.20952 0 -35.32911 63.12405 0 -35.10038 63.10848 0 -35.85562
3 15 58.95723 0 -32.163 59.02418 0 -32.05157 58.69846 0 -31.85585
4 16 63.10848 0 -35.85562 63.12405 0 -35.10038 62.95798 0 -34.88445 59.1113 0 -33.13172
4 15 63.20762 0 -35.57954 63.10848 0 -35.85562 63.44706 0 -36.02814 64.33552 0 -34.28444
4 16 18.6202 0 -64.46814 18.35946 0 -64.87737 19.46988 0 -69.33103 19.13349 0 -64.34016
3 16 18.35946 0 -64.87737 18.6202 0 -64.46814 18.38534 0 -64.61739
4 16 58.95723 0 -32.163 58.87958 0 -32.36017 58.87602 0 -32.56803 58.95884 0 -32.85928
4 15 58.87958 0 -32.36017 58.95723 0 -32.163 58.69846 0 -31.85585 57.52365 0 -33.81105
4 16 59.02418 0 -32.05157 58.95723 0 -32.163 58.95884 0 -32.85928 59.1113 0 -33.13172
4 15 59.1113 0 -33.13172 58.95884 0 -32.85928 58.59781 0 -33.44267 58.83134 0 -33.52582
4 16 58.83134 0 -33.52582 58.59781 0 -33.44267 58.36147 0 -33.47098 58.13844 0 -33.6053
3 15 59.16125 0 -33.87571 59.1113 0 -33.13172 58.83134 0 -33.52582
4 15 59.1113 0 -33.13172 59.16125 0 -33.87571 59.48356 0 -34.32953 59.73955 0 -34.67818
4 16 59.16125 0 -33.87571 58.83134 0 -33.52582 58.13844 0 -33.6053 57.9493 0 -33.84047
4 15 62.40621 0 -37.62209 59.1113 0 -33.13172 59.73955 0 -34.67818 61.20375 0 -36.67209
4 15 19.46988 0 -69.33103 18.35946 0 -64.87737 17.1378 0 -65.26854 18.21678 0 -69.59606
4 16 17.9172 0 -70.04383 18.19864 0 -69.88709 18.21678 0 -69.59606 17.41362 0 -70.16939
4 15 57.52365 0 -33.81105 57.9493 0 -33.84047 58.13844 0 -33.6053 58.87958 0 -32.36017
4 15 18.19864 0 -69.88709 17.9172 0 -70.04383 17.50555 0 -70.5381 19.6177 0 -69.54358
4 16 16.569 0 -64.97956 17.1378 0 -65.26854 17.06396 0 -65.05918 16.97405 0 -64.95483
4 16 18.21678 0 -69.59606 17.1378 0 -65.26854 16.569 0 -64.97956 15.7229 0 -65.19052
3 16 61.20375 0 -36.67209 59.73955 0 -34.67818 58.76047 0 -36.30765
4 15 58.76047 0 -36.30765 59.73955 0 -34.67818 59.48356 0 -34.32953 58.33245 0 -36.2453
3 15 17.50555 0 -70.5381 17.9172 0 -70.04383 17.41362 0 -70.16939
4 15 13.92131 0 -65.24807 15.7229 0 -65.19052 16.569 0 -64.97956 19.04156 0 -63.97145
3 15 57.84938 0 -34.00677 57.9493 0 -33.84047 57.52365 0 -33.81105
4 16 59.16125 0 -33.87571 57.9493 0 -33.84047 57.84938 0 -34.00677 58.33245 0 -36.2453
3 15 15.29856 0 -65.41484 15.7229 0 -65.19052 13.92131 0 -65.24807
4 16 15.7229 0 -65.19052 15.29856 0 -65.41484 14.96165 0 -65.85337 18.21678 0 -69.59606
3 16 58.33245 0 -36.2453 59.48356 0 -34.32953 59.16125 0 -33.87571
3 15 14.96165 0 -65.85337 15.29856 0 -65.41484 13.92131 0 -65.24807
4 16 18.21678 0 -69.59606 14.96165 0 -65.85337 14.74755 0 -66.51996 14.72966 0 -66.81609
4 16 18.21678 0 -69.59606 14.72966 0 -66.81609 14.69411 0 -67.4258 17.41362 0 -70.16939
3 15 14.74755 0 -66.51996 14.96165 0 -65.85337 13.92131 0 -65.24807
4 15 14.69411 0 -67.4258 14.72966 0 -66.81609 13.92131 0 -65.24807 14.34286 0 -67.51338
3 15 14.72966 0 -66.81609 14.74755 0 -66.51996 13.92131 0 -65.24807
3 15 14.23467 0 -71.31928 14.16216 0 -70.94626 13.69785 0 -71.03652
3 15 12.63421 0 -65.90519 13.16232 0 -65.80254 13.08981 0 -65.42952
4 15 14.23467 0 -71.31928 13.69785 0 -71.03652 13.34482 0 -71.03892 11.90895 0 -71.30886
4 15 12.37513 0 -66.05029 12.63421 0 -65.90519 13.08981 0 -65.42952 10.93926 0 -66.32023
4 16 13.20798 0 -70.84853 13.25675 0 -70.96843 13.34482 0 -71.03892 13.69785 0 -71.03652
4 16 57.84938 0 -34.00677 57.52365 0 -33.81105 57.14223 0 -35.18366 58.33245 0 -36.2453
4 16 56.81651 0 -34.98794 57.14223 0 -35.18366 57.52365 0 -33.81105 55.16582 0 -31.85
4 16 13.20798 0 -70.84853 13.69785 0 -71.03652 14.16216 0 -70.94626 13.16232 0 -65.80254
4 15 62.17238 0 -38.01125 62.40621 0 -37.62209 61.20375 0 -36.67209 58.76047 0 -36.30765
3 15 57.00369 0 -35.41423 57.14223 0 -35.18366 56.81651 0 -34.98794
4 16 12.32663 0 -66.3144 13.20798 0 -70.84853 13.16232 0 -65.80254 12.63421 0 -65.90519
4 16 58.33245 0 -36.2453 57.14223 0 -35.18366 57.00369 0 -35.41423 57.13566 0 -36.07802
3 16 12.32663 0 -66.3144 12.63421 0 -65.90519 12.37513 0 -66.05029
4 16 57.13566 0 -36.07802 57.00369 0 -35.41423 56.84171 0 -35.81973 56.93711 0 -36.01238
3 16 56.93711 0 -36.01238 56.84171 0 -35.81973 56.86547 0 -35.9355
4 15 62.17238 0 -38.01125 58.76047 0 -36.30765 58.33245 0 -36.2453 57.13566 0 -36.07802
4 15 13.20798 0 -70.84853 11.55328 0 -69.04411 11.9515 0 -71.09277 13.25675 0 -70.96843
4 15 11.48421 0 -68.68876 13.20798 0 -70.84853 12.32663 0 -66.3144 11.06137 0 -66.51348
3 15 13.20798 0 -70.84853 11.48421 0 -68.68876 11.55328 0 -69.04411
4 15 57.13566 0 -36.07802 56.93711 0 -36.01238 56.40216 0 -37.17257 62.17238 0 -38.01125
4 16 56.40216 0 -37.17257 56.02536 0 -37.19583 55.80468 0 -37.40972 55.69034 0 -37.60001
4 15 55.36461 0 -37.4043 55.80468 0 -37.40972 56.02536 0 -37.19583 56.81651 0 -34.98794
4 16 11.25745 0 -68.73284 11.48421 0 -68.68876 11.06137 0 -66.51348 10.78175 0 -68.754
4 16 62.17238 0 -38.01125 56.40216 0 -37.17257 55.69034 0 -37.60001 55.32693 0 -38.08307
4 15 11.25745 0 -68.73284 11.28039 0 -69.09716 11.55328 0 -69.04411 11.48421 0 -68.68876
3 15 55.69034 0 -37.60001 55.80468 0 -37.40972 55.36461 0 -37.4043
4 16 11.9515 0 -71.09277 11.55328 0 -69.04411 11.28039 0 -69.09716 10.87361 0 -69.24754
4 16 11.06137 0 -66.51348 10.93926 0 -66.32023 10.55905 0 -66.30856 9.92429 0 -67.70738
4 16 11.65018 0 -71.43454 11.90895 0 -71.30886 11.9515 0 -71.09277 10.84917 0 -71.59024
4 15 10.78175 0 -68.754 10.87361 0 -69.24754 11.28039 0 -69.09716 11.25745 0 -68.73284
3 15 59.20485 0 -41.64388 59.81526 0 -41.46527 59.51178 0 -41.23658
4 15 55.04287 0 -38.46002 55.32693 0 -38.08307 55.02345 0 -37.85438 53.19333 0 -40.28303
4 15 9.10076 0 -72.31721 14.23467 0 -71.31928 11.65018 0 -71.43454 10.84917 0 -71.59024
4 16 11.9515 0 -71.09277 10.87361 0 -69.24754 10.60114 0 -69.51239 10.46211 0 -69.90819
4 16 10.41147 0 -68.61001 10.78175 0 -68.754 11.06137 0 -66.51348 10.1305 0 -68.27038
4 15 10.87361 0 -69.24754 10.78175 0 -68.754 10.41147 0 -68.61001 10.60114 0 -69.51239
4 15 59.81526 0 -41.46527 59.20485 0 -41.64388 58.99032 0 -41.78899 58.10806 0 -42.95979
4 16 55.04287 0 -38.46002 54.95225 0 -38.73482 54.99936 0 -38.86172 55.1087 0 -38.97417
4 16 58.71534 0 -41.69197 58.99032 0 -41.78899 59.20485 0 -41.64388 59.51178 0 -41.23658
4 15 7.737 0 -66.47 9.84933 0 -66.44652 10.55905 0 -66.30856 13.08981 0 -65.42952
4 16 11.9515 0 -71.09277 10.46211 0 -69.90819 10.45684 0 -70.4471 10.84917 0 -71.59024
4 16 9.92429 0 -67.70738 10.55905 0 -66.30856 9.84933 0 -66.44652 9.50756 0 -66.54351
3 16 10.1305 0 -68.27038 11.06137 0 -66.51348 9.92429 0 -67.70738
4 16 55.1087 0 -38.97417 58.71534 0 -41.69197 59.51178 0 -41.23658 55.32693 0 -38.08307
3 15 9.50756 0 -66.54351 9.84933 0 -66.44652 7.737 0 -66.47
4 16 10.40256 0 -71.63529 10.84917 0 -71.59024 10.45684 0 -70.4471 10.10149 0 -70.51617
3 15 9.10076 0 -72.31721 10.84917 0 -71.59024 10.40256 0 -71.63529
3 16 55.1087 0 -38.97417 55.32693 0 -38.08307 55.04287 0 -38.46002
3 15 10.10149 0 -70.51617 10.45684 0 -70.4471 10.46211 0 -69.90819
4 15 10.10149 0 -70.51617 10.46211 0 -69.90819 10.60114 0 -69.51239 9.84676 0 -69.2057
4 15 9.84676 0 -69.2057 10.60114 0 -69.51239 10.41147 0 -68.61001 9.56894 0 -67.77645
3 15 10.41147 0 -68.61001 10.1305 0 -68.27038 9.56894 0 -67.77645
3 15 10.1305 0 -68.27038 9.92429 0 -67.70738 9.56894 0 -67.77645
4 16 9.56894 0 -67.77645 9.92429 0 -67.70738 9.50756 0 -66.54351 9.20925 0 -66.69115
3 15 9.20925 0 -66.69115 9.50756 0 -66.54351 7.737 0 -66.47
3 15 9.10076 0 -72.31721 10.40256 0 -71.63529 10.0308 0 -71.58327
4 16 10.0308 0 -71.58327 10.40256 0 -71.63529 10.10149 0 -70.51617 9.7174 0 -71.43841
4 16 9.56894 0 -67.77645 9.20925 0 -66.69115 8.95576 0 -66.89119 8.7469 0 -67.14266
3 15 8.95576 0 -66.89119 9.20925 0 -66.69115 7.737 0 -66.47
3 15 9.10076 0 -72.31721 10.0308 0 -71.58327 9.7174 0 -71.43841
4 15 56.36771 0 -41.52564 57.87075 0 -42.65825 58.71534 0 -41.69197 55.1087 0 -38.97417
3 15 56.36771 0 -41.52564 55.1087 0 -38.97417 56.07142 0 -41.30236
4 16 9.4502 0 -71.20103 9.7174 0 -71.43841 10.10149 0 -70.51617 9.20048 0 -70.81254
4 16 9.56894 0 -67.77645 8.7469 0 -67.14266 8.58778 0 -67.44559 8.48428 0 -67.79883
3 15 8.7469 0 -67.14266 8.95576 0 -66.89119 7.737 0 -66.47
4 16 8.93739 0 -70.21374 9.20048 0 -70.81254 10.10149 0 -70.51617 9.84676 0 -69.2057
4 16 8.44611 0 -68.65586 9.84676 0 -69.2057 9.56894 0 -67.77645 8.48428 0 -67.79883
4 16 8.93739 0 -70.21374 9.84676 0 -69.2057 8.44611 0 -68.65586 8.59186 0 -70.2809
4 15 54.30883 0 -39.97416 56.07142 0 -41.30236 55.1087 0 -38.97417 54.99936 0 -38.86172
3 15 9.10076 0 -72.31721 9.7174 0 -71.43841 9.4502 0 -71.20103
3 15 9.10076 0 -72.31721 9.4502 0 -71.20103 9.20048 0 -70.81254
4 16 58.05727 0 -43.13188 58.10806 0 -42.95979 58.04498 0 -42.82085 57.87075 0 -42.65825
4 15 9.10076 0 -72.31721 9.20048 0 -70.81254 8.93739 0 -70.21374 8.59186 0 -70.2809
4 16 54.30883 0 -39.97416 54.08018 0 -39.90704 53.826 0 -40.07486 56.07142 0 -41.30236
3 15 8.58778 0 -67.44559 8.7469 0 -67.14266 7.737 0 -66.47
3 15 8.48428 0 -67.79883 8.58778 0 -67.44559 7.737 0 -66.47
4 16 57.87075 0 -42.65825 56.36771 0 -41.52564 56.06079 0 -41.93294 55.76537 0 -42.46787
4 15 55.80361 0 -41.65776 56.06079 0 -41.93294 56.36771 0 -41.52564 56.07142 0 -41.30236
4 15 8.44611 0 -68.65586 8.48428 0 -67.79883 7.737 0 -66.47 8.09076 0 -68.72493
4 15 58.05727 0 -43.13188 57.88808 0 -43.39129 57.92917 0 -43.96819 59.81526 0 -41.46527
4 16 57.88808 0 -43.39129 58.05727 0 -43.13188 57.87075 0 -42.65825 57.46947 0 -43.83714
4 15 56.06079 0 -41.93294 55.80361 0 -41.65776 55.62479 0 -41.84355 55.76537 0 -42.46787
4 16 55.62479 0 -41.84355 55.80361 0 -41.65776 56.07142 0 -41.30236 55.42153 0 -41.95709
4 16 56.07142 0 -41.30236 53.826 0 -40.07486 53.49681 0 -40.51172 53.95819 0 -41.57937
4 16 8.59186 0 -70.2809 8.44611 0 -68.65586 8.09076 0 -68.72493 4.10036 0 -71.07606
3 15 53.49681 0 -40.51172 53.826 0 -40.07486 53.19333 0 -40.28303
4 16 55.19104 0 -41.99877 55.42153 0 -41.95709 56.07142 0 -41.30236 54.92749 0 -41.97297
4 15 57.92917 0 -43.96819 57.88808 0 -43.39129 57.46947 0 -43.83714 57.47418 0 -44.49056
4 15 55.43862 0 -42.35813 55.42153 0 -41.95709 55.19104 0 -41.99877 55.10321 0 -42.62877
4 15 55.62479 0 -41.84355 55.42153 0 -41.95709 55.43862 0 -42.35813 55.76537 0 -42.46787
3 16 54.92749 0 -41.97297 56.07142 0 -41.30236 54.23313 0 -41.69139
3 16 54.23313 0 -41.69139 56.07142 0 -41.30236 53.95819 0 -41.57937
4 15 55.43862 0 -42.35813 55.10321 0 -42.62877 55.69258 0 -42.99151 55.76537 0 -42.46787
4 16 57.87075 0 -42.65825 55.76537 0 -42.46787 55.69258 0 -42.99151 55.84431 0 -43.37505
3 16 53.95819 0 -41.57937 53.49681 0 -40.51172 53.17654 0 -41.24579
4 15 55.10321 0 -42.62877 55.19104 0 -41.99877 54.92749 0 -41.97297 54.80245 0 -42.78529
4 16 56.6717 0 -43.99853 57.07342 0 -44.03205 57.46947 0 -43.83714 57.87075 0 -42.65825
4 15 57.47418 0 -44.49056 57.46947 0 -43.83714 57.07342 0 -44.03205 57.02538 0 -44.84354
4 16 52.87144 0 -41.2037 53.17654 0 -41.24579 53.49681 0 -40.51172 53.19333 0 -40.28303
4 16 56.23065 0 -43.75633 56.6717 0 -43.99853 57.87075 0 -42.65825 55.84431 0 -43.37505
4 15 55.69258 0 -42.99151 55.10321 0 -42.62877 55.06414 0 -43.09768 55.84431 0 -43.37505
3 16 55.06414 0 -43.09768 55.10321 0 -42.62877 54.80245 0 -42.78529
3 16 52.59113 0 -41.25166 52.87144 0 -41.2037 53.19333 0 -40.28303
4 15 57.02538 0 -44.84354 57.07342 0 -44.03205 56.6717 0 -43.99853 56.58954 0 -45.03975
4 16 55.06414 0 -43.09768 54.80245 0 -42.78529 54.49431 0 -42.84859 54.91935 0 -43.70855
4 15 54.92749 0 -41.97297 54.23313 0 -41.69139 54.49431 0 -42.84859 54.80245 0 -42.78529
4 15 54.13532 0 -42.83977 54.49431 0 -42.84859 54.23313 0 -41.69139 53.61115 0 -42.73778
4 15 53.61115 0 -42.73778 54.23313 0 -41.69139 53.95819 0 -41.57937 53.0474 0 -42.5421
4 15 55.84431 0 -43.37505 55.06414 0 -43.09768 54.91935 0 -43.70855 54.94418 0 -44.04781
4 16 54.91935 0 -43.70855 54.49431 0 -42.84859 54.13532 0 -42.83977 54.94418 0 -44.04781
4 16 52.09362 0 -41.64933 52.59113 0 -41.25166 53.19333 0 -40.28303 50.53661 0 -38.7781
4 15 53.0474 0 -42.5421 53.95819 0 -41.57937 53.17654 0 -41.24579 52.54253 0 -42.39455
4 15 56.17001 0 -45.093 56.58954 0 -45.03975 56.6717 0 -43.99853 56.23065 0 -43.75633
4 15 56.23065 0 -43.75633 55.84431 0 -43.37505 54.94418 0 -44.04781 55.03751 0 -44.34602
4 15 52.87144 0 -41.2037 52.59113 0 -41.25166 52.54253 0 -42.39455 53.17654 0 -41.24579
4 15 52.54253 0 -42.39455 52.59113 0 -41.25166 52.09362 0 -41.64933 51.87224 0 -42.08103
4 15 55.77939 0 -45.01651 56.17001 0 -45.093 56.23065 0 -43.75633 55.42662 0 -44.82331
4 15 52.36117 0 -42.46574 52.54253 0 -42.39455 51.87224 0 -42.08103 51.85466 0 -42.51479
4 15 56.23065 0 -43.75633 55.03751 0 -44.34602 55.19812 0 -44.60479 55.42662 0 -44.82331
4 16 52.54253 0 -42.39455 52.36117 0 -42.46574 52.32289 0 -42.58966 52.37174 0 -42.74417
4 16 54.13532 0 -42.83977 53.61115 0 -42.73778 52.72862 0 -43.14958 54.94418 0 -44.04781
4 16 52.72862 0 -43.14958 53.61115 0 -42.73778 53.0474 0 -42.5421 52.37174 0 -42.74417
3 16 52.37174 0 -42.74417 53.0474 0 -42.5421 52.54253 0 -42.39455
4 15 52.32289 0 -42.58966 52.36117 0 -42.46574 51.85466 0 -42.51479 52.06044 0 -42.96286
4 15 52.72862 0 -43.14958 52.37174 0 -42.74417 52.06044 0 -42.96286 52.51076 0 -43.43868
3 15 52.06044 0 -42.96286 52.37174 0 -42.74417 52.32289 0 -42.58966
4 16 54.94418 0 -44.04781 52.72862 0 -43.14958 52.51076 0 -43.43868 55.03751 0 -44.34602
4 16 55.19812 0 -44.60479 55.03751 0 -44.34602 52.51076 0 -43.43868 54.32885 0 -44.87929
4 15 55.93698 0 -46.50218 54.32885 0 -44.87929 54.08729 0 -45.14756 54.55496 0 -45.87007
3 15 55.93698 0 -46.50218 54.55496 0 -45.87007 54.79171 0 -46.49635
4 16 54.08729 0 -45.14756 54.32885 0 -44.87929 51.07799 0 -43.49968 51.53644 0 -45.22177
3 15 54.7933 0 -47.02662 55.93698 0 -46.50218 54.79171 0 -46.49635
3 15 54.70688 0 -47.25561 55.93698 0 -46.50218 54.7933 0 -47.02662
3 15 54.56256 0 -47.46072 55.93698 0 -46.50218 54.70688 0 -47.25561
4 15 50.64372 0 -43.98198 51.07799 0 -43.49968 50.79559 0 -43.24541 48.64233 0 -45.63685
4 16 54.70688 0 -47.25561 54.7933 0 -47.02662 54.07948 0 -47.51153 54.56256 0 -47.46072
4 16 54.7933 0 -47.02662 54.79171 0 -46.49635 53.52138 0 -47.00902 54.07948 0 -47.51153
3 16 54.32118 0 -47.61074 54.56256 0 -47.46072 54.07948 0 -47.51153
4 16 53.52138 0 -47.00902 54.79171 0 -46.49635 54.55496 0 -45.87007 53.30067 0 -46.81028
4 16 54.55496 0 -45.87007 54.08729 0 -45.14756 53.0807 0 -46.61222 53.30067 0 -46.81028
3 16 53.0807 0 -46.61222 54.08729 0 -45.14756 52.85998 0 -46.41349
3 16 52.85998 0 -46.41349 54.08729 0 -45.14756 52.63927 0 -46.21476
3 16 52.63927 0 -46.21476 54.08729 0 -45.14756 52.41855 0 -46.01603
3 16 52.41855 0 -46.01603 54.08729 0 -45.14756 52.19858 0 -45.81796
3 16 52.19858 0 -45.81796 54.08729 0 -45.14756 51.97787 0 -45.61923
3 16 51.97787 0 -45.61923 54.08729 0 -45.14756 51.75715 0 -45.4205
3 16 51.53644 0 -45.22177 51.07799 0 -43.49968 51.31647 0 -45.0237
3 16 51.75715 0 -45.4205 54.08729 0 -45.14756 51.53644 0 -45.22177
3 16 51.31647 0 -45.0237 51.07799 0 -43.49968 51.09576 0 -44.82497
4 16 50.65433 0 -44.42751 50.87504 0 -44.62624 50.64372 0 -43.98198 50.54823 0 -44.21357
4 16 51.07799 0 -43.49968 50.64372 0 -43.98198 50.87504 0 -44.62624 51.09576 0 -44.82497
3 15 63.86548 0 -26.72591 64.11244 0 -25.41001 63.69073 0 -26.56865
4 15 30.46469 0 -60.28575 31.52166 0 -59.56632 31.49897 0 -59.464 30.13062 0 -60.11115
3 15 30.13062 0 -60.11115 31.49897 0 -59.464 31.53823 0 -59.35252
4 15 34.95673 0 -57.61302 34.05061 0 -58.12199 34.26778 0 -58.21944 34.87859 0 -57.90486
4 15 34.05061 0 -58.12199 34.95673 0 -57.61302 35.06771 0 -57.43622 33.79114 0 -58.12178
4 15 24.31076 0 -68.07223 24.14746 0 -67.86828 22.95577 0 -68.30822 22.94259 0 -68.54332
4 15 24.59555 0 -68.05772 24.31076 0 -68.07223 22.94259 0 -68.54332 22.7187 0 -68.70397
4 15 21.29933 0 -69.59459 26.26235 0 -67.88569 24.59555 0 -68.05772 22.7187 0 -68.70397
4 15 21.44611 0 -63.92385 22.64692 0 -63.51038 22.65785 0 -63.27183 21.29441 0 -63.7413
4 15 21.07418 0 -63.72829 21.29441 0 -63.7413 22.65785 0 -63.27183 20.30184 0 -63.59233
4 15 22.65785 0 -63.27183 22.85459 0 -63.11524 23.34452 0 -62.54465 20.30184 0 -63.59233
4 15 18.19864 0 -69.88709 19.6177 0 -69.54358 19.52704 0 -69.46519 18.21678 0 -69.59606
3 15 18.21678 0 -69.59606 19.52704 0 -69.46519 19.46988 0 -69.33103
4 15 17.06396 0 -65.05918 17.1378 0 -65.26854 18.35946 0 -64.87737 18.38534 0 -64.61739
3 15 17.06396 0 -65.05918 18.38534 0 -64.61739 16.97405 0 -64.95483
3 15 16.569 0 -64.97956 16.97405 0 -64.95483 19.04156 0 -63.97145
4 15 11.06137 0 -66.51348 12.32663 0 -66.3144 12.37513 0 -66.05029 10.93926 0 -66.32023
3 15 10.93926 0 -66.32023 13.08981 0 -65.42952 10.55905 0 -66.30856
4 15 13.25675 0 -70.96843 11.9515 0 -71.09277 11.90895 0 -71.30886 13.34482 0 -71.03892
3 15 11.65018 0 -71.43454 14.23467 0 -71.31928 11.90895 0 -71.30886
4 15 54.32118 0 -47.61074 54.07948 0 -47.51153 53.24982 0 -48.47481 53.35295 0 -48.68607
4 15 54.32118 0 -47.61074 53.35295 0 -48.68607 53.235 0 -48.93512 54.56256 0 -47.46072
4 15 55.93698 0 -46.50218 54.56256 0 -47.46072 53.235 0 -48.93512 52.42538 0 -50.40221
4 15 49.80386 0 -45.37205 50.65433 0 -44.42751 50.54823 0 -44.21357 49.58335 0 -45.28518
4 15 49.58335 0 -45.28518 50.54823 0 -44.21357 50.64372 0 -43.98198 49.38442 0 -45.38058
3 15 48.64233 0 -45.63685 49.38442 0 -45.38058 50.64372 0 -43.98198
4 15 58.99032 0 -41.78899 58.71534 0 -41.69197 57.87075 0 -42.65825 58.04498 0 -42.82085
3 15 58.10806 0 -42.95979 58.99032 0 -41.78899 58.04498 0 -42.82085
3 15 58.05727 0 -43.13188 59.81526 0 -41.46527 58.10806 0 -42.95979
4 15 54.08018 0 -39.90704 54.30883 0 -39.97416 54.99936 0 -38.86172 54.95225 0 -38.73482
4 15 53.826 0 -40.07486 54.08018 0 -39.90704 54.95225 0 -38.73482 53.19333 0 -40.28303
3 15 53.19333 0 -40.28303 54.95225 0 -38.73482 55.04287 0 -38.46002
4 15 56.40216 0 -37.17257 56.93711 0 -36.01238 56.86547 0 -35.9355 56.02536 0 -37.19583
3 15 56.02536 0 -37.19583 56.86547 0 -35.9355 56.84171 0 -35.81973
4 15 56.81651 0 -34.98794 56.02536 0 -37.19583 56.84171 0 -35.81973 57.00369 0 -35.41423
4 15 58.59781 0 -33.44267 58.95884 0 -32.85928 58.87602 0 -32.56803 58.36147 0 -33.47098
4 15 58.36147 0 -33.47098 58.87602 0 -32.56803 58.87958 0 -32.36017 58.13844 0 -33.6053
4 15 65.2907 0 -31.40976 65.02028 0 -31.4493 64.49741 0 -32.57682 64.61864 0 -32.74858
3 15 64.72686 0 -33.51639 65.51644 0 -31.12973 65.2907 0 -31.40976
4 15 66.8037 0 -28.46016 66.52753 0 -28.49116 66.05455 0 -29.6441 66.14881 0 -29.7763
4 15 66.96921 0 -28.2785 66.8037 0 -28.46016 66.14881 0 -29.7763 67.39587 0 -28.27817
3 15 66.06395 0 -30.05517 67.39587 0 -28.27817 66.14881 0 -29.7763
4 15 63.64503 0 -34.51623 63.45843 0 -34.53002 63.12405 0 -35.10038 63.20952 0 -35.32911
3 15 63.20952 0 -35.32911 63.80001 0 -34.42572 63.64503 0 -34.51623
3 15 63.20762 0 -35.57954 64.33552 0 -34.28444 63.20952 0 -35.32911
4 15 71.05228 0 -12.94141 70.87085 0 -12.93379 70.70448 0 -14.19404 70.93146 0 -14.32342
4 15 71.1785 0 -12.8936 71.05228 0 -12.94141 70.93146 0 -14.32342 70.95682 0 -14.63455
4 15 71.1785 0 -12.8936 70.95682 0 -14.63455 71.26662 0 -15.0659 71.31436 0 -12.60683
4 15 71.6722 0 -9.42564 71.36912 0 -10.6953 71.55544 0 -10.81345 71.79842 0 -9.37783
4 15 72.36824 0 -8.81828 71.79842 0 -9.37783 71.55544 0 -10.81345 71.58334 0 -11.08137
3 15 71.79842 0 -9.37783 72.36824 0 -8.81828 71.93428 0 -9.09107
4 15 65.35777 0 -14.02401 65.80458 0 -13.67835 65.93553 0 -13.44251 66.17127 0 -12.02491
3 15 65.35777 0 -14.02401 66.17127 0 -12.02491 66.14112 0 -11.76979
4 15 66.23837 0 -13.40655 66.41361 0 -12.14785 66.17127 0 -12.02491 65.93553 0 -13.44251
4 15 65.97787 0 -10.50727 66.4358 0 -10.09857 66.54746 0 -9.92025 66.79543 0 -8.51395
3 15 65.97787 0 -10.50727 66.79543 0 -8.51395 66.75618 0 -8.2816
3 15 66.54746 0 -9.92025 66.81143 0 -9.89166 66.79543 0 -8.51395
3 16 38.15 0 -66.07774 38.75801 0 -61.66021 38.50614 0 -61.81759
3 16 46.4485 0 -60.53286 41.57955 0 -59.00094 41.39432 0 -59.51406
3 16 46.4485 0 -60.53286 41.67882 0 -58.36346 41.57955 0 -59.00094
3 16 46.4485 0 -60.53286 41.63468 0 -57.72481 41.67882 0 -58.36346
3 16 46.4485 0 -60.53286 41.4485 0 -57.0853 41.63468 0 -57.72481
3 16 46.4485 0 -60.53286 41.12028 0 -56.44492 41.4485 0 -57.0853
4 16 40.73247 0 -55.92432 41.12028 0 -56.44492 46.4485 0 -60.53286 38.7781 0 -50.53661
3 16 40.73247 0 -55.92432 38.7781 0 -50.53661 40.28912 0 -55.50918
3 16 40.28912 0 -55.50918 38.7781 0 -50.53661 39.78904 0 -55.20142
3 16 39.78904 0 -55.20142 38.7781 0 -50.53661 39.23256 0 -54.99965
3 16 39.23256 0 -54.99965 38.7781 0 -50.53661 38.65582 0 -54.91077
3 16 38.09391 0 -54.93997 38.65582 0 -54.91077 38.7781 0 -50.53661
3 16 37.54789 0 -55.08895 38.09391 0 -54.93997 38.7781 0 -50.53661
3 16 37.0167 0 -55.35602 37.54789 0 -55.08895 38.7781 0 -50.53661
4 16 36.64759 0 -55.63148 37.0167 0 -55.35602 38.7781 0 -50.53661 31.85 0 -55.16582
3 16 36.34991 0 -55.94956 36.64759 0 -55.63148 31.85 0 -55.16582
4 16 36.1242 0 -56.3111 36.34991 0 -55.94956 31.85 0 -55.16582 35.17132 0 -56.91111
3 16 35.17132 0 -56.91111 35.96962 0 -56.71664 36.1242 0 -56.3111
4 16 35.89251 0 -57.14806 35.96962 0 -56.71664 35.17132 0 -56.91111 35.34972 0 -57.24663
3 16 35.89862 0 -57.58997 35.89251 0 -57.14806 35.34972 0 -57.24663
3 16 34.89606 0 -58.51282 35.98878 0 -58.04186 35.89862 0 -57.58997
3 16 34.89606 0 -58.51282 36.16216 0 -58.50424 35.98878 0 -58.04186
4 16 37.142 0 -59.827 36.16216 0 -58.50424 34.89606 0 -58.51282 38.15 0 -66.07774
3 16 38.15 0 -66.07774 38.50614 0 -61.81759 37.142 0 -59.827
4 16 40.35933 0 -60.67138 39.98545 0 -60.86373 38.15 0 -66.07774 46.4485 0 -60.53286
3 16 40.35933 0 -60.67138 46.4485 0 -60.53286 40.78421 0 -60.34929
3 16 46.4485 0 -60.53286 41.12885 0 -59.96295 40.78421 0 -60.34929
3 16 46.4485 0 -60.53286 41.39432 0 -59.51406 41.12885 0 -59.96295
4 16 45.0427 0 -45.0427 47.3914 0 -46.98896 47.60071 0 -46.77966 48.64233 0 -45.63685
4 16 48.92473 0 -45.89112 48.64233 0 -45.63685 47.60071 0 -46.77966 49.17473 0 -48.35368
4 16 45.0427 0 -45.0427 48.64233 0 -45.63685 50.79559 0 -43.24541 50.53661 0 -38.7781
4 16 51.87224 0 -42.08103 50.53661 0 -38.7781 50.79559 0 -43.24541 51.85466 0 -42.51479
4 16 52.06044 0 -42.96286 51.85466 0 -42.51479 50.79559 0 -43.24541 51.07799 0 -43.49968
3 16 51.07799 0 -43.49968 52.51076 0 -43.43868 52.06044 0 -42.96286
3 16 54.32885 0 -44.87929 52.51076 0 -43.43868 51.07799 0 -43.49968
4 16 55.42662 0 -44.82331 55.19812 0 -44.60479 54.32885 0 -44.87929 55.93698 0 -46.50218
3 16 55.93698 0 -46.50218 55.77939 0 -45.01651 55.42662 0 -44.82331
3 16 55.93698 0 -46.50218 56.17001 0 -45.093 55.77939 0 -45.01651
4 16 56.58954 0 -45.03975 56.17001 0 -45.093 55.93698 0 -46.50218 60.53286 0 -46.4485
3 16 60.53286 0 -46.4485 57.02538 0 -44.84354 56.58954 0 -45.03975
3 16 60.53286 0 -46.4485 57.47418 0 -44.49056 57.02538 0 -44.84354
4 16 55.93698 0 -46.50218 52.42538 0 -50.40221 53.95225 0 -53.95225 60.53286 0 -46.4485
4 16 59.81526 0 -41.46527 57.92917 0 -43.96819 60.53286 0 -46.4485 66.07774 0 -38.15
4 16 59.81526 0 -41.46527 66.07774 0 -38.15 62.17238 0 -38.01125 59.51178 0 -41.23658
4 16 62.40621 0 -37.62209 62.17238 0 -38.01125 66.07774 0 -38.15 63.44706 0 -36.02814
3 16 59.51178 0 -41.23658 62.17238 0 -38.01125 55.32693 0 -38.08307
4 16 55.32693 0 -38.08307 55.69034 0 -37.60001 55.36461 0 -37.4043 55.02345 0 -37.85438
3 16 53.19333 0 -40.28303 55.02345 0 -37.85438 50.53661 0 -38.7781
4 16 50.53661 0 -38.7781 55.02345 0 -37.85438 55.36461 0 -37.4043 55.16582 0 -31.85
3 16 55.36461 0 -37.4043 56.81651 0 -34.98794 55.16582 0 -31.85
4 16 55.16582 0 -31.85 57.52365 0 -33.81105 58.69846 0 -31.85585 59.11757 0 -31.0646
4 16 66.4594 0 -7.77639 65.11859 0 -5.01644 63.75509 0 -6.57122 63.15504 0 -8.31452
4 16 66.4594 0 -7.77639 66.83362 0 -7.84238 66.97328 0 -4.10181 65.11859 0 -5.01644
4 16 69.03681 0 -3.96656 66.97328 0 -4.10181 66.83362 0 -7.84238 71.07811 0 -4.21546
3 16 71.99402 0 -8.7523 71.07811 0 -4.21546 66.83362 0 -7.84238
4 16 71.07811 0 -4.21546 71.99402 0 -8.7523 72.36824 0 -8.81828 73.03632 0 -4.88018
4 16 74.59109 0 -6.24368 73.03632 0 -4.88018 72.36824 0 -8.81828 75.50572 0 -8.09837
4 16 75.64724 0 -9.95915 75.50572 0 -8.09837 72.36824 0 -8.81828 71.88672 0 -11.54915
3 16 71.74988 0 -12.32518 75.64724 0 -9.95915 71.88672 0 -11.54915
4 16 75.64724 0 -9.95915 71.74988 0 -12.32518 71.26662 0 -15.0659 73.70014 0 -19.74789
4 16 73.70014 0 -19.74789 71.26662 0 -15.0659 70.54077 0 -17.06708 70.66632 0 -17.6378
3 16 73.70014 0 -19.74789 70.66632 0 -17.6378 70.67084 0 -18.2279
4 16 70.29322 0 -16.51548 70.54077 0 -17.06708 71.26662 0 -15.0659 70.89239 0 -14.99992
3 16 70.29322 0 -16.51548 70.89239 0 -14.99992 69.94288 0 -16.01763
3 16 69.94288 0 -16.01763 70.89239 0 -14.99992 69.50454 0 -15.60897
3 16 69.50454 0 -15.60897 70.89239 0 -14.99992 68.97971 0 -15.28787
3 16 68.97971 0 -15.28787 70.89239 0 -14.99992 68.36785 0 -15.05625
4 16 67.50495 0 -14.91285 68.36785 0 -15.05625 70.89239 0 -14.99992 65.732 0 -14.09
3 16 66.69775 0 -14.99243 67.50495 0 -14.91285 65.732 0 -14.09
4 16 65.96837 0 -15.27223 66.69775 0 -14.99243 65.732 0 -14.09 65.35777 0 -14.02401
3 16 65.33745 0 -15.7311 65.96837 0 -15.27223 65.35777 0 -14.02401
4 16 64.84154 0 -16.3504 65.33745 0 -15.7311 65.35777 0 -14.02401 61.52948 0 -16.48677
3 16 64.51581 0 -17.11629 64.84154 0 -16.3504 61.52948 0 -16.48677
4 16 61.52948 0 -16.48677 65.35777 0 -14.02401 65.84104 0 -11.28329 63.15504 0 -8.31452
3 16 65.84104 0 -11.28329 65.97787 0 -10.50727 63.15504 0 -8.31452
3 16 65.97787 0 -10.50727 66.4594 0 -7.77639 63.15504 0 -8.31452
4 16 3.81245 0 -69.0399 4.10036 0 -71.07606 8.09076 0 -68.72493 3.94771 0 -66.97637
4 16 3.94771 0 -66.97637 8.09076 0 -68.72493 7.737 0 -66.47 4.86234 0 -65.12167
4 16 6.41711 0 -63.75817 4.86234 0 -65.12167 7.737 0 -66.47 8.31452 0 -63.15504
4 16 8.31452 0 -63.15504 7.737 0 -66.47 13.08981 0 -65.42952 13.92131 0 -65.24807
4 16 16.48677 0 -61.52948 8.31452 0 -63.15504 13.92131 0 -65.24807 19.04156 0 -63.97145
4 16 16.48677 0 -61.52948 19.04156 0 -63.97145 20.30184 0 -63.59233 23.34452 0 -62.54465
4 16 24.37693 0 -58.85113 16.48677 0 -61.52948 23.34452 0 -62.54465 25.50086 0 -61.94453
3 16 25.50086 0 -61.94453 25.8023 0 -61.6156 24.37693 0 -58.85113
3 16 25.8023 0 -61.6156 26.1704 0 -61.33877 24.37693 0 -58.85113
3 16 26.1704 0 -61.33877 26.60568 0 -61.11272 24.37693 0 -58.85113
4 16 24.37693 0 -58.85113 28.64254 0 -60.30896 28.91593 0 -60.19291 29.456 0 -59.95
4 16 24.37693 0 -58.85113 29.456 0 -59.95 31.94591 0 -58.62609 31.85 0 -55.16582
4 16 7.98328 0 -75.50368 9.95915 0 -75.64724 9.10076 0 -72.31721 6.12859 0 -74.58904
4 16 4.76509 0 -73.03427 6.12859 0 -74.58904 9.10076 0 -72.31721 4.10036 0 -71.07606
3 16 9.10076 0 -72.31721 8.59186 0 -70.2809 4.10036 0 -71.07606
4 16 14.23467 0 -71.31928 9.10076 0 -72.31721 9.95915 0 -75.64724 19.74789 0 -73.70014
3 16 19.74789 0 -73.70014 17.50555 0 -70.5381 14.23467 0 -71.31928
4 16 20.49309 0 -69.79322 17.50555 0 -70.5381 19.74789 0 -73.70014 21.29933 0 -69.59459
4 16 21.29933 0 -69.59459 19.74789 0 -73.70014 29.19875 0 -70.49201 26.26235 0 -67.88569
3 16 29.19875 0 -70.49201 27.25981 0 -67.56506 26.26235 0 -67.88569
3 16 29.19875 0 -70.49201 27.52399 0 -67.45292 27.25981 0 -67.56506
4 16 29.79271 0 -66.54531 29.40058 0 -66.74761 29.19875 0 -70.49201 38.15 0 -66.07774
3 16 29.79271 0 -66.54531 38.15 0 -66.07774 30.11749 0 -66.30208
3 16 30.11749 0 -66.30208 38.15 0 -66.07774 30.37269 0 -66.01776
4 16 30.55883 0 -65.69106 30.37269 0 -66.01776 38.15 0 -66.07774 34.97968 0 -63.97605
3 16 38.15 0 -66.07774 35.38053 0 -63.76291 34.97968 0 -63.97605
3 16 38.15 0 -66.07774 34.89606 0 -58.51282 35.38053 0 -63.76291
4 16 29.6344 0 -60.28552 29.456 0 -59.95 28.91593 0 -60.19291 29.7857 0 -62.24196
3 16 30.66602 0 -64.61786 34.97968 0 -63.97605 30.54532 0 -64.2465
3 16 30.70822 0 -64.98344 34.97968 0 -63.97605 30.66602 0 -64.61786
3 16 30.67297 0 -65.3406 34.97968 0 -63.97605 30.70822 0 -64.98344
3 16 30.55883 0 -65.69106 34.97968 0 -63.97605 30.67297 0 -65.3406
3 16 46.4485 0 -60.53286 48.82683 0 -54.23539 47.33837 0 -52.79926
4 16 46.4485 0 -60.53286 45.95951 0 -51.78527 45.54868 0 -51.46778 38.7781 0 -50.53661
3 16 45.54868 0 -51.46778 45.29695 0 -51.16513 38.7781 0 -50.53661
3 16 45.29695 0 -51.16513 45.12371 0 -50.84057 38.7781 0 -50.53661
3 16 45.12371 0 -50.84057 45.03108 0 -50.49338 38.7781 0 -50.53661
3 16 38.7781 0 -50.53661 45.03108 0 -50.49338 45.01765 0 -50.12357
3 16 38.7781 0 -50.53661 45.01765 0 -50.12357 45.09119 0 -49.68233
3 16 38.7781 0 -50.53661 45.09119 0 -49.68233 45.24675 0 -49.26514
4 16 38.7781 0 -50.53661 45.24675 0 -49.26514 45.48504 0 -48.86987 45.0427 0 -45.0427
3 16 45.48504 0 -48.86987 45.80395 0 -48.49722 45.0427 0 -45.0427
3 16 50.64328 0 -48.97253 48.92473 0 -45.89112 49.17473 0 -48.35368
3 16 67.01427 0 -21.91364 66.70074 0 -20.93548 66.40374 0 -21.63503
4 16 65.54791 0 -21.4193 66.40374 0 -21.63503 66.70074 0 -20.93548 66.093 0 -20.704
4 16 64.75515 0 -21.41916 65.54791 0 -21.4193 66.093 0 -20.704 65.56941 0 -20.38221
4 16 64.75515 0 -21.41916 65.56941 0 -20.38221 65.13094 0 -19.9704 64.03615 0 -21.6257
4 16 64.03615 0 -21.6257 65.13094 0 -19.9704 64.77785 0 -19.4676 63.39979 0 -22.0262
4 16 63.39979 0 -22.0262 64.77785 0 -19.4676 64.52784 0 -18.91009 61.52948 0 -16.48677
3 16 64.52784 0 -18.91009 64.40105 0 -18.33278 61.52948 0 -16.48677
3 16 64.40105 0 -18.33278 64.39778 0 -17.73471 61.52948 0 -16.48677
3 16 64.39778 0 -17.73471 64.51581 0 -17.11629 61.52948 0 -16.48677
4 16 61.60743 0 -25.8104 61.71516 0 -25.51439 58.85113 0 -24.37693 60.85636 0 -27.65205
4 16 58.85113 0 -24.37693 62.52404 0 -23.29202 62.88291 0 -22.59258 61.52948 0 -16.48677
3 16 62.88291 0 -22.59258 63.39979 0 -22.0262 61.52948 0 -16.48677
3 16 60.62936 0 -28.09755 60.85636 0 -27.65205 58.85113 0 -24.37693
4 16 59.34502 0 -30.61821 60.62936 0 -28.09755 58.85113 0 -24.37693 55.16582 0 -31.85
3 16 55.16582 0 -31.85 59.11757 0 -31.0646 59.34502 0 -30.61821
3 16 59.02418 0 -32.05157 59.11757 0 -31.0646 58.69846 0 -31.85585
4 16 62.95798 0 -34.88445 59.11757 0 -31.0646 59.02418 0 -32.05157 59.1113 0 -33.13172
3 16 62.40621 0 -37.62209 63.10848 0 -35.85562 59.1113 0 -33.13172
3 16 62.40621 0 -37.62209 63.44706 0 -36.02814 63.10848 0 -35.85562
3 16 66.07774 0 -38.15 64.33552 0 -34.28444 63.44706 0 -36.02814
4 16 65.98986 0 -31.03761 64.72686 0 -33.51639 66.07774 0 -38.15 70.49201 0 -29.19875
3 16 65.98986 0 -31.03761 70.49201 0 -29.19875 66.3013 0 -30.42638
3 16 66.3013 0 -30.42638 70.49201 0 -29.19875 67.39587 0 -28.27817
4 16 67.39587 0 -28.27817 70.49201 0 -29.19875 67.63773 0 -27.60086 67.05728 0 -28.10565
4 16 67.05728 0 -28.10565 67.63773 0 -27.60086 65.33304 0 -26.90994 64.15667 0 -27.2416
3 16 60.85636 0 -27.65205 64.15667 0 -27.2416 63.80804 0 -27.11471
3 16 70.49201 0 -29.19875 67.73623 0 -27.33023 67.63773 0 -27.60086
4 16 68.54969 0 -24.92861 68.39906 0 -25.5091 70.49201 0 -29.19875 73.70014 0 -19.74789
3 16 68.54969 0 -24.92861 73.70014 0 -19.74789 68.57959 0 -24.35526
4 16 68.48689 0 -23.78836 68.57959 0 -24.35526 73.70014 0 -19.74789 69.08293 0 -20.70726
3 16 69.08293 0 -20.70726 73.70014 0 -19.74789 69.72513 0 -20.23082
3 16 69.72513 0 -20.23082 73.70014 0 -19.74789 70.22861 0 -19.59601
3 16 73.70014 0 -19.74789 70.55433 0 -18.8374 70.22861 0 -19.59601
3 16 73.70014 0 -19.74789 70.67084 0 -18.2279 70.55433 0 -18.8374
4 16 69.08293 0 -20.70726 68.34489 0 -20.99186 67.94819 0 -22.71009 68.27158 0 -23.22793
3 16 68.48689 0 -23.78836 69.08293 0 -20.70726 68.27158 0 -23.22793
4 16 67.53961 0 -21.07199 67.52866 0 -22.2722 67.94819 0 -22.71009 68.34489 0 -20.99186
4 16 67.52866 0 -22.2722 67.53961 0 -21.07199 66.70074 0 -20.93548 67.01427 0 -21.91364
4 16 51.18432 0 -51.2613 51.13412 0 -51.63395 53.95225 0 -53.95225 52.42538 0 -50.40221
3 16 53.95225 0 -53.95225 51.13412 0 -51.63395 51.00331 0 -51.99386
3 16 53.95225 0 -53.95225 51.00331 0 -51.99386 50.794 0 -52.34035
3 16 53.95225 0 -53.95225 50.794 0 -52.34035 50.50621 0 -52.67481
4 16 53.95225 0 -53.95225 49.03048 0 -54.03175 48.82683 0 -54.23539 46.4485 0 -60.53286
3 16 51.18432 0 -51.2613 52.42538 0 -50.40221 51.15887 0 -50.89361
3 16 51.15887 0 -50.89361 52.42538 0 -50.40221 51.05775 0 -50.54924
3 16 51.05775 0 -50.54924 52.42538 0 -50.40221 50.88098 0 -50.2268
4 16 50.63066 0 -49.92699 50.88098 0 -50.2268 52.42538 0 -50.40221 50.64328 0 -48.97253
3 16 60.53286 0 -46.4485 57.92917 0 -43.96819 57.47418 0 -44.49056
3 16 51.87224 0 -42.08103 52.09362 0 -41.64933 50.53661 0 -38.7781
3 16 33.15732 0 -57.98198 35.17132 0 -56.91111 31.85 0 -55.16582
4 16 26.26235 0 -67.88569 27.25981 0 -67.56506 26.41772 0 -65.67592 25.64265 0 -65.68663
4 16 23.46823 0 -62.90395 25.64265 0 -65.68663 25.51819 0 -64.21962 25.25621 0 -63.77135
3 16 25.25621 0 -63.77135 25.13618 0 -63.39645 23.46823 0 -62.90395
4 16 23.46823 0 -62.90395 25.13618 0 -63.39645 25.09806 0 -63.03023 23.34452 0 -62.54465
3 16 25.09806 0 -63.03023 25.14131 0 -62.67401 23.34452 0 -62.54465
3 16 25.14131 0 -62.67401 25.26739 0 -62.32609 23.34452 0 -62.54465
3 16 23.34452 0 -62.54465 25.26739 0 -62.32609 25.50086 0 -61.94453
4 16 19.04156 0 -63.97145 19.13349 0 -64.34016 20.42555 0 -63.95163 20.30184 0 -63.59233
4 16 20.40116 0 -69.42451 20.49309 0 -69.79322 21.29933 0 -69.59459 20.43379 0 -67.48019
3 16 20.40116 0 -69.42451 20.43379 0 -67.48019 19.13349 0 -64.34016
4 16 14.23467 0 -71.31928 17.50555 0 -70.5381 17.41362 0 -70.16939 14.16216 0 -70.94626
4 16 17.41362 0 -70.16939 14.69411 0 -67.4258 14.34286 0 -67.51338 14.16216 0 -70.94626
4 16 13.16232 0 -65.80254 14.16216 0 -70.94626 14.34286 0 -67.51338 13.92131 0 -65.24807
3 16 13.16232 0 -65.80254 13.92131 0 -65.24807 13.08981 0 -65.42952
