0 Tile  2 x  8 x 5/6 with Channel on Ends and Holes on Side (Needs Work)
0 Name: 2832.dat
0 Author: Tore Eriksson [Tore_Eriksson]
0 !LDRAW_ORG Unofficial_Part
0 !LICENSE Redistributable under CCAL version 2.0 : see CAreadme.txt

0 BFC CERTIFY CCW

0 !KEYWORDS Dacta, Typesetter, set 9550

0 // Needs Work: Complex Stud Holes on side simplified

1 16  0 0 0  80 0 0  0 1 0  0 0 20  rect.dat
1 16  80 1.5 0  0 -1 0  0 0 1.5  -20 0 0  rect3.dat
1 16  -80 1.5 0  0 1 0  0 0 1.5  -20 0 0  rect3.dat
1 16  79.5 3 0  0 0 -0.5  0 -1 0  20 0 0  rect3.dat
1 16  -79.5 3 0  0 0 0.5  0 -1 0  20 0 0  rect3.dat
1 16  76 9.5 0  0 1 0  0 0 5.5  16 0 0  rect3.dat
1 16  -76 9.5 0  0 -1 0  0 0 5.5  16 0 0  rect3.dat
1 16  77.5 15 0  0 0 1.5  0 -1 0  16 0 0  rect3.dat
1 16  -77.5 15 0  0 0 -1.5  0 -1 0  16 0 0  rect3.dat
4 16  79 3 20  79 3 -20  79 15 -16  79 15 16
4 16  -79 3 20  -79 15 16  -79 15 -16  -79 3 -20
4 16  -79 20 -16  -79 15 -16  -76 15 -16  -76 16 -16
4 16  79 20 -16  76 16 -16  76 15 -16  79 15 -16
4 16  80 0 20  80 3 20  -80 3 20  -80 0 20
4 16  80 0 -20  -80 0 -20  -80 3 -20  80 3 -20
1 16  0 20 18  79 0 0  0 -1 0  0 0 -2  rect3.dat
1 16  0 20 -18  79 0 0  0 -1 0  0 0 2  rect3.dat
2 24  -79 15 16  -79 20 16
2 24  79 15 16  79 20 16
2 24  -79 15 -16  -79 20 -16
2 24  79 15 -16  79 20 -16
4 16  79 3 20  79 15 16  79 20 16  79 20 20
4 16  -79 3 20  -79 20 20  -79 20 16  -79 15 16
4 16  79 3 -20  79 20 -20  79 20 -16  79 15 -16
4 16  -79 3 -20  -79 15 -16  -79 20 -16  -79 20 -20
1 16  0 11.5 20  79 0 0  0 0 8.5  0 -1 0  rect3.dat
2 24  -79 3 -20  -79 20 -20
2 24  79 3 -20  79 20 -20
2 24  -79 20 -20  79 20 -20
4 16  -76 4 16  -76 15 16  76 15 16  76 4 16
0 // stud hole (simplified)
1 16  -70 10 -20  7 0 0  0 0 7  0 1 0  4-4edge.dat
1 16  -70 10 -20  7 0 0  0 0 7  0 1 0  4-4ndis.dat
1 16  -70 10 -16  6 0 0  0 0 6  0 1 0  4-4edge.dat
1 16  -70 10 -16  6 0 0  0 0 6  0 -1 0  4-4ndis.dat
0 BFC INVERTNEXT
1 16  -70 10 -20  1 0 0  0 0 1  0 4 0  4-4con6.dat
0 // stud hole (simplified)
1 16  -50 10 -20  7 0 0  0 0 7  0 1 0  4-4edge.dat
1 16  -50 10 -20  7 0 0  0 0 7  0 1 0  4-4ndis.dat
1 16  -50 10 -16  6 0 0  0 0 6  0 1 0  4-4edge.dat
1 16  -50 10 -16  6 0 0  0 0 6  0 -1 0  4-4ndis.dat
0 BFC INVERTNEXT
1 16  -50 10 -20  1 0 0  0 0 1  0 4 0  4-4con6.dat
0 // stud hole (simplified)
1 16  -30 10 -20  7 0 0  0 0 7  0 1 0  4-4edge.dat
1 16  -30 10 -20  7 0 0  0 0 7  0 1 0  4-4ndis.dat
1 16  -30 10 -16  6 0 0  0 0 6  0 1 0  4-4edge.dat
1 16  -30 10 -16  6 0 0  0 0 6  0 -1 0  4-4ndis.dat
0 BFC INVERTNEXT
1 16  -30 10 -20  1 0 0  0 0 1  0 4 0  4-4con6.dat
0 // stud hole (simplified)
1 16  -10 10 -20  7 0 0  0 0 7  0 1 0  4-4edge.dat
1 16  -10 10 -20  7 0 0  0 0 7  0 1 0  4-4ndis.dat
1 16  -10 10 -16  6 0 0  0 0 6  0 1 0  4-4edge.dat
1 16  -10 10 -16  6 0 0  0 0 6  0 -1 0  4-4ndis.dat
0 BFC INVERTNEXT
1 16  -10 10 -20  1 0 0  0 0 1  0 4 0  4-4con6.dat
0 // stud hole (simplified)
1 16  10 10 -20  7 0 0  0 0 7  0 1 0  4-4edge.dat
1 16  10 10 -20  7 0 0  0 0 7  0 1 0  4-4ndis.dat
1 16  10 10 -16  6 0 0  0 0 6  0 1 0  4-4edge.dat
1 16  10 10 -16  6 0 0  0 0 6  0 -1 0  4-4ndis.dat
0 BFC INVERTNEXT
1 16  10 10 -20  1 0 0  0 0 1  0 4 0  4-4con6.dat
0 // stud hole (simplified)
1 16  30 10 -20  7 0 0  0 0 7  0 1 0  4-4edge.dat
1 16  30 10 -20  7 0 0  0 0 7  0 1 0  4-4ndis.dat
1 16  30 10 -16  6 0 0  0 0 6  0 1 0  4-4edge.dat
1 16  30 10 -16  6 0 0  0 0 6  0 -1 0  4-4ndis.dat
0 BFC INVERTNEXT
1 16  30 10 -20  1 0 0  0 0 1  0 4 0  4-4con6.dat
0 // stud hole (simplified)
1 16  50 10 -20  7 0 0  0 0 7  0 1 0  4-4edge.dat
1 16  50 10 -20  7 0 0  0 0 7  0 1 0  4-4ndis.dat
1 16  50 10 -16  6 0 0  0 0 6  0 1 0  4-4edge.dat
1 16  50 10 -16  6 0 0  0 0 6  0 -1 0  4-4ndis.dat
0 BFC INVERTNEXT
1 16  50 10 -20  1 0 0  0 0 1  0 4 0  4-4con6.dat
0 // stud hole (simplified)
1 16  70 10 -20  7 0 0  0 0 7  0 1 0  4-4edge.dat
1 16  70 10 -20  7 0 0  0 0 7  0 1 0  4-4ndis.dat
1 16  70 10 -16  6 0 0  0 0 6  0 1 0  4-4edge.dat
1 16  70 10 -16  6 0 0  0 0 6  0 -1 0  4-4ndis.dat
0 BFC INVERTNEXT
1 16  70 10 -20  1 0 0  0 0 1  0 4 0  4-4con6.dat
4 16  -63 3 -20  -63 17 -20  -57 17 -20  -57 3 -20
4 16  -64 4 -16  -56 4 -16  -56 16 -16  -64 16 -16
4 16  -43 3 -20  -43 17 -20  -37 17 -20  -37 3 -20
4 16  -44 4 -16  -36 4 -16  -36 16 -16  -44 16 -16
4 16  -23 3 -20  -23 17 -20  -17 17 -20  -17 3 -20
4 16  -24 4 -16  -16 4 -16  -16 16 -16  -24 16 -16
4 16  -3 3 -20  -3 17 -20  3 17 -20  3 3 -20
4 16  -4 4 -16  4 4 -16  4 16 -16  -4 16 -16
4 16  17 3 -20  17 17 -20  23 17 -20  23 3 -20
4 16  16 4 -16  24 4 -16  24 16 -16  16 16 -16
4 16  37 3 -20  37 17 -20  43 17 -20  43 3 -20
4 16  36 4 -16  44 4 -16  44 16 -16  36 16 -16
4 16  57 3 -20  57 17 -20  63 17 -20  63 3 -20
4 16  56 4 -16  64 4 -16  64 16 -16  56 16 -16
4 16  -79 3 -20  -79 20 -20  -77 17 -20  -77 3 -20
4 16  79 3 -20  77 3 -20  77 17 -20  79 20 -20
4 16  -79 20 -16  -76 16 -16  76 16 -16  79 20 -16
4 16  77 17 -20  -77 17 -20  -79 20 -20  79 20 -20
1 16  0 4 0  76 0 0  0 -1 0  0 0 16  rect.dat
1 16  -60 4 0  1 0 0  0 -3.9375 0  0 0 1  stud4.dat
1 16  -40 4 0  0 0 1  0 -3.9375 0  -1 0 0  stud4f2s.dat
1 16  -40 4 0  6 0 0  0 1 0  0 0 6  4-4edge.dat
1 16  -41.5 11.875 12  0 1 0  -7.875 0 0  0 0 4  rect3.dat
1 16  -41.5 11.875 -12  0 1 0  -7.875 0 0  0 0 -4  rect3.dat
1 16  -38.5 11.875 12  0 -1 0  -7.875 0 0  0 0 4  rect3.dat
1 16  -38.5 11.875 -12  0 -1 0  -7.875 0 0  0 0 -4  rect3.dat
4 16  -41.5 19.75 8  -41.5 19.75 16  -38.5 19.75 16  -38.5 19.75 8
4 16  -41.5 19.75 -8  -38.5 19.75 -8  -38.5 19.75 -16  -41.5 19.75 -16
2 24  -41.5 19.75 16  -38.5 19.75 16
2 24  -41.5 19.75 -16  -38.5 19.75 -16
1 16  -20 4 0  1 0 0  0 -3.9375 0  0 0 1  stud4.dat
1 16  0 4 0  0 0 1  0 -3.9375 0  -1 0 0  stud4f2s.dat
1 16  0 4 0  6 0 0  0 1 0  0 0 6  4-4edge.dat
1 16  -1.5 11.875 12  0 1 0  -7.875 0 0  0 0 4  rect3.dat
1 16  -1.5 11.875 -12  0 1 0  -7.875 0 0  0 0 -4  rect3.dat
1 16  1.5 11.875 12  0 -1 0  -7.875 0 0  0 0 4  rect3.dat
1 16  1.5 11.875 -12  0 -1 0  -7.875 0 0  0 0 -4  rect3.dat
4 16  -1.5 19.75 8  -1.5 19.75 16  1.5 19.75 16  1.5 19.75 8
4 16  -1.5 19.75 -8  1.5 19.75 -8  1.5 19.75 -16  -1.5 19.75 -16
2 24  -1.5 19.75 16  1.5 19.75 16
2 24  -1.5 19.75 -16  1.5 19.75 -16
1 16  20 4 0  1 0 0  0 -3.9375 0  0 0 1  stud4.dat
1 16  40 4 0  0 0 1  0 -3.9375 0  -1 0 0  stud4f2s.dat
1 16  40 4 0  6 0 0  0 1 0  0 0 6  4-4edge.dat
1 16  38.5 11.875 12  0 1 0  -7.875 0 0  0 0 4  rect3.dat
1 16  38.5 11.875 -12  0 1 0  -7.875 0 0  0 0 -4  rect3.dat
1 16  41.5 11.875 12  0 -1 0  -7.875 0 0  0 0 4  rect3.dat
1 16  41.5 11.875 -12  0 -1 0  -7.875 0 0  0 0 -4  rect3.dat
4 16  38.5 19.75 8  38.5 19.75 16  41.5 19.75 16  41.5 19.75 8
4 16  38.5 19.75 -8  41.5 19.75 -8  41.5 19.75 -16  38.5 19.75 -16
2 24  38.5 19.75 16  41.5 19.75 16
2 24  38.5 19.75 -16  41.5 19.75 -16
1 16  60 4 0  1 0 0  0 -3.9375 0  0 0 1  stud4.dat
4 16  -79 15 16  -79 20 16  79 20 16  79 15 16
0
