0 Tile  1 x  8 x 5/6 with Channel on Ends
0 Name: 2833.dat
0 Author: Tore Eriksson [Tore_Eriksson]
0 !LDRAW_ORG Unofficial_Part
0 !LICENSE Redistributable under CCAL version 2.0 : see CAreadme.txt

0 BFC CERTIFY CCW

0 !KEYWORDS Dacta, Typesetter, set 9550

1 16  0 0 0  80 0 0  0 1 0  0 0 10  rect.dat
1 16  80 1.5 0  0 -1 0  0 0 1.5  -10 0 0  rect3.dat
 1 16  -80 1.5 0  0 1 0  0 0 1.5  -10 0 0  rect3.dat
1 16  79.5 3 0  0 0 -0.5  0 -1 0  10 0 0  rect3.dat
 1 16  -79.5 3 0  0 0 0.5  0 -1 0  10 0 0  rect3.dat
1 16  76 9.5 0  0 1 0  0 0 5.5  6 0 0  rect3.dat
 1 16  -76 9.5 0  0 -1 0  0 0 5.5  6 0 0  rect3.dat
1 16  77.5 15 0  0 0 1.5  0 -1 0  6 0 0  rect3.dat
 1 16  -77.5 15 0  0 0 -1.5  0 -1 0  6 0 0  rect3.dat
4 16  79 3 10  79 3 -10  79 15 -6  79 15 6
 4 16  -79 3 10  -79 15 6  -79 15 -6  -79 3 -10
4 16  80 0 10  80 3 10  -80 3 10  -80 0 10
 4 16  80 0 -10  -80 0 -10  -80 3 -10  80 3 -10
1 16  0 11.5 10  79 0 0  0 0 8.5  0 -1 0  rect3.dat
 1 16  0 11.5 -10  79 0 0  0 0 8.5  0 1 0  rect3.dat
1 16  0 20 8  79 0 0  0 -1 0  0 0 -2  rect3.dat
 1 16  0 20 -8  79 0 0  0 -1 0  0 0 2  rect3.dat
4 16  -76 4 6  -76 15 6  76 15 6  76 4 6
 4 16  -76 4 -6  76 4 -6  76 15 -6  -76 15 -6
4 16  -79 15 6  -79 20 6  79 20 6  79 15 6
 4 16  -79 15 -6  79 15 -6  79 20 -6  -79 20 -6
2 24  -79 15 6  -79 20 6
 2 24  79 15 6  79 20 6
 2 24  -79 15 -6  -79 20 -6
 2 24  79 15 -6  79 20 -6
4 16  79 3 10  79 15 6  79 20 6  79 20 10
 4 16  -79 3 10  -79 20 10  -79 20 6  -79 15 6
 4 16  79 3 -10  79 20 -10  79 20 -6  79 15 -6
 4 16  -79 3 -10  -79 15 -6  -79 20 -6  -79 20 -10
1 16  0 4 0  76 0 0  0 -1 0  0 0 6  rect.dat
1 16  -40 4 0  1 0 0  0 -4 0  0 0 1  stud3.dat
1 16  0 4 0  1 0 0  0 -4 0  0 0 1  stud3.dat
1 16  40 4 0  1 0 0  0 -4 0  0 0 1  stud3.dat
0
