0 Electric  9V Battery Box  4 x 14 x  4 Cover
0 Name: 2846.dat
0 Author: Marc Klein [marckl]
0 !LDRAW_ORG Unofficial_Part
0 !LICENSE Redistributable under CCAL version 2.0 : see CAreadme.txt

0 BFC CERTIFY CCW

0 !HISTORY 2000-09-30 [PTadmin] Official Update 2000-02
0 !HISTORY 2007-05-20 [PTadmin] Header formatted for Contributor Agreement
0 !HISTORY 2008-07-01 [PTadmin] Official Update 2008-01
0 !HISTORY 2017-08-06 [MagFors] Modified with WINDZ for BFC compliance
0 !HISTORY 2017-08-06 [MagFors] used primitives
0 !HISTORY 2019-09-03 [cwdee] Added bevels around buttons; improved latch

0 // Sides
1 16 0 38 0 -40 0 0 0 -83 0 0 0 140 box4o4a.dat
4 16 -40 38 -140 -40 38 140 -37 38 137 -37 38 -137
4 16 -37 38 137 -40 38 140 40 38 140 37 38 137
4 16 37 38 137 40 38 140 40 38 -140 37 38 -137
4 16 37 38 -137 40 38 -140 -40 38 -140 -37 38 -137
0 BFC INVERTNEXT
1 16 0 -45 0 37 0 0 0 83 0 0 0 137 box4.dat
0 // 2 x 2 hole
0 BFC INVERTNEXT
1 16 0 -47 100 20 0 0 0 2 0 0 0 20 box4.dat
0 BFC INVERTNEXT
1 16 0 -47.5 80 0 0 22 0.5 0 0 0 42 0 box3u2p.dat
0 // Holes for buttons
0 // +x button hole
1 16 9 -48 49 -4 0 0 0 1 0 0 0 -4 1-4ndis.dat
1 16 31 -48 49 4 0 0 0 1 0 0 0 -4 1-4ndis.dat
1 16 31 -48 71 4 0 0 0 1 0 0 0 4 1-4ndis.dat
1 16 9 -48 71 -4 0 0 0 1 0 0 0 4 1-4ndis.dat

2 24 5 -48 71 5 -48 49
1 16 9 -48 49 -4 0 0 0 1 0 0 0 -4 1-4edge.dat
2 24 9 -48 45 31 -48 45
1 16 31 -48 49 4 0 0 0 1 0 0 0 -4 1-4edge.dat
2 24 35 -48 49 35 -48 71
1 16 31 -48 71 4 0 0 0 1 0 0 0 4 1-4edge.dat
2 24 9 -48 75 31 -48 75
1 16 9 -48 71 -4 0 0 0 1 0 0 0 4 1-4edge.dat

2 24 7 -46 71 7 -46 49
2 24 9 -46 47 31 -46 47
2 24 33 -46 49 33 -46 71
2 24 9 -46 73 31 -46 73

4 16 5 -48 71 5 -48 49 7 -46 49 7 -46 71
0 BFC INVERTNEXT
1 16 9 -48 49 -2 0 0 0 2 0 0 0 -2 1-4con1.dat
4 16 9 -48 45 31 -48 45 31 -46 47 9 -46 47
0 BFC INVERTNEXT
1 16 31 -48 49 2 0 0 0 2 0 0 0 -2 1-4con1.dat
4 16 35 -48 49 35 -48 71 33 -46 71 33 -46 49
0 BFC INVERTNEXT
1 16 31 -48 71 2 0 0 0 2 0 0 0 2 1-4con1.dat
4 16 31 -48 75 9 -48 75 9 -46 73 31 -46 73
0 BFC INVERTNEXT
1 16 9 -48 71 -2 0 0 0 2 0 0 0 2 1-4con1.dat

4 16 7 -46 71 7 -46 49 7 -44 49 7 -44 71
0 BFC INVERTNEXT
1 16 9 -46 49 -2 0 0 0 2 0 0 0 -2 1-4cylo.dat
4 16 9 -46 47 31 -46 47 31 -44 47 9 -44 47
0 BFC INVERTNEXT
1 16 31 -46 49 2 0 0 0 2 0 0 0 -2 1-4cylo.dat
4 16 33 -46 49 33 -46 71 33 -44 71 33 -44 49
0 BFC INVERTNEXT
1 16 31 -46 71 2 0 0 0 2 0 0 0 2 1-4cylo.dat
4 16 9 -44 73 31 -44 73 31 -46 73 9 -46 73
0 BFC INVERTNEXT
1 16 9 -46 71 -2 0 0 0 2 0 0 0 2 1-4cylo.dat

2 24 7 -44 71 7 -44 49
2 24 9 -44 47 31 -44 47
2 24 33 -44 49 33 -44 71
2 24 9 -44 73 31 -44 73

1 16 9 -44 49 -2 0 0 0 -1 0 0 0 -2 1-4ndis.dat
1 16 31 -44 49 2 0 0 0 -1 0 0 0 -2 1-4ndis.dat
1 16 31 -44 71 2 0 0 0 -1 0 0 0 2 1-4ndis.dat
1 16 9 -44 71 -2 0 0 0 -1 0 0 0 2 1-4ndis.dat

4 16 5 -44 75 7 -44 73 7 -44 47 5 -44 45
4 16 5 -44 45 7 -44 47 33 -44 47 35 -44 45
4 16 35 -44 45 33 -44 47 33 -44 73 35 -44 75
4 16 35 -44 75 33 -44 73 7 -44 73 5 -44 75
1 16 20 -45 60 15 0 0 0 1 0 0 0 15 box4.dat
0 // -x button hole
1 16 -9 -48 49 4 0 0 0 1 0 0 0 -4 1-4ndis.dat
1 16 -31 -48 49 -4 0 0 0 1 0 0 0 -4 1-4ndis.dat
1 16 -31 -48 71 -4 0 0 0 1 0 0 0 4 1-4ndis.dat
1 16 -9 -48 71 4 0 0 0 1 0 0 0 4 1-4ndis.dat

2 24 -5 -48 71 -5 -48 49
1 16 -9 -48 49 4 0 0 0 1 0 0 0 -4 1-4edge.dat
2 24 -9 -48 45 -31 -48 45
1 16 -31 -48 49 -4 0 0 0 1 0 0 0 -4 1-4edge.dat
2 24 -35 -48 49 -35 -48 71
1 16 -31 -48 71 -4 0 0 0 1 0 0 0 4 1-4edge.dat
2 24 -9 -48 75 -31 -48 75
1 16 -9 -48 71 4 0 0 0 1 0 0 0 4 1-4edge.dat

2 24 -7 -46 71 -7 -46 49
2 24 -9 -46 47 -31 -46 47
2 24 -33 -46 49 -33 -46 71
2 24 -9 -46 73 -31 -46 73

4 16 -7 -46 71 -7 -46 49 -5 -48 49 -5 -48 71
0 BFC INVERTNEXT
1 16 -9 -48 49 2 0 0 0 2 0 0 0 -2 1-4con1.dat
4 16 -9 -46 47 -31 -46 47 -31 -48 45 -9 -48 45
0 BFC INVERTNEXT
1 16 -31 -48 49 -2 0 0 0 2 0 0 0 -2 1-4con1.dat
4 16 -33 -46 49 -33 -46 71 -35 -48 71 -35 -48 49
0 BFC INVERTNEXT
1 16 -31 -48 71 -2 0 0 0 2 0 0 0 2 1-4con1.dat
4 16 -31 -46 73 -9 -46 73 -9 -48 75 -31 -48 75
0 BFC INVERTNEXT
1 16 -9 -48 71 2 0 0 0 2 0 0 0 2 1-4con1.dat

4 16 -7 -44 71 -7 -44 49 -7 -46 49 -7 -46 71
0 BFC INVERTNEXT
1 16 -9 -46 49 2 0 0 0 2 0 0 0 -2 1-4cylo.dat
4 16 -9 -44 47 -31 -44 47 -31 -46 47 -9 -46 47
0 BFC INVERTNEXT
1 16 -31 -46 49 -2 0 0 0 2 0 0 0 -2 1-4cylo.dat
4 16 -33 -44 49 -33 -44 71 -33 -46 71 -33 -46 49
0 BFC INVERTNEXT
1 16 -31 -46 71 -2 0 0 0 2 0 0 0 2 1-4cylo.dat
4 16 -9 -46 73 -31 -46 73 -31 -44 73 -9 -44 73
0 BFC INVERTNEXT
1 16 -9 -46 71 2 0 0 0 2 0 0 0 2 1-4cylo.dat

2 24 -7 -44 71 -7 -44 49
2 24 -9 -44 47 -31 -44 47
2 24 -33 -44 49 -33 -44 71
2 24 -9 -44 73 -31 -44 73

1 16 -9 -44 49 2 0 0 0 -1 0 0 0 -2 1-4ndis.dat
1 16 -31 -44 49 -2 0 0 0 -1 0 0 0 -2 1-4ndis.dat
1 16 -31 -44 71 -2 0 0 0 -1 0 0 0 2 1-4ndis.dat
1 16 -9 -44 71 2 0 0 0 -1 0 0 0 2 1-4ndis.dat

4 16 -5 -44 45 -7 -44 47 -7 -44 73 -5 -44 75
4 16 -35 -44 45 -33 -44 47 -7 -44 47 -5 -44 45
4 16 -35 -44 75 -33 -44 73 -33 -44 47 -35 -44 45
4 16 -5 -44 75 -7 -44 73 -33 -44 73 -35 -44 75
1 16 -20 -45 60 -15 0 0 0 1 0 0 0 15 box4.dat
0 // Spring clip
2 24 12 -48 2 1.5 -48 2
2 24 1.5 -48 2 1.5 -48 3.5
2 24 1.5 -48 3.5 -1.5 -48 3.5
2 24 -1.5 -48 3.5 -1.5 -48 2
2 24 -1.5 -48 2 -12 -48 2
2 24 12 -48 0 -12 -48 0
2 24 -12 -48 0 -12 -48 2
2 24 12 -48 0 12 -48 2

2 24 12 -48 0 12 -45 0
2 24 12 -45 0 11 -32 0
5 24 12 -45 0 11.5 -45 2 12 -48 0 11 -32 0
2 24 12 -48 2 12 -45 2
2 24 12 -45 2 11 -32 2
2 24 1.5 -48 2 1.5 -32 2
2 24 1.5 -48 3.5 1.5 -32 3.5
2 24 -1.5 -48 3.5 -1.5 -32 3.5
2 24 -1.5 -48 2 -1.5 -32 2
2 24 -12 -48 2 -12 -45 2
2 24 -12 -45 2 -11 -32 2
5 24 -12 -45 0 -12 -45 2 -12 -48 0 -11 -32 0
2 24 -12 -48 0 -12 -45 0
2 24 -12 -45 0 -11 -32 0

2 24 4 -32 2 1.5 -32 2
2 24 1.5 -32 2 1.5 -32 3.5
2 24 1.5 -32 3.5 -1.5 -32 3.5
2 24 -1.5 -32 3.5 -1.5 -32 2
2 24 -1.5 -32 2 -4 -32 2
2 24 4 -32 0 -4 -32 0
2 24 -4 -32 0 -4 -32 2
2 24 4 -32 0 4 -32 2
4 16 4 -32 0 -4 -32 0 -1.5 -32 2 1.5 -32 2
4 16 1.5 -32 2 -1.5 -32 2 -1.5 -32 3.5 1.5 -32 3.5
3 16 -4 -32 0 -4 -32 2 -1.5 -32 2
3 16 4 -32 0 1.5 -32 2 4 -32 2

1 16 11 -32 5 0 1 0 0 0 5 5 0 0 2-4edge.dat
1 16 11 -32 5 0 1 0 0 0 3 3 0 0 2-4edge.dat
1 16 11 -32 5 0 -1 0 0 0 1 1 0 0 2-4ring3.dat
1 16 11 -32 5 0 -1 0 0 0 1 1 0 0 2-4ring4.dat
1 16 4 -32 5 0 1 0 0 0 5 5 0 0 2-4edge.dat
1 16 4 -32 5 0 1 0 0 0 3 3 0 0 2-4edge.dat
1 16 4 -32 5 0 1 0 0 0 1 1 0 0 2-4ring3.dat
1 16 4 -32 5 0 1 0 0 0 1 1 0 0 2-4ring4.dat
1 16 -4 -32 5 0 1 0 0 0 5 5 0 0 2-4edge.dat
1 16 -4 -32 5 0 1 0 0 0 3 3 0 0 2-4edge.dat
1 16 -4 -32 5 0 -1 0 0 0 1 1 0 0 2-4ring3.dat
1 16 -4 -32 5 0 -1 0 0 0 1 1 0 0 2-4ring4.dat
1 16 -11 -32 5 0 1 0 0 0 5 5 0 0 2-4edge.dat
1 16 -11 -32 5 0 1 0 0 0 3 3 0 0 2-4edge.dat
1 16 -11 -32 5 0 1 0 0 0 1 1 0 0 2-4ring3.dat
1 16 -11 -32 5 0 1 0 0 0 1 1 0 0 2-4ring4.dat

1 16 0 -32 9 4 0 0 0 -1 0 0 0 1 rect.dat
4 16 12 -48 0 1.5 -48 2 -1.5 -48 2 -12 -48 0
4 16 -1.5 -48 2 1.5 -48 2 1.5 -48 3.5 -1.5 -48 3.5
3 16 12 -48 0 12 -48 2 1.5 -48 2
3 16 -1.5 -48 2 -12 -48 2 -12 -48 0

2 24 11 -32 10 12 -45 10
2 24 12 -46 10 12 -48 10
5 24 12 -45 10 12 -45 8 11 -32 10 12 -48 10
2 24 11 -32 8 12 -45 8
2 24 12 -45 8 12 -48 8
2 24 -11 -32 10 -12 -45 10
2 24 -12 -46 10 -12 -48 10
5 24 -12 -45 10 -12 -45 8 -11 -32 10 -12 -48 10
2 24 -11 -32 8 -12 -45 8
2 24 -12 -45 8 -12 -48 8

4 16 -12 -48 8 -12 -45 8 12 -45 8 12 -48 8
4 16 -12 -45 8 -4 -32 8 4 -32 8 12 -45 8
3 16 4 -32 8 11 -32 8 12 -45 8
3 16 -11 -32 8 -4 -32 8 -12 -45 8
0 BFC INVERTNEXT
1 16 11 -32 5 0 -7 0 0 0 3 3 0 0 2-4cyli.dat
0 BFC INVERTNEXT
1 16 -11 -32 5 0 7 0 0 0 3 3 0 0 2-4cyli.dat
3 16 1.5 -32 2 1.5 -48 2 12 -48 2
4 16 12 -45 2 4 -32 2 1.5 -32 2 12 -48 2
3 16 11 -32 2 4 -32 2 12 -45 2
3 16 -12 -48 2 -1.5 -48 2 -1.5 -32 2
4 16 -12 -48 2 -1.5 -32 2 -4 -32 2 -12 -45 2
3 16 -12 -45 2 -4 -32 2 -11 -32 2
4 16 -1.5 -48 2 -1.5 -48 3.5 -1.5 -32 3.5 -1.5 -32 2
4 16 1.5 -48 3.5 1.5 -32 3.5 -1.5 -32 3.5 -1.5 -48 3.5
4 16 1.5 -32 2 1.5 -32 3.5 1.5 -48 3.5 1.5 -48 2

1 16 0 -45.5 10 12 0 0 0 0 0.5 0 1 0 box5-4a.dat
4 16 12 -48 10 12 -46 10 -12 -46 10 -12 -48 10
1 16 0 -48 9 12 0 0 0 1 0 0 0 1 rect.dat
4 16 12 -45 10 4 -32 10 -4 -32 10 -12 -45 10
3 16 12 -45 10 11 -32 10 4 -32 10
3 16 -12 -45 10 -4 -32 10 -11 -32 10
1 16 11 -32 5 0 -7 0 0 0 5 5 0 0 2-4cyli.dat
1 16 -11 -32 5 0 7 0 0 0 5 5 0 0 2-4cyli.dat
4 16 12 -48 0 -12 -48 0 -12 -47 0 12 -47 0
4 16 12 -45 0 -12 -45 0 -4 -32 0 4 -32 0
3 16 12 -45 0 4 -32 0 11 -32 0
3 16 -11 -32 0 -4 -32 0 -12 -45 0
1 16 -1 -45 0 0 2 0 6 0 0 0 0 -6 tri3u1.dat

4 16 -12 -48 0 -12 -48 2 -12 -45 2 -12 -45 0
4 16 -12 -45 0 -12 -45 2 -11 -32 2 -11 -32 0
4 16 -12 -48 8 -12 -48 10 -12 -46 10 -12 -45 8
3 16 -12 -45 10 -12 -45 8 -12 -46 10
4 16 -12 -45 8 -12 -45 10 -11 -32 10 -11 -32 8
4 16 12 -45 0 12 -45 2 12 -48 2 12 -48 0
4 16 11 -32 0 11 -32 2 12 -45 2 12 -45 0
4 16 12 -45 8 12 -46 10 12 -48 10 12 -48 8
3 16 12 -46 10 12 -45 8 12 -45 10
4 16 11 -32 8 11 -32 10 12 -45 10 12 -45 8

2 24 -12 -47 0 12 -47 0
2 24 12 -46 10 -12 -46 10
2 24 -12 -45 10 12 -45 10 
0 // Re-inforcing fillets 
1 16 -37 -45 34 8 0 0 0 0 8 0 2 0 tri3u1.dat
1 16 -37 -45 -20 8 0 0 0 0 8 0 2 0 tri3u1.dat
1 16 -37 -45 -80 8 0 0 0 0 8 0 2 0 tri3u1.dat
1 16 37 -45 34 -8 0 0 0 0 8 0 2 0 tri3u1.dat
1 16 37 -45 -20 -8 0 0 0 0 8 0 2 0 tri3u1.dat
1 16 37 -45 -80 -8 0 0 0 0 8 0 2 0 tri3u1.dat

1 16 0 -48 50 37 0 0 0 1 0 0 0 28 recte4.dat
1 16 37.5 -47.5 79 0 0 0.5 0 1 0.5 -1 0 0 recte3.dat
1 16 37.5 -47.5 21 0 0 0.5 0 1 0.5 -1 0 0 recte3.dat
1 16 -37.5 -47.5 79 0 0 -0.5 0 1 0.5 -1 0 0 recte3.dat
1 16 -37.5 -47.5 21 0 0 -0.5 0 1 0.5 -1 0 0 recte3.dat

0 BFC INVERTNEXT
1 16 0 -47.5 20 0 0 -22 0.5 0 0 0 -22 0 box3u2p.dat
0 BFC INVERTNEXT
1 16 0 -46 0 0 0 20 1 0 0 0 20 0 box3u2p.dat
1 16 16 -46 0 0 0 -4 1 0 0 0 -1 0 rect3.dat
1 16 -16 -46 0 0 0 4 -1 0 0 0 -1 0 rect3.dat

4 16 -22 -47 122 -22 -47 80 -20 -47 80 -20 -47 120
3 16 -20 -47 80 -22 -47 80 -38 -47 78
4 16 -20 -47 80 -38 -47 78 38 -47 78 20 -47 80
2 24 -38 -47 78 38 -47 78
3 16 20 -47 80 38 -47 78 22 -47 80
3 16 22 -47 80 38 -47 78 38 -47 80
2 24 38 -47 80 22 -47 80
4 16 20 -47 80 22 -47 80 22 -47 122 20 -47 120
4 16 20 -47 120 22 -47 122 -22 -47 122 -20 -47 120
3 16 -22 -47 80 -38 -47 80 -38 -47 78
2 24 -22 -47 80 -38 -47 80

4 16 22 -47 -2 22 -47 20 20 -47 20 20 -47 0
3 16 20 -47 20 22 -47 20 38 -47 22
4 16 20 -47 20 38 -47 22 -38 -47 22 -20 -47 20
2 24 38 -47 22 -38 -47 22
3 16 -20 -47 20 -38 -47 22 -22 -47 20
3 16 -22 -47 20 -38 -47 22 -38 -47 20
2 24 -38 -47 20 -22 -47 20
4 16 -20 -47 20 -22 -47 20 -22 -47 -2 -20 -47 0
3 16 20 -47 0 12 -47 0 22 -47 -2
4 16 -22 -47 -2 22 -47 -2 12 -47 0 -12 -47 0
3 16 -12 -47 0 -20 -47 0 -22 -47 -2
3 16 22 -47 20 38 -47 20 38 -47 22
2 24 22 -47 20 38 -47 20

3 16 -38 -47 22 -38 -47 78 -40 -45 140
4 16 -38 -47 22 -40 -45 140 -40 -45 -140 -38 -47 20
3 16 -40 -45 140 -38 -47 78 -38 -47 80
2 24 -40 -45 -140 -40 -45 140
4 16 -40 -45 140 -38 -47 80 -37 -48 80 -37 -48 140
2 24 -37 -48 140 -37 -48 80
2 24 -40 -45 140 -37 -48 140
4 16 -40 -45 -140 -37 -48 -140 -37 -48 20 -38 -47 20
2 24 -37 -48 -140 -40 -45 -140
2 24 -37 -48 20 -37 -48 -140
4 16 -38 -47 78 -38 -47 22 -37 -48 22 -37 -48 78

4 16 37 -48 22 38 -47 22 38 -47 78 37 -48 78
4 16 40 -45 -140 40 -45 140 38 -47 22 38 -47 20
3 16 40 -45 140 38 -47 78 38 -47 22
3 16 40 -45 140 38 -47 80 38 -47 78
2 24 40 -45 140 40 -45 -140
4 16 38 -47 80 40 -45 140 37 -48 140 37 -48 80
2 24 37 -48 140 40 -45 140
2 24 37 -48 80 37 -48 140
4 16 37 -48 20 37 -48 -140 40 -45 -140 38 -47 20
2 24 37 -48 -140 37 -48 20
2 24 40 -45 -140 37 -48 -140

4 16 20 -45 80 20 -45 120 37 -45 137 35 -45 75
4 16 35 -45 75 37 -45 137 37 -45 -137 35 -45 45
3 16 20 -45 0 37 -45 -137 12 -45 0
4 16 5 -45 75 5 -45 45 -5 -45 45 -5 -45 75
4 16 -20 -45 20 -5 -45 45 5 -45 45 20 -45 20
3 16 -20 -45 20 -35 -45 45 -5 -45 45
4 16 -35 -45 45 -20 -45 20 -20 -45 0 -37 -45 -137
3 16 -37 -45 -137 -20 -45 0 -12 -45 0
4 16 -37 -45 -137 -12 -45 0 12 -45 0 37 -45 -137
2 24 -12 -45 0 12 -45 0
3 16 35 -45 75 5 -45 75 20 -45 80
3 16 -5 -45 75 -35 -45 75 -20 -45 80
4 16 5 -45 75 -5 -45 75 -20 -45 80 20 -45 80
4 16 -20 -45 80 -35 -45 75 -37 -45 137 -20 -45 120
4 16 -20 -45 120 -37 -45 137 37 -45 137 20 -45 120
4 16 -35 -45 75 -35 -45 45 -37 -45 -137 -37 -45 137
3 16 35 -45 45 20 -45 20 5 -45 45
4 16 37 -45 -137 20 -45 0 20 -45 20 35 -45 45

4 16 -37 -48 -140 -22 -48 -2 -22 -48 20 -37 -48 20
2 24 -22 -48 20 -37 -48 20
4 16 37 -48 -140 22 -48 -2 -22 -48 -2 -37 -48 -140
4 16 22 -48 20 22 -48 -2 37 -48 -140 37 -48 20
2 24 37 -48 -140 -37 -48 -140
2 24 37 -48 20 22 -48 20

4 16 40 -45 140 -40 -45 140 -37 -48 140 37 -48 140
2 24 37 -48 140 -37 -48 140
4 16 -37 -48 -140 -40 -45 -140 40 -45 -140 37 -48 -140

4 16 22 -48 80 37 -48 80 37 -48 140 22 -48 122
2 24 22 -48 80 37 -48 80
4 16 22 -48 122 37 -48 140 -37 -48 140 -22 -48 122
4 16 -22 -48 122 -37 -48 140 -37 -48 80 -22 -48 80
2 24 -37 -48 80 -22 -48 80

4 16 5 -48 45 5 -48 75 -5 -48 75 -5 -48 45
4 16 -37 -48 78 -5 -48 75 5 -48 75 37 -48 78
3 16 -37 -48 78 -35 -48 75 -5 -48 75
4 16 -35 -48 75 -37 -48 78 -37 -48 22 -35 -48 45
3 16 -5 -48 45 -35 -48 45 -37 -48 22
4 16 -37 -48 22 37 -48 22 5 -48 45 -5 -48 45
3 16 5 -48 45 37 -48 22 35 -48 45
4 16 37 -48 22 37 -48 78 35 -48 75 35 -48 45
3 16 35 -48 75 37 -48 78 5 -48 75

4 16 -22 -48 20 -22 -47 20 -38 -47 20 -37 -48 20
4 16 -38 -47 22 38 -47 22 37 -48 22 -37 -48 22
4 16 38 -47 20 22 -47 20 22 -48 20 37 -48 20

4 16 22 -48 80 22 -47 80 38 -47 80 37 -48 80
4 16 38 -47 78 -38 -47 78 -37 -48 78 37 -48 78
4 16 -38 -47 80 -22 -47 80 -22 -48 80 -37 -48 80

1 16 30 -48 -60 0 0 1 0 1 0 -1 0 0 stug-1x8.dat
1 16 10 -48 -70 0 0 1 0 1 0 -1 0 0 stug-1x7.dat
1 16 -10 -48 -70 0 0 1 0 1 0 -1 0 0 stug-1x7.dat
1 16 -30 -48 -60 0 0 1 0 1 0 -1 0 0 stug-1x8.dat
1 16 30 -48 110 0 0 1 0 1 0 -1 0 0 stug-1x3.dat
1 16 -30 -48 110 0 0 1 0 1 0 -1 0 0 stug-1x3.dat
1 16 0 -48 130 0 0 1 0 1 0 -1 0 0 stug-2x1.dat
