0 Train Base  6 x 16 Type 2
0 Name: 285.dat
0 Author: Niels Karsdorp [nielsk]
0 !LDRAW_ORG Unofficial_Part
0 !LICENSE Redistributable under CCAL version 2.0 : see CAreadme.txt

0 BFC CERTIFY CW

0 !KEYWORDS Motor Cutout, Bricklink 4178a (with magnets), Set 133, Set 171, Set 180
0 !KEYWORDS Set 181, Set 723-2, Set 724, Set 725-2, Set 726


0 !HISTORY 2011-07-25 [PTadmin] Official Update 2011-01
0 !HISTORY 2019-09-06 [anathema] Corrected height of magnet supports
0 !HISTORY 2020-02-02 [UR] Corrected cable hole section, added Keywords


0 // Motor cutout

1 16 0 4 40 80 0 0 0 0 4 0 1 0 rect.dat
1 16 0 4 -40 80 0 0 0 0 4 0 -1 0 rect.dat
1 16 90 4 20 10 0 0 0 0 4 0 1 0 rect.dat
1 16 -90 4 20 10 0 0 0 0 4 0 1 0 rect.dat
1 16 90 4 -20 10 0 0 0 0 4 0 -1 0 rect.dat
1 16 -90 4 -20 10 0 0 0 0 4 0 -1 0 rect.dat
1 16 100 4 0 0 1 0 0 0 4 -20 0 0 rect2p.dat
1 16 80 4 30 0 1 0 0 0 4 -10 0 0 rect2p.dat
1 16 80 4 -30 0 1 0 0 0 4 -10 0 0 rect2p.dat
1 16 -100 4 0 0 -1 0 0 0 -4 -20 0 0 rect2p.dat
1 16 -80 4 30 0 -1 0 0 0 -4 -10 0 0 rect2p.dat
1 16 -80 4 -30 0 -1 0 0 0 -4 -10 0 0 rect2p.dat

1 16 0 6 44 84 0 0 0 0 2 0 -1 0 rect.dat
1 16 0 6 -44 84 0 0 0 0 2 0 1 0 rect.dat
1 16 94 6 24 10 0 0 0 0 2 0 -1 0 rect.dat
1 16 -94 6 24 10 0 0 0 0 2 0 -1 0 rect.dat
1 16 94 6 -24 10 0 0 0 0 2 0 1 0 rect.dat
1 16 -94 6 -24 10 0 0 0 0 2 0 1 0 rect.dat
1 16 104 6 0 0 -1 0 0 0 -2 -24 0 0 rect2p.dat
1 16 84 6 34 0 -1 0 0 0 -2 -10 0 0 rect2p.dat
1 16 84 6 -34 0 -1 0 0 0 -2 -10 0 0 rect2p.dat
1 16 -104 6 0 0 1 0 0 0 2 -24 0 0 rect2p.dat
1 16 -84 6 34 0 1 0 0 0 2 -10 0 0 rect2p.dat
1 16 -84 6 -34 0 1 0 0 0 2 -10 0 0 rect2p.dat

4 16 100 8 20 100 8 -20 104 8 -24 104 8 24
4 16 104 8 24 84 8 24 80 8 20 100 8 20
4 16 84 8 24 84 8 44 80 8 40 80 8 20
4 16 84 8 44 -84 8 44 -80 8 40 80 8 40
4 16 -80 8 20 -80 8 40 -84 8 44 -84 8 24
4 16 -100 8 20 -80 8 20 -84 8 24 -104 8 24

4 16 -104 8 24 -104 8 -24 -100 8 -20 -100 8 20
4 16 -104 8 -24 -84 8 -24 -80 8 -20 -100 8 -20
4 16 -84 8 -24 -84 8 -44 -80 8 -40 -80 8 -20
4 16 -84 8 -44 84 8 -44 80 8 -40 -80 8 -40
4 16 80 8 -20 80 8 -40 84 8 -44 84 8 -24
4 16 100 8 -20 80 8 -20 84 8 -24 104 8 -24

0 // Cable holes

1 16 -152.202694 2 -4 -7.797306 0 0 0 0 2 0 1 0 rect1.dat
1 16 -152.202695 2 4 -7.797305 0 0 0 0 -2 0 -1 0 rect1.dat
1 16 -144.323994 2 -4.1213 -.081394 1 0 0 0 2 .1213 0 0 rect1.dat
1 16 -144.323995 2 4.1213 -.081395 1 0 0 0 -2 -.1213 0 0 rect1.dat
1 16 152.202694 2 4 0 0 7.797306 -2 0 0 0 -1 0 rect.dat
1 16 152.202695 2 -4 7.797305 0 0 0 0 -2 0 1 0 rect.dat
1 16 140 0 0 4.243 0 -4.243 0 1 0 4.243 0 4.243 3-4edge.dat
1 16 -140 0 0 -4.243 0 4.243 0 1 0 -4.243 0 -4.243 3-4edge.dat
0 BFC INVERTNEXT
1 16 -140 0 0 -4.243 0 4.243 0 4 0 -4.243 0 -4.243 3-4cyli.dat
0 BFC INVERTNEXT
1 16 140 0 0 4.243 0 -4.243 0 4 0 4.243 0 4.243 3-4cyli.dat
1 16 140 4 0 4.243 0 4.243 0 1 0 -4.243 0 4.243 1-4ndis.dat
1 16 -140 4 0 -4.243 0 -4.243 0 1 0 4.243 0 -4.243 1-4ndis.dat
3 16 160 4 -4 144.243 4 -4.243 148.486 4 0
3 16 -148.486 4 0 -144.2426 4 -4.2426 -160 4 -4
4 16 144.2426 0 4.2426 144.405388 0 4 144.405388 4 4 144.2426 4 4.2426
4 16 144.2426 0 -4.2426 144.2426 4 -4.2426 144.40539 4 -4 144.40539 0 -4
4 16 160 4 4 160 4 -4 148.486 4 0 144.243 4 4.243
4 16 -144.2426 4 4.2426 -148.486 4 0 -160 4 -4 -160 4 4

2 24 160 4 4 160 4 -4
2 24 -160 4 4 -160 4 -4
2 24 -144.2426 4 4.2426 -160 4 4
2 24 -160 0 4 -144.472 0 4
2 24 -144.2426 4 -4.2426 -160 4 -4
2 24 -160 0 -4 -144.472 0 -4
2 24 144.405388 4 4 145.5439 4 2.29631
2 24 145.5439 4 2.29631 146.00045 4 0
2 24 146.00045 4 0 145.5439 4 -2.29631
2 24 145.5439 4 -2.29631 144.40539 4 -4
2 24 -144.2426 4 -4.2426 -145.5439 4 -2.29631
2 24 -145.5439 4 -2.29631 -146.00045 4 0
2 24 -146.00045 4 0 -145.5439 4 2.29631
2 24 -145.5439 4 2.29631 -144.2426 4 4.2426
2 24 144.243 0 4.243 144.405388 0 4
2 24 144.40539 0 -4 144.243 0 -4.243
2 24 -144.472 0 4 -144.243 0 4.243
2 24 -144.243 0 -4.243 -144.472 0 -4

0 // Front ends

2 24 160 8 60 160 8 40
2 24 160 8 -60 160 8 -40
2 24 160 8 40 160 32 40
2 24 160 8 -40 160 32 -40
2 24 160 32 30 160 32 40
2 24 160 32 -40 160 32 -30
2 24 160 30 30 160 34 30
2 24 160 30 -30 160 34 -30
2 24 160 30 -30 160 30 30
4 16 160 8 60 160 8 40 160 0 4 160 0 60
4 16 160 0 -60 160 0 -4 160 8 -40 160 8 -60
4 16 160 32 40 160 32 30 160 30 30 160 8 40
4 16 160 8 -40 160 30 -30 160 32 -30 160 32 -40
4 16 160 8 40 160 30 30 160 4 4 160 0 4
4 16 160 0 -4 160 4 -4 160 30 -30 160 8 -40
4 16 160 30 30 160 30 -30 160 4 -4 160 4 4

2 24 -160 8 60 -160 8 40
2 24 -160 8 -60 -160 8 -40

0 // Magnet guiders

1 16 158 34 30 0 0 2 2 0 0 0 -1 0 rect.dat
1 16 158 34 -30 0 0 2 2 0 0 0 1 0 rect.dat
1 16 160 28 0 1 0 0 0 1 0 0 0 1 s\285s01.dat
2 24 156 36 -30 156 36 -2
2 24 156 36 30 156 36 2
4 16 156 36 -30 160 36 -30 160 36 30 156 36 30
1 16 120 20 38 0 1 0 12 0 0 0 0 2 rect.dat
1 16 120 20 -38 0 1 0 12 0 0 0 0 2 rect.dat
1 16 138 18 36 0 0 18 14 0 0 0 1 0 rect3.dat
1 16 138 18 -36 0 0 18 14 0 0 0 -1 0 rect3.dat
2 24 120 32 40 160 32 40
2 24 120 32 -40 160 32 -40
4 16 120 32 40 160 32 40 160 8 40 156 8 40
4 16 156 8 -40 160 8 -40 160 32 -40 120 32 -40
4 16 120 32 40 156 8 40 156 4 40 120 4 40
4 16 120 4 -40 156 4 -40 156 8 -40 120 32 -40
2 24 156 4 36 156 4 8
2 24 156 4 -8 156 4 -36
2 24 -156 4 -36 -156 4 -8
2 24 -156 4 8 -156 4 36
4 16 156 32 36 156 4 36 156 4 8 156 8 8
4 16 156 8 -8 156 4 -8 156 4 -36 156 32 -36
1 16 156 20 19 0 1 0 0 0 12 -3 0 14 rect2p.dat
1 16 156 20 -19 0 1 0 0 0 12 -3 0 -14 rect2p.dat
4 16 156 36 30 156 32 30 156 8 2 156 36 2
4 16 156 36 -2 156 8 -2 156 32 -30 156 36 -30
4 16 156 32 36 156 32 30 160 32 30 160 32 40
4 16 160 32 -40 160 32 -30 156 32 -30 156 32 -36
4 16 120 32 40 120 32 36 156 32 36 160 32 40
4 16 160 32 -40 156 32 -36 120 32 -36 120 32 -40
1 16 140 4 0 7.071 0 -7.071 0 1 0 -7.071 0 -7.071 3-4edge.dat
1 16 140 36 0 0 0 -10 0 1 0 10 0 0 2-4edge.dat
1 16 140 36 0 0 0 10 0 1 0 10 0 0 3-16edge.dat
1 16 140 36 0 0 0 10 0 1 0 -10 0 0 3-16edge.dat
2 24 149.239 36 3.827 149.602 36 2
2 24 149.239 36 -3.827 149.602 36 -2
1 16 140 36 0 6 0 0 0 1 0 0 0 6 4-4edge.dat
1 16 140 36 0 10 0 0 0 -32 0 0 0 10 4-4cyli.dat
0 BFC INVERTNEXT
1 16 140 4 0 6 0 0 0 32 0 0 0 6 4-4cyli.dat
1 16 140 36 0 2 0 0 0 -1 0 0 0 2 4-4ring3.dat
1 16 140 36 0 2 0 0 0 -1 0 0 0 2 4-4ring4.dat
4 16 156 36 2 149.602 36 2 150 36 0 156 36 -2
3 16 156 36 -2 150 36 0 149.602 36 -2

1 16 150.84 6 8 5.16 0 0 0 0 2 0 -1 0 rect.dat
1 16 150.84 6 -8 5.16 0 0 0 0 2 0 1 0 rect.dat

1 16 152.801 22 2 3.199 0 0 0 0 14 0 -1 0 rect.dat
1 16 152.801 22 -2 3.199 0 0 0 0 14 0 1 0 rect.dat
2 24 145.68 8 8 147.071 8 7.071
2 24 147.071 8 7.071 149.239 8 3.827
2 24 149.239 8 3.827 149.602 8 2
3 16 156 8 8 145.68 8 8 147.071 8 7.071
3 16 156 8 8 147.071 8 7.071 149.239 8 3.827
4 16 156 8 8 149.239 8 3.827 149.602 8 2 156 8 2
2 24 145.68 8 -8 147.071 8 -7.071
2 24 147.071 8 -7.071 149.239 8 -3.827
2 24 149.239 8 -3.827 149.602 8 -2
3 16 147.071 8 -7.071 145.68 8 -8 156 8 -8
3 16 149.239 8 -3.827 147.071 8 -7.071 156 8 -8
4 16 156 8 -2 149.602 8 -2 149.239 8 -3.827 156 8 -8
2 24 -145.68 8 8 -147.071 8 7.071
2 24 -147.071 8 7.071 -149.239 8 3.827
2 24 -149.239 8 3.827 -149.602 8 2
2 24 -145.68 8 -8 -147.071 8 -7.071
2 24 -147.071 8 -7.071 -149.239 8 -3.827
2 24 -149.239 8 -3.827 -149.602 8 -2
0 BFC INVERTNEXT
1 16 0 4 0 116 0 0 0 4 0 0 0 56 box4.dat
0 BFC INVERTNEXT
1 16 138 6 40 0 0 18 2 0 0 0 16 0 box3u2p.dat
0 BFC INVERTNEXT
1 16 138 6 -40 0 0 18 2 0 0 0 -16 0 box3u2p.dat
0 BFC INVERTNEXT
1 16 -138 6 40 0 0 18 2 0 0 0 16 0 box3u2p.dat
0 BFC INVERTNEXT
1 16 -138 6 -40 0 0 18 2 0 0 0 -16 0 box3u2p.dat
1 16 120 6 0 0 -1 0 2 0 0 0 0 36 rect.dat
1 16 -120 6 0 0 1 0 2 0 0 0 0 36 rect.dat
2 24 160 8 40 156 8 40
2 24 160 8 -40 156 8 -40
2 24 -160 8 40 -156 8 40
2 24 -160 8 -40 -156 8 -40
4 16 160 8 60 -160 8 60 -156 8 56 156 8 56
4 16 -160 8 60 -160 8 40 -156 8 40 -156 8 56
4 16 160 8 40 160 8 60 156 8 56 156 8 40
4 16 160 8 -60 160 8 -40 156 8 -40 156 8 -56
4 16 -160 8 -60 160 8 -60 156 8 -56 -156 8 -56
4 16 -160 8 -40 -160 8 -60 -156 8 -56 -156 8 -40
4 16 116 8 -56 120 8 -56 120 8 56 116 8 56
4 16 -116 8 56 -120 8 56 -120 8 -56 -116 8 -56
1 16 138 4 48 0 0 18 0 -1 0 -8 0 0 rect1.dat
1 16 138 4 -48 0 0 18 0 -1 0 8 0 0 rect1.dat
1 16 -138 4 48 0 0 18 0 -1 0 -8 0 0 rect1.dat
1 16 -138 4 -48 0 0 18 0 -1 0 8 0 0 rect1.dat
1 16 140 4 0 0 0 -10 0 -1 0 10 0 0 2-4ndis.dat
1 16 140 4 0 0 0 10 0 -1 0 10 0 0 1-8ndis.dat
1 16 140 4 0 0 0 10 0 -1 0 -10 0 0 1-8ndis.dat
3 16 150 4 10 147.071 4 7.071 150 4 8
3 16 150 4 -8 147.071 4 -7.071 150 4 -10
4 16 156 4 8 156 4 36 150 4 10 150 4 8
4 16 156 4 -36 156 4 -8 150 4 -8 150 4 -10
4 16 130 4 -10 130 4 10 120 4 36 120 4 -36
4 16 120 4 36 130 4 10 150 4 10 156 4 36
4 16 156 4 -36 150 4 -10 130 4 -10 120 4 -36
2 24 -160 8 -40 -160 32 -40
2 24 -160 8 40 -160 32 40
2 24 -160 32 -30 -160 32 -40
2 24 -160 32 40 -160 32 30
2 24 -160 30 -30 -160 34 -30
2 24 -160 30 30 -160 34 30
2 24 -160 30 30 -160 30 -30
4 16 -160 8 -60 -160 8 -40 -160 0 -4 -160 0 -60
4 16 -160 0 60 -160 0 4 -160 8 40 -160 8 60
4 16 -160 32 -40 -160 32 -30 -160 30 -30 -160 8 -40
4 16 -160 8 40 -160 30 30 -160 32 30 -160 32 40
4 16 -160 8 -40 -160 30 -30 -160 4 -4 -160 0 -4
4 16 -160 0 4 -160 4 4 -160 30 30 -160 8 40
4 16 -160 30 -30 -160 30 30 -160 4 4 -160 4 -4
1 16 -158 34 -30 0 0 -2 2 0 0 0 1 0 rect.dat
1 16 -158 34 30 0 0 -2 2 0 0 0 -1 0 rect.dat
1 16 -160 28 0 -1 0 0 0 1 0 0 0 -1 s\285s01.dat
2 24 -156 36 30 -156 36 2
2 24 -156 36 -30 -156 36 -2
4 16 -156 36 30 -160 36 30 -160 36 -30 -156 36 -30
1 16 -120 20 -38 0 -1 0 12 0 0 0 0 -2 rect.dat
1 16 -120 20 38 0 -1 0 12 0 0 0 0 -2 rect.dat
1 16 -138 18 -36 0 0 -18 14 0 0 0 -1 0 rect3.dat
1 16 -138 18 36 0 0 -18 14 0 0 0 1 0 rect3.dat
2 24 -120 32 -40 -160 32 -40
2 24 -120 32 40 -160 32 40
4 16 -120 32 -40 -160 32 -40 -160 8 -40 -156 8 -40
4 16 -156 8 40 -160 8 40 -160 32 40 -120 32 40
4 16 -120 32 -40 -156 8 -40 -156 4 -40 -120 4 -40
4 16 -120 4 40 -156 4 40 -156 8 40 -120 32 40
4 16 -156 32 -36 -156 4 -36 -156 4 -8 -156 8 -8
4 16 -156 8 8 -156 4 8 -156 4 36 -156 32 36
1 16 -156 20 -19 0 -1 0 0 0 12 3 0 -14 rect2p.dat
1 16 -156 20 19 0 -1 0 0 0 12 3 0 14 rect2p.dat
4 16 -156 36 -30 -156 32 -30 -156 8 -2 -156 36 -2
4 16 -156 36 2 -156 8 2 -156 32 30 -156 36 30
4 16 -156 32 -36 -156 32 -30 -160 32 -30 -160 32 -40
4 16 -160 32 40 -160 32 30 -156 32 30 -156 32 36
4 16 -120 32 -40 -120 32 -36 -156 32 -36 -160 32 -40
4 16 -160 32 40 -156 32 36 -120 32 36 -120 32 40
1 16 -140 4 0 -7.071 0 7.071 0 1 0 7.071 0 7.071 3-4edge.dat
1 16 -140 36 0 0 0 10 0 1 0 -10 0 0 2-4edge.dat
1 16 -140 36 0 0 0 -10 0 1 0 -10 0 0 3-16edge.dat
1 16 -140 36 0 0 0 -10 0 1 0 10 0 0 3-16edge.dat
2 24 -149.239 36 -3.827 -149.602 36 -2
2 24 -149.239 36 3.827 -149.602 36 2
1 16 -140 36 0 -6 0 0 0 1 0 0 0 -6 4-4edge.dat
1 16 -140 36 0 -10 0 0 0 -32 0 0 0 -10 4-4cyli.dat
0 BFC INVERTNEXT
1 16 -140 4 0 -6 0 0 0 32 0 0 0 -6 4-4cyli.dat
1 16 -140 36 0 -2 0 0 0 -1 0 0 0 -2 4-4ring3.dat
1 16 -140 36 0 -2 0 0 0 -1 0 0 0 -2 4-4ring4.dat
4 16 -156 36 -2 -149.602 36 -2 -150 36 0 -156 36 2
3 16 -156 36 2 -150 36 0 -149.602 36 2
1 16 -150.84 6 -8 -5.16 0 0 0 0 2 0 1 0 rect.dat
1 16 -150.84 6 8 -5.16 0 0 0 0 2 0 -1 0 rect.dat
1 16 -152.801 22 -2 -3.199 0 0 0 0 14 0 1 0 rect.dat
1 16 -152.801 22 2 -3.199 0 0 0 0 14 0 -1 0 rect.dat
3 16 -156 8 -8 -145.68 8 -8 -147.071 8 -7.071
3 16 -156 8 -8 -147.071 8 -7.071 -149.239 8 -3.827
4 16 -156 8 -8 -149.239 8 -3.827 -149.602 8 -2 -156 8 -2
3 16 -147.071 8 7.071 -145.68 8 8 -156 8 8
3 16 -149.239 8 3.827 -147.071 8 7.071 -156 8 8
4 16 -156 8 2 -149.602 8 2 -149.239 8 3.827 -156 8 8
1 16 -140 4 0 0 0 10 0 -1 0 -10 0 0 2-4ndis.dat
1 16 -140 4 0 0 0 -10 0 -1 0 -10 0 0 1-8ndis.dat
1 16 -140 4 0 0 0 -10 0 -1 0 10 0 0 1-8ndis.dat
3 16 -150 4 -10 -147.071 4 -7.071 -150 4 -8
3 16 -150 4 8 -147.071 4 7.071 -150 4 10
4 16 -156 4 -8 -156 4 -36 -150 4 -10 -150 4 -8
4 16 -156 4 36 -156 4 8 -150 4 8 -150 4 10
4 16 -130 4 10 -130 4 -10 -120 4 -36 -120 4 36
4 16 -120 4 -36 -130 4 -10 -150 4 -10 -156 4 -36
4 16 -156 4 36 -150 4 10 -130 4 10 -120 4 36

4 16 116 4 56 84 4 44 84 4 24 104 4 24
4 16 -116 4 56 -84 4 44 84 4 44 116 4 56
4 16 -104 4 24 -84 4 24 -84 4 44 -116 4 56
4 16 -116 4 -56 -104 4 -24 -104 4 24 -116 4 56
4 16 -116 4 -56 -84 4 -44 -84 4 -24 -104 4 -24
4 16 116 4 -56 84 4 -44 -84 4 -44 -116 4 -56
4 16 104 4 -24 84 4 -24 84 4 -44 116 4 -56
4 16 116 4 56 104 4 24 104 4 -24 116 4 -56

0 // Inner details

1 16 140 4 50 1 0 0 0 -1 0 0 0 1 stud3.dat
1 16 140 4 -50 -1 0 0 0 -1 0 0 0 1 stud3.dat
1 16 -140 4 50 1 0 0 0 -1 0 0 0 -1 stud3.dat
1 16 -140 4 -50 -1 0 0 0 -1 0 0 0 -1 stud3.dat

1 16 80 4 50 1 0 0 0 -1 0 0 0 -1 stud3.dat
1 16 60 4 50 1 0 0 0 -1 0 0 0 -1 stud3.dat
1 16 40 4 50 1 0 0 0 -1 0 0 0 -1 stud3.dat
1 16 20 4 50 1 0 0 0 -1 0 0 0 -1 stud3.dat
1 16 0 4 50 1 0 0 0 -1 0 0 0 -1 stud3.dat
1 16 -20 4 50 1 0 0 0 -1 0 0 0 -1 stud3.dat
1 16 -40 4 50 1 0 0 0 -1 0 0 0 -1 stud3.dat
1 16 -60 4 50 1 0 0 0 -1 0 0 0 -1 stud3.dat
1 16 -80 4 50 1 0 0 0 -1 0 0 0 -1 stud3.dat

1 16 80 4 -50 1 0 0 0 -1 0 0 0 -1 stud3.dat
1 16 60 4 -50 1 0 0 0 -1 0 0 0 -1 stud3.dat
1 16 40 4 -50 1 0 0 0 -1 0 0 0 -1 stud3.dat
1 16 20 4 -50 1 0 0 0 -1 0 0 0 -1 stud3.dat
1 16 0 4 -50 1 0 0 0 -1 0 0 0 -1 stud3.dat
1 16 -20 4 -50 1 0 0 0 -1 0 0 0 -1 stud3.dat
1 16 -40 4 -50 1 0 0 0 -1 0 0 0 -1 stud3.dat
1 16 -60 4 -50 1 0 0 0 -1 0 0 0 -1 stud3.dat
1 16 -80 4 -50 1 0 0 0 -1 0 0 0 -1 stud3.dat

1 16 100 4 40 1 0 0 0 -1 0 0 0 -1 stud4.dat
1 16 100 4 -40 1 0 0 0 -1 0 0 0 -1 stud4.dat
1 16 -100 4 40 1 0 0 0 -1 0 0 0 -1 stud4.dat
1 16 -100 4 -40 1 0 0 0 -1 0 0 0 -1 stud4.dat

1 16 150 4 42 2 0 0 0 4 0 0 0 2 box4-1.dat
1 16 130 4 42 2 0 0 0 4 0 0 0 2 box4-1.dat
1 16 150 4 -42 -2 0 0 0 4 0 0 0 -2 box4-1.dat
1 16 130 4 -42 -2 0 0 0 4 0 0 0 -2 box4-1.dat
1 16 -150 4 42 2 0 0 0 4 0 0 0 2 box4-1.dat
1 16 -130 4 42 2 0 0 0 4 0 0 0 2 box4-1.dat
1 16 -130 4 -42 -2 0 0 0 4 0 0 0 -2 box4-1.dat
1 16 -150 4 -42 -2 0 0 0 4 0 0 0 -2 box4-1.dat

0 // Outer body

1 16 0 4 60 160 0 0 0 0 4 0 -1 0 rect.dat
1 16 0 4 -60 160 0 0 0 0 4 0 1 0 rect.dat

2 24 160 0 -60 160 0 -4
2 24 160 0 4 160 0 60
2 24 -160 0 60 -160 0 4
2 24 -160 0 -4 -160 0 -60

1 16 140 0 0 0 0 -6 0 1 0 6 0 0 2-4ndis.dat
1 16 -140 0 0 0 0 6 0 1 0 -6 0 0 2-4ndis.dat
1 16 140 0 0 0 0 6 0 1 0 6 0 0 1-8ndis.dat
1 16 140 0 0 0 0 6 0 1 0 -6 0 0 1-8ndis.dat
1 16 -140 0 0 0 0 -6 0 1 0 6 0 0 1-8ndis.dat
1 16 -140 0 0 0 0 -6 0 1 0 -6 0 0 1-8ndis.dat
4 16 146 0 6 160 0 4 144.405388 0 4 144.243 0 4.243
4 16 144.243 0 -4.243 144.40539 0 -4 160 0 -4 146 0 -6
4 16 -146 0 6 -144.243 0 4.243 -144.472 0 4 -160 0 4
4 16 -160 0 -4 -144.472 0 -4 -144.243 0 -4.243 -146 0 -6
3 16 160 0 60 160 0 4 146 0 6
3 16 146 0 -6 160 0 -4 160 0 -60
3 16 -146 0 6 -160 0 4 -160 0 60
3 16 -160 0 -60 -160 0 -4 -146 0 -6
4 16 160 0 60 146 0 6 134 0 6 100 0 20
4 16 100 0 -20 134 0 -6 146 0 -6 160 0 -60
4 16 -100 0 20 -134 0 6 -146 0 6 -160 0 60
4 16 -160 0 -60 -146 0 -6 -134 0 -6 -100 0 -20
4 16 100 0 20 80 0 20 80 0 40 160 0 60
4 16 160 0 -60 80 0 -40 80 0 -20 100 0 -20
4 16 -160 0 60 -80 0 40 -80 0 20 -100 0 20
4 16 -100 0 -20 -80 0 -20 -80 0 -40 -160 0 -60
4 16 134 0 6 134 0 -6 100 0 -20 100 0 20
4 16 -134 0 -6 -134 0 6 -100 0 20 -100 0 -20
4 16 160 0 60 80 0 40 -80 0 40 -160 0 60
4 16 -160 0 -60 -80 0 -40 80 0 -40 160 0 -60

0 // Studs

1 16 130 0 30 1 0 0 0 1 0 0 0 1 stug-3x3.dat
1 16 130 0 -30 1 0 0 0 1 0 0 0 1 stug-3x3.dat
1 16 90 0 50 1 0 0 0 1 0 0 0 1 stud.dat
1 16 90 0 30 1 0 0 0 1 0 0 0 1 stud.dat
1 16 90 0 -30 1 0 0 0 1 0 0 0 1 stud.dat
1 16 90 0 -50 1 0 0 0 1 0 0 0 1 stud.dat
1 16 70 0 50 1 0 0 0 1 0 0 0 1 stud.dat
1 16 70 0 -50 1 0 0 0 1 0 0 0 1 stud.dat
1 16 50 0 50 1 0 0 0 1 0 0 0 1 stud.dat
1 16 50 0 -50 1 0 0 0 1 0 0 0 1 stud.dat
1 16 30 0 50 1 0 0 0 1 0 0 0 1 stud.dat
1 16 30 0 -50 1 0 0 0 1 0 0 0 1 stud.dat
1 16 10 0 50 1 0 0 0 1 0 0 0 1 stud.dat
1 16 10 0 -50 1 0 0 0 1 0 0 0 1 stud.dat
1 16 -10 0 50 1 0 0 0 1 0 0 0 1 stud.dat
1 16 -10 0 -50 1 0 0 0 1 0 0 0 1 stud.dat
1 16 -30 0 50 1 0 0 0 1 0 0 0 1 stud.dat
1 16 -30 0 -50 1 0 0 0 1 0 0 0 1 stud.dat
1 16 -50 0 50 1 0 0 0 1 0 0 0 1 stud.dat
1 16 -50 0 -50 1 0 0 0 1 0 0 0 1 stud.dat
1 16 -70 0 50 1 0 0 0 1 0 0 0 1 stud.dat
1 16 -70 0 -50 1 0 0 0 1 0 0 0 1 stud.dat
1 16 -90 0 50 1 0 0 0 1 0 0 0 1 stud.dat
1 16 -90 0 30 1 0 0 0 1 0 0 0 1 stud.dat
1 16 -90 0 -30 1 0 0 0 1 0 0 0 1 stud.dat
1 16 -90 0 -50 1 0 0 0 1 0 0 0 1 stud.dat
1 16 -130 0 30 1 0 0 0 1 0 0 0 1 stug-3x3.dat
1 16 -130 0 -30 1 0 0 0 1 0 0 0 1 stug-3x3.dat
