0 Tile 1 x 2 with Cell Phone with Face and  9 Buttons Pattern 
0 Name: 3069bpc9.dat
0 Author: Massimo Maso [Sirio]
0 !LDRAW_ORG Unofficial_Part
0 !LICENSE Redistributable under CCAL version 2.0 : see CAreadme.txt

0 BFC CERTIFY CCW

1 16 0 0 0 1 0 0 0 1 0 0 0 1 s\3069bs01.dat

0 // Outer neutral frame
3 16 17.5 0 8.725 17.73 0 8.6793 20 0 10
3 16 17.73 0 8.6793 17.924 0 8.5493 20 0 10
4 16 -17.225 0 -5.325 -17.284 0 -5.6216 -16.204 0 -8.3546 -16.25 0 -8.125
3 16 -17.452 0 -5.873 -16.204 0 -8.3546 -17.284 0 -5.6216
3 16 -20 0 -10 -18.548 0 -5.873 -18.716 0 -5.6216
4 16 17.5 0 8.725 20 0 10 -20 0 10 -15.65 0 8.725
3 16 -20 0 10 -15.88 0 8.6793 -15.65 0 8.725
3 16 17.924 0 8.5493 18.054 0 8.3546 20 0 10
3 16 18.054 0 8.3546 18.1 0 8.125 20 0 10
4 16 20 0 10 18.1 0 8.125 18.1 0 -8.125 20 0 -10
3 16 18.054 0 -8.3546 20 0 -10 18.1 0 -8.125
3 16 17.924 0 -8.5493 20 0 -10 18.054 0 -8.3546
3 16 17.73 0 -8.6793 20 0 -10 17.924 0 -8.5493
3 16 -20 0 10 -16.204 0 8.3546 -16.074 0 8.5493
3 16 -20 0 10 -16.074 0 8.5493 -15.88 0 8.6793
4 16 -20 0 -10 -16.074 0 -8.5493 -16.204 0 -8.3546 -18.297 0 -6.041
3 16 17.5 0 -8.725 20 0 -10 17.73 0 -8.6793
4 16 20 0 -10 17.5 0 -8.725 -15.65 0 -8.725 -20 0 -10
3 16 -20 0 -10 -15.65 0 -8.725 -15.88 0 -8.6793
3 16 -20 0 -10 -15.88 0 -8.6793 -16.074 0 -8.5493
3 16 -17.703 0 -6.041 -16.204 0 -8.3546 -17.452 0 -5.873
3 16 -18 0 -6.1 -16.204 0 -8.3546 -17.703 0 -6.041
3 16 -18.297 0 -6.041 -16.204 0 -8.3546 -18 0 -6.1
3 16 -20 0 -10 -18.297 0 -6.041 -18.548 0 -5.873
4 16 -20 0 -10 -18.5 0 -2.075 -18.5 0 1.575 -20 0 10
4 16 -18 0 -2.575 -18 0 -4.55 -17.703 0 -4.609 -17.809 0 -2.5369
4 16 -17.809 0 -2.5369 -17.703 0 -4.609 -17.452 0 -4.777 -17.646 0 -2.4285
4 16 -17.646 0 -2.4285 -17.452 0 -4.777 -17.284 0 -5.0284 -17.538 0 -2.2663
4 16 -17.5 0 -2.075 -17.538 0 -2.2663 -17.284 0 -5.0284 -17.225 0 -5.325
4 16 -18 0 -2.575 -18.191 0 -2.5369 -18.297 0 -4.609 -18 0 -4.55
4 16 -18.297 0 -4.609 -18.191 0 -2.5369 -18.353 0 -2.4285 -18.548 0 -4.777
4 16 -18.548 0 -4.777 -18.353 0 -2.4285 -18.462 0 -2.2663 -18.716 0 -5.0284
4 16 -18.716 0 -5.0284 -18.462 0 -2.2663 -18.5 0 -2.075 -18.775 0 -5.325
3 16 -18.5 0 -2.075 -20 0 -10 -18.775 0 -5.325
3 16 -20 0 10 -18.5 0 1.575 -18.462 0 1.7663
3 16 -20 0 10 -18.462 0 1.7663 -18.353 0 1.9286
3 16 -20 0 10 -18.353 0 1.9286 -18.191 0 2.0369
3 16 -20 0 10 -18.191 0 2.0369 -18 0 2.075
4 16 -20 0 10 -18 0 2.075 -16.25 0 8.125 -16.204 0 8.3546
3 16 -18 0 2.075 -17.809 0 2.0369 -16.25 0 8.125
3 16 -16.25 0 8.125 -17.809 0 2.0369 -17.646 0 1.9286
3 16 -17.646 0 1.9286 -17.538 0 1.7663 -16.25 0 8.125
3 16 -20 0 -10 -18.716 0 -5.6216 -18.775 0 -5.325
3 16 -17.538 0 1.7663 -17.5 0 1.575 -16.25 0 8.125
3 16 -17.225 0 -5.325 -16.25 0 -8.125 -16.25 0 0
3 16 -16.25 0 8.125 -17.5 0 1.575 -16.25 0 0
4 16 -17.5 0 1.575 -17.5 0 -2.075 -17.225 0 -5.325 -16.25 0 0
0 // Speaker and camera
4 0 -18 0 2.075 -18 0 -2.575 -17.809 0 -2.5369 -17.809 0 2.0369
4 0 -17.809 0 2.0369 -17.809 0 -2.5369 -17.646 0 -2.4285 -17.646 0 1.9286
4 0 -17.646 0 1.9286 -17.646 0 -2.4285 -17.538 0 -2.2663 -17.538 0 1.7663
4 0 -18 0 2.075 -18.191 0 2.0369 -18.191 0 -2.5369 -18 0 -2.575
4 0 -18.191 0 -2.5369 -18.191 0 2.0369 -18.353 0 1.9286 -18.353 0 -2.4285
4 0 -18.353 0 -2.4285 -18.353 0 1.9286 -18.462 0 1.7663 -18.462 0 -2.2663
4 0 -18.462 0 -2.2663 -18.462 0 1.7663 -18.5 0 1.575 -18.5 0 -2.075
4 0 -18 0 -4.55 -18 0 -6.1 -17.703 0 -6.041 -17.703 0 -4.609
4 0 -17.703 0 -4.609 -17.703 0 -6.041 -17.452 0 -5.873 -17.452 0 -4.777
4 0 -17.452 0 -4.777 -17.452 0 -5.873 -17.284 0 -5.6216 -17.284 0 -5.0284
4 0 -18 0 -4.55 -18.297 0 -4.609 -18.297 0 -6.041 -18 0 -6.1
4 0 -17.538 0 1.7663 -17.538 0 -2.2663 -17.5 0 -2.075 -17.5 0 1.575
4 0 -18.297 0 -6.041 -18.297 0 -4.609 -18.548 0 -4.777 -18.548 0 -5.873
4 0 -18.548 0 -5.873 -18.548 0 -4.777 -18.716 0 -5.0284 -18.716 0 -5.6216
3 0 -17.284 0 -5.0284 -17.284 0 -5.6216 -17.225 0 -5.325
3 0 -18.716 0 -5.0284 -18.775 0 -5.325 -18.716 0 -5.6216
0 // Black frame
4 0 17.73 0 -8.6793 17.924 0 -8.5493 18.054 0 -8.3546 15.968 0 -6.0965
3 0 16.98 0 4.369 17.02 0 4.17 18.1 0 8.125
4 0 17.924 0 8.5493 17.73 0 8.6793 17.5 0 8.725 13.3 0 8.125
4 0 13.2 0 8.225 17.5 0 8.725 -15.65 0 8.725 0 0 8.225
3 0 13.2 0 8.225 13.238 0 8.2174 17.5 0 8.725
3 0 13.238 0 8.2174 13.271 0 8.1957 17.5 0 8.725
3 0 16.98 0 -4.369 18.1 0 -8.125 17.02 0 -4.17
4 0 13.3 0 8.125 15.232 0 6.0965 15.401 0 6.2093 17.924 0 8.5493
4 0 17.5 0 -8.725 17.73 0 -8.6793 15.968 0 -6.0965 15.799 0 -6.2093
4 0 16.05 0 -5.9888 15.968 0 -6.0965 18.054 0 -8.3546 18.1 0 -8.125
3 0 16.05 0 -5.9888 18.1 0 -8.125 16.95 0 -4.43
3 0 16.95 0 -4.43 18.1 0 -8.125 16.98 0 -4.369
3 0 13.271 0 8.1957 13.293 0 8.1633 17.5 0 8.725
3 0 13.293 0 8.1633 13.3 0 8.125 17.5 0 8.725
3 0 15.401 0 6.2093 15.6 0 6.2489 17.924 0 8.5493
3 0 13.238 0 -8.2174 17.5 0 -8.725 13.271 0 -8.1957
3 0 13.2 0 -8.225 17.5 0 -8.725 13.238 0 -8.2174
4 0 -15.65 0 -8.725 17.5 0 -8.725 13.2 0 -8.225 0 0 -8.225
4 0 -15.65 0 -8.725 -15.65 0 -8.225 -15.688 0 -8.2174 -15.88 0 -8.6793
4 0 -15.88 0 -8.6793 -15.688 0 -8.2174 -15.721 0 -8.1957 -16.074 0 -8.5493
4 0 -16.074 0 -8.5493 -15.721 0 -8.1957 -15.742 0 -8.1633 -16.204 0 -8.3546
4 0 -16.204 0 -8.3546 -15.742 0 -8.1633 -15.75 0 -8.125 -16.25 0 -8.125
4 0 -16.25 0 8.125 -15.75 0 8.125 -15.742 0 8.1633 -16.204 0 8.3546
4 0 -16.204 0 8.3546 -15.742 0 8.1633 -15.721 0 8.1957 -16.074 0 8.5493
4 0 -16.074 0 8.5493 -15.721 0 8.1957 -15.688 0 8.2174 -15.88 0 8.6793
4 0 -15.88 0 8.6793 -15.688 0 8.2174 -15.65 0 8.225 -15.65 0 8.725
3 0 16.95 0 4.43 16.98 0 4.369 18.1 0 8.125
3 0 13.3 0 8.125 14.18 0 4.17 14.22 0 4.369
3 0 17.1 0 .9 17.1 0 -.9 18.1 0 8.125
3 0 15.6 0 6.2489 15.799 0 6.2093 17.924 0 8.5493
4 0 17.924 0 8.5493 15.799 0 6.2093 15.968 0 6.0965 18.054 0 8.3546
4 0 18.054 0 8.3546 15.968 0 6.0965 16.05 0 5.9888 18.1 0 8.125
3 0 16.05 0 5.9888 16.95 0 4.43 18.1 0 8.125
3 0 13.3 0 8.125 14.22 0 4.369 14.25 0 4.43
3 0 13.3 0 8.125 14.25 0 4.43 15.15 0 5.9888
3 0 13.3 0 8.125 15.15 0 5.9888 15.232 0 6.0965
4 0 14.471 0 -1.4543 14.501 0 -3.6896 14.7 0 -3.65 14.7 0 -1.5
3 0 15.6 0 -6.2488 17.5 0 -8.725 15.799 0 -6.2093
4 0 17.5 0 -8.725 15.6 0 -6.2488 15.401 0 -6.2093 13.271 0 -8.1957
4 0 13.293 0 -8.1633 13.271 0 -8.1957 15.401 0 -6.2093 15.232 0 -6.0965
4 0 13.293 0 -8.1633 15.232 0 -6.0965 15.15 0 -5.9888 13.3 0 -8.125
3 0 13.3 0 -8.125 15.15 0 -5.9888 14.25 0 -4.43
3 0 13.3 0 -8.125 14.25 0 -4.43 14.22 0 -4.369
3 0 13.3 0 -8.125 14.22 0 -4.369 14.18 0 -4.17
4 0 16.699 0 -3.6896 16.73 0 -1.4543 16.5 0 -1.5 16.5 0 -3.65
4 0 16.924 0 -1.3243 16.73 0 -1.4543 16.699 0 -3.6896 16.868 0 -3.8023
4 0 17.054 0 -1.1296 16.924 0 -1.3243 16.868 0 -3.8023 16.98 0 -3.971
4 0 17.054 0 -1.1296 16.98 0 -3.971 17.02 0 -4.17 17.1 0 -.9
4 0 14.471 0 -1.4543 14.276 0 -1.3243 14.332 0 -3.8023 14.501 0 -3.6896
4 0 14.332 0 -3.8023 14.276 0 -1.3243 14.146 0 -1.1296 14.22 0 -3.971
4 0 14.146 0 -1.1296 14.1 0 -.9 14.18 0 -4.17 14.22 0 -3.971
4 0 18.1 0 8.125 17.1 0 -.9 17.02 0 -4.17 18.1 0 -8.125
3 0 14.1 0 -.9 13.3 0 -8.125 14.18 0 -4.17
4 0 13.3 0 8.125 13.3 0 -8.125 14.1 0 -.9 14.1 0 .9
4 0 14.7 0 3.65 14.7 0 1.5 16.5 0 1.5 16.5 0 3.65
4 0 16.5 0 3.65 16.5 0 1.5 16.73 0 1.4543 16.699 0 3.6896
4 0 16.699 0 3.6896 16.73 0 1.4543 16.924 0 1.3243 16.868 0 3.8023
4 0 16.868 0 3.8023 16.924 0 1.3243 17.054 0 1.1296 16.98 0 3.971
4 0 17.02 0 4.17 16.98 0 3.971 17.054 0 1.1296 17.1 0 .9
3 0 18.1 0 8.125 17.02 0 4.17 17.1 0 .9
4 0 14.7 0 3.65 14.501 0 3.6896 14.471 0 1.4543 14.7 0 1.5
4 0 14.471 0 1.4543 14.501 0 3.6896 14.332 0 3.8023 14.276 0 1.3243
4 0 14.276 0 1.3243 14.332 0 3.8023 14.22 0 3.971 14.146 0 1.1296
4 0 14.22 0 3.971 14.18 0 4.17 14.1 0 .9 14.146 0 1.1296
3 0 14.1 0 .9 14.18 0 4.17 13.3 0 8.125
4 0 14.7 0 -1.5 14.7 0 -3.65 16.5 0 -3.65 16.5 0 -1.5
4 0 -16.25 0 0 -16.25 0 -8.125 -15.75 0 -8.125 -15.75 0 0
4 0 -16.25 0 8.125 -16.25 0 0 -15.75 0 0 -15.75 0 8.125
3 0 -15.65 0 -8.225 -15.65 0 -8.725 0 0 -8.225
3 0 -15.65 0 8.725 -15.65 0 8.225 -12.5 0 8.225
3 0 -15.65 0 8.725 -12.5 0 8.225 0 0 8.225
0 // Buttons on frame
4 379 14.7 0 -4.17 16.5 0 -4.17 16.5 0 -3.65 14.7 0 -3.65
4 379 14.7 0 -4.17 14.7 0 -3.65 14.501 0 -3.6896 14.332 0 -3.8023
4 379 14.7 0 -4.17 14.332 0 -3.8023 14.22 0 -3.971 14.18 0 -4.17
4 379 14.7 0 -4.17 14.18 0 -4.17 14.22 0 -4.369 14.25 0 -4.43
4 379 15.6 0 -5.7288 14.7 0 -4.17 14.25 0 -4.43 15.15 0 -5.9888
4 379 15.6 0 -5.7288 15.15 0 -5.9888 15.232 0 -6.0965 15.401 0 -6.2093
4 379 15.6 0 -5.7288 15.401 0 -6.2093 15.6 0 -6.2488 15.799 0 -6.2093
4 379 15.6 0 -5.7288 15.799 0 -6.2093 15.968 0 -6.0965 16.05 0 -5.9888
4 379 15.6 0 -5.7288 16.05 0 -5.9888 16.95 0 -4.43 16.5 0 -4.17
4 379 16.5 0 -4.17 16.95 0 -4.43 16.98 0 -4.369 17.02 0 -4.17
4 379 16.5 0 -4.17 17.02 0 -4.17 16.98 0 -3.971 16.868 0 -3.8023
4 379 16.5 0 -4.17 16.868 0 -3.8023 16.699 0 -3.6896 16.5 0 -3.65
4 379 14.62 0 .9 14.1 0 .9 14.1 0 -.9 14.62 0 -.9
4 379 14.62 0 -.9 14.1 0 -.9 14.146 0 -1.1296 14.626 0 -.9306
4 379 14.626 0 -.9306 14.146 0 -1.1296 14.276 0 -1.3243 14.644 0 -.9566
4 379 14.644 0 -.9566 14.276 0 -1.3243 14.471 0 -1.4543 14.669 0 -.9739
4 379 14.669 0 -.9739 14.471 0 -1.4543 14.7 0 -1.5 14.7 0 -.98
4 379 14.7 0 -.98 14.7 0 -1.5 16.5 0 -1.5 16.5 0 -.98
4 379 16.5 0 -0.98 16.5 0 -1.5 16.73 0 -1.4543 16.531 0 -0.9739
4 379 16.531 0 -.9739 16.73 0 -1.4543 16.924 0 -1.3243 16.557 0 -.9566
4 379 16.557 0 -.9566 16.924 0 -1.3243 17.054 0 -1.1296 16.574 0 -.9306
4 379 16.574 0 -.9306 17.054 0 -1.1296 17.1 0 -.9 16.58 0 -.9
4 379 16.58 0 -.9 17.1 0 -.9 17.1 0 .9 16.58 0 .9
4 379 16.58 0 0.9 17.1 0 0.9 17.054 0 1.1296 16.574 0 0.9306
4 379 16.574 0 0.9306 17.054 0 1.1296 16.924 0 1.3243 16.557 0 0.9566
4 379 16.557 0 0.9566 16.924 0 1.3243 16.73 0 1.4543 16.531 0 0.9739
4 379 16.531 0 0.9739 16.73 0 1.4543 16.5 0 1.5 16.5 0 0.98
4 379 16.5 0 0.98 16.5 0 1.5 14.7 0 1.5 14.7 0 0.98
4 379 14.7 0 0.98 14.7 0 1.5 14.471 0 1.4543 14.669 0 0.9739
4 379 14.669 0 0.9739 14.471 0 1.4543 14.276 0 1.3243 14.644 0 0.9566
4 379 14.644 0 0.9566 14.276 0 1.3243 14.146 0 1.1296 14.626 0 0.9306
4 379 14.626 0 0.9306 14.146 0 1.1296 14.1 0 0.9 14.62 0 0.9
4 379 16.5 0 4.17 14.7 0 4.17 14.7 0 3.65 16.5 0 3.65
4 379 16.5 0 4.17 16.5 0 3.65 16.699 0 3.6896 16.868 0 3.8023
4 379 16.5 0 4.17 16.868 0 3.8023 16.98 0 3.971 17.02 0 4.17
4 379 16.5 0 4.17 17.02 0 4.17 16.98 0 4.369 16.95 0 4.43
4 379 16.5 0 4.17 16.95 0 4.43 16.05 0 5.9888 15.6 0 5.7289
4 379 15.6 0 5.7289 16.05 0 5.9888 15.968 0 6.0965 15.799 0 6.2093
4 379 15.6 0 5.7289 15.799 0 6.2093 15.6 0 6.2489 15.401 0 6.2093
4 379 15.6 0 5.7289 15.401 0 6.2093 15.232 0 6.0965 15.15 0 5.9888
4 379 15.6 0 5.7289 15.15 0 5.9888 14.25 0 4.43 14.7 0 4.17
4 379 14.7 0 4.17 14.25 0 4.43 14.22 0 4.369 14.18 0 4.17
4 379 14.7 0 4.17 14.18 0 4.17 14.22 0 3.971 14.332 0 3.8023
4 379 14.7 0 4.17 14.332 0 3.8023 14.501 0 3.6896 14.7 0 3.65
0 // Filler of buttons on frame
3 0 14.7 0 -4.17 15.6 0 -5.7288 16.5 0 -4.17
4 0 14.7 0 .98 14.7 0 -.98 16.5 0 -.98 16.5 0 .98
4 0 16.5 0 .98 16.5 0 -.98 16.531 0 -.9739 16.531 0 .9739
4 0 16.531 0 .9739 16.531 0 -.9739 16.557 0 -.9566 16.557 0 .9566
4 0 16.557 0 .9566 16.557 0 -.9566 16.574 0 -.9306 16.574 0 .9306
4 0 16.574 0 .9306 16.574 0 -.9306 16.58 0 -.9 16.58 0 .9
4 0 14.7 0 .98 14.669 0 .9739 14.669 0 -.9739 14.7 0 -.98
4 0 14.669 0 -.9739 14.669 0 .9739 14.644 0 .9566 14.644 0 -.9566
4 0 14.644 0 .9566 14.626 0 .9306 14.626 0 -.9306 14.644 0 -.9566
4 0 14.626 0 .9306 14.62 0 .9 14.62 0 -.9 14.626 0 -.9306
3 0 14.7 0 4.17 16.5 0 4.17 15.6 0 5.7289
0 // Monitor
3 379 -1.309 0 5.2119 -1.146 0 5.1036 0 0 8.225
3 379 -12.5 0 8.225 -11.462 0 4.9413 -11.353 0 5.1036
3 379 -1.146 0 5.1036 -1.038 0 4.9413 0 0 8.225
3 379 -1.038 0 4.9413 -1 0 4.75 0 0 8.225
4 379 0 0 8.225 -1 0 4.75 -1 0 -4.75 0 0 -8.225
4 379 -11.5 0 4.75 -11.462 0 4.9413 -12.5 0 8.225 -13.6 0 3.475
3 379 -12.5 0 8.225 -11.353 0 5.1036 -11.191 0 5.2119
3 379 -12.5 0 8.225 -11.191 0 5.2119 -11 0 5.25
4 379 -12.5 0 8.225 -11 0 5.25 -1.5 0 5.25 0 0 8.225
3 379 -1.5 0 5.25 -1.309 0 5.2119 0 0 8.225
3 379 -1.309 0 -5.2119 0 0 -8.225 -1.146 0 -5.1035
3 379 -13.525 0 -5.9333 -11.353 0 -5.1035 -11.462 0 -4.9413
4 379 -1.5 0 -5.25 -11 0 -5.25 -13.525 0 -5.9333 0 0 -8.225
3 379 -13.525 0 -5.9333 -11 0 -5.25 -11.191 0 -5.2119
3 379 -13.525 0 -5.9333 -11.191 0 -5.2119 -11.353 0 -5.1035
3 379 -1.038 0 -4.9413 0 0 -8.225 -1 0 -4.75
3 379 -1.146 0 -5.1035 0 0 -8.225 -1.038 0 -4.9413
4 379 -14.575 0 0.62 -14.705 0 0.46 -14.62 0 0.17 -14.408 0 0.1278
4 379 -14.832 0 0.1278 -14.62 0 0.17 -14.705 0 0.46 -15.175 0 0.84
3 379 -15.175 0 0.84 -15.012 0 0.0075 -14.832 0 0.1278
3 379 -14.325 0 2.1994 -14.3 0 2.075 -13.525 0 2.075
4 379 -13.525 0 2.075 -14.3 0 2.075 -14.325 0 1.9506 -13.425 0 1.09
4 379 -14.95 0 2.075 -14.925 0 2.1994 -15.175 0 3.025 -15.175 0 1.09
3 379 -15.175 0 3.025 -14.925 0 2.1994 -14.855 0 2.3048
3 379 -15.175 0 3.025 -14.855 0 2.3048 -14.749 0 2.3753
3 379 -15.175 0 -4.35 -14.62 0 -0.94 -14.832 0 -0.8977
4 379 -13.467 0 -0.1726 -13.425 0 -0.385 -11.5 0 -4.75 -13.425 0 0.74
3 379 -13.467 0 -0.5974 -11.5 0 -4.75 -13.425 0 -0.385
3 379 -13.587 0 -0.7774 -11.5 0 -4.75 -13.467 0 -0.5974
4 379 -14.408 0 -0.8977 -14.62 0 -0.94 -15.175 0 -4.35 -14.192 0 -0.8977
4 379 -14.575 0 0.62 -14.408 0 0.1278 -14.3 0 0.0559 -14.192 0 0.1278
4 379 -13.425 0 0.74 -14.575 0 0.74 -14.575 0 0.62 -13.767 0 0.1278
3 379 -14.395 0 1.8452 -13.425 0 1.09 -14.325 0 1.9506
3 379 -14.501 0 1.7747 -13.425 0 1.09 -14.395 0 1.8452
4 379 -13.425 0 1.09 -14.501 0 1.7747 -14.625 0 1.75 -15.175 0 1.09
3 379 -15.175 0 1.09 -14.625 0 1.75 -14.749 0 1.7747
3 379 -15.175 0 1.09 -14.749 0 1.7747 -14.855 0 1.8452
3 379 -15.175 0 1.09 -14.855 0 1.8452 -14.925 0 1.9506
3 379 -13.767 0 0.1278 -13.587 0 0.0075 -13.425 0 0.74
3 379 -14.575 0 0.62 -13.98 0 0.17 -13.767 0 0.1278
3 379 -14.575 0 0.62 -14.192 0 0.1278 -13.98 0 0.17
3 379 -13.587 0 0.0075 -13.467 0 -0.1726 -13.425 0 0.74
4 379 -13.425 0 0.74 -11.5 0 -4.75 -11.5 0 4.75 -13.425 0 1.09
4 379 -13.525 0 2.075 -13.425 0 1.09 -11.5 0 4.75 -13.525 0 2.525
4 379 -13.98 0 -0.94 -14.192 0 -0.8977 -15.175 0 -4.35 -13.525 0 -4.35
4 379 -11.5 0 -4.75 -13.767 0 -0.8977 -13.98 0 -0.94 -13.525 0 -4.35
3 379 -13.767 0 -0.8977 -11.5 0 -4.75 -13.587 0 -0.7774
4 379 -15.133 0 -0.1726 -15.012 0 0.0075 -15.175 0 0.84 -15.75 0 0
3 379 -15.175 0 -4.35 -14.832 0 -0.8977 -15.012 0 -0.7774
4 379 -15.175 0 -4.35 -15.012 0 -0.7774 -15.133 0 -0.5974 -15.75 0 -8.125
3 379 -15.175 0 1.09 -14.925 0 1.9506 -14.95 0 2.075
3 379 -15.75 0 8.125 -15.175 0 1.09 -15.175 0 3.025
4 379 -15.175 0 0.84 -15.175 0 1.09 -15.75 0 8.125 -15.75 0 0
4 379 -11.5 0 4.75 -13.625 0 3.3506 -13.695 0 3.2452 -13.525 0 2.525
4 379 -15.141 0 7.0722 -15.043 0 7.2182 -15.65 0 8.225 -15.688 0 8.2174
3 379 -13.8 0 3.1747 -13.525 0 2.525 -13.695 0 3.2452
4 379 -14.155 0 3.2452 -15.175 0 3.475 -13.525 0 2.525 -14.049 0 3.1747
3 379 -14.049 0 3.1747 -13.525 0 2.525 -13.925 0 3.15
3 379 -13.925 0 3.15 -13.525 0 2.525 -13.8 0 3.1747
3 379 -15.175 0 3.475 -14.155 0 3.2452 -14.225 0 3.3506
3 379 -15.175 0 3.475 -14.225 0 3.3506 -14.25 0 3.475
4 379 -15.175 0 3.475 -14.25 0 3.475 -14.225 0 3.5994 -15.043 0 4.6818
4 379 -13.559 0 4.8278 -13.657 0 4.6818 -14.049 0 3.7753 -13.925 0 3.8
4 379 -13.8 0 3.7753 -13.695 0 3.7048 -12.5 0 8.225 -13.559 0 4.8278
3 379 -13.695 0 3.7048 -13.625 0 3.5994 -12.5 0 8.225
3 379 -13.625 0 3.5994 -13.6 0 3.475 -12.5 0 8.225
3 379 -13.625 0 3.3506 -11.5 0 4.75 -13.6 0 3.475
3 379 -13.803 0 7.3158 -13.657 0 7.2182 -12.5 0 8.225
3 379 -13.657 0 7.2182 -13.559 0 7.0722 -12.5 0 8.225
3 379 -13.559 0 7.0722 -13.525 0 6.9 -12.5 0 8.225
3 379 -15.65 0 8.225 -15.043 0 7.2182 -14.897 0 7.3158
3 379 -15.65 0 8.225 -14.897 0 7.3158 -14.725 0 7.35
4 379 -15.65 0 8.225 -14.725 0 7.35 -13.975 0 7.35 -12.5 0 8.225
3 379 -13.975 0 7.35 -13.803 0 7.3158 -12.5 0 8.225
3 379 -14.049 0 3.7753 -13.657 0 4.6818 -13.803 0 4.5843
3 379 -14.049 0 3.7753 -13.803 0 4.5843 -13.975 0 4.55
4 379 -14.049 0 3.7753 -13.975 0 4.55 -14.725 0 4.55 -14.155 0 3.7048
3 379 -13.525 0 6.9 -13.525 0 5 -12.5 0 8.225
3 379 -13.559 0 4.8278 -12.5 0 8.225 -13.525 0 5
3 379 -13.925 0 3.8 -13.8 0 3.7753 -13.559 0 4.8278
4 379 -14.155 0 3.7048 -14.725 0 4.55 -14.897 0 4.5843 -14.225 0 3.5994
3 379 -15.043 0 4.6818 -14.225 0 3.5994 -14.897 0 4.5843
3 379 -15.175 0 3.475 -15.043 0 4.6818 -15.141 0 4.8278
3 379 -15.175 0 5 -15.175 0 3.475 -15.141 0 4.8278
3 379 -15.75 0 8.125 -15.175 0 3.025 -15.175 0 3.475
3 379 -15.75 0 8.125 -15.175 0 3.475 -15.175 0 5
3 379 -15.75 0 8.125 -15.175 0 5 -15.175 0 6.9
4 379 -15.75 0 8.125 -15.175 0 6.9 -15.141 0 7.0722 -15.742 0 8.1633
4 379 -15.742 0 8.1633 -15.141 0 7.0722 -15.688 0 8.2174 -15.721 0 8.1957
4 379 12.05 0 6.975 13.271 0 8.1957 13.238 0 8.2174 13.2 0 8.225
3 379 8.9 0 6.975 12.05 0 6.975 13.2 0 8.225
3 379 8.25 0 6.975 8.9 0 6.975 13.2 0 8.225
4 379 13.3 0 8.125 13.293 0 8.1633 13.271 0 8.1957 12.05 0 6.975
3 379 12.05 0 6.975 12.05 0 2.725 13.3 0 8.125
4 379 13.2 0 -8.225 13.293 0 -8.1633 13.3 0 -8.125 12.05 0 -6.975
3 379 -13.525 0 -6.725 -13.525 0 -7.15 0 0 -8.225
4 379 -13.525 0 -6.725 0 0 -8.225 -13.525 0 -6.3583 -14.508 0 -6.3583
4 379 -15.65 0 -8.225 0 0 -8.225 -13.525 0 -7.15 -14.175 0 -7.15
3 379 -15.75 0 -8.125 -15.175 0 -4.775 -15.175 0 -4.35
3 379 -13.525 0 -4.35 -13.525 0 -4.775 -11.5 0 -4.75
4 379 -13.525 0 -5.9333 -11.462 0 -4.9413 -11.5 0 -4.75 -13.525 0 -5.5667
3 379 -13.525 0 -4.775 -13.525 0 -5.1417 -11.5 0 -4.75
4 379 -13.525 0 -5.1417 -13.525 0 -4.775 -15.175 0 -4.775 -14.842 0 -5.1417
4 379 -14.842 0 -5.5667 -14.842 0 -5.1417 -15.175 0 -4.775 -15.75 0 -8.125
3 379 0 0 -8.225 1.3 0 -6.975 1.3 0 -2.725
4 379 1.3 0 2.125 0 0 8.225 0 0 -8.225 1.3 0 -2.125
3 379 0 0 -8.225 1.3 0 -2.725 1.3 0 -2.125
4 379 1.3 0 -2.125 1.3 0 -2.725 4.45 0 -2.725 4.45 0 -2.125
4 379 13.2 0 -8.225 8.25 0 -6.975 5.1 0 -6.975 0 0 -8.225
4 379 8.25 0 -2.725 8.25 0 -2.125 5.1 0 -2.125 5.1 0 -2.725
4 379 12.05 0 -2.125 13.3 0 -8.125 13.3 0 8.125 12.05 0 2.125
4 379 8.9 0 -2.125 8.9 0 -2.725 12.05 0 -2.725 12.05 0 -2.125
3 379 8.9 0 -6.975 13.2 0 -8.225 12.05 0 -6.975
3 379 12.05 0 -2.125 12.05 0 -2.725 13.3 0 -8.125
3 379 12.05 0 -2.725 12.05 0 -6.975 13.3 0 -8.125
4 379 5.1 0 6.975 8.25 0 6.975 13.2 0 8.225 0 0 8.225
3 379 0 0 8.225 1.3 0 6.975 4.45 0 6.975
3 379 0 0 8.225 1.3 0 2.725 1.3 0 6.975
3 379 -1.5 0 -5.25 0 0 -8.225 -1.309 0 -5.2119
3 379 -13.525 0 -5.9333 -13.525 0 -6.3583 0 0 -8.225
4 379 -13.525 0 -5.9333 -13.525 0 -5.5667 -14.842 0 -5.5667 -14.508 0 -5.9333
4 379 -14.508 0 -6.3583 -14.508 0 -5.9333 -14.842 0 -5.5667 -15.75 0 -8.125
3 379 -14.508 0 -6.3583 -14.175 0 -6.725 -13.525 0 -6.725
4 379 -14.175 0 -7.15 -14.175 0 -6.725 -14.508 0 -6.3583 -15.65 0 -8.225
3 379 -15.75 0 -8.125 -15.65 0 -8.225 -14.508 0 -6.3583
3 379 -13.525 0 -5.1417 -13.525 0 -5.5667 -11.5 0 -4.75
4 379 -15.75 0 0 -15.75 0 -8.125 -15.133 0 -0.5974 -15.175 0 -0.385
3 379 -15.75 0 0 -15.175 0 -0.385 -15.133 0 -0.1726
3 379 0 0 8.225 1.3 0 2.125 1.3 0 2.725
4 379 1.3 0 2.725 1.3 0 2.125 4.45 0 2.125 4.45 0 2.725
4 379 5.1 0 6.975 4.45 0 6.975 4.45 0 2.725 5.1 0 2.725
4 379 5.1 0 2.725 4.45 0 2.725 4.45 0 2.125 5.1 0 2.125
4 379 5.1 0 2.125 4.45 0 2.125 4.45 0 -2.125 5.1 0 -2.125
4 379 5.1 0 -2.125 4.45 0 -2.125 4.45 0 -2.725 5.1 0 -2.725
4 379 5.1 0 -2.725 4.45 0 -2.725 4.45 0 -6.975 5.1 0 -6.975
4 379 5.1 0 2.725 5.1 0 2.125 8.25 0 2.125 8.25 0 2.725
4 379 8.9 0 6.975 8.25 0 6.975 8.25 0 2.725 8.9 0 2.725
4 379 8.9 0 2.725 8.25 0 2.725 8.25 0 2.125 8.9 0 2.125
4 379 8.9 0 2.125 8.25 0 2.125 8.25 0 -2.125 8.9 0 -2.125
4 379 8.9 0 -2.125 8.25 0 -2.125 8.25 0 -2.725 8.9 0 -2.725
4 379 8.9 0 -2.725 8.25 0 -2.725 8.25 0 -6.975 8.9 0 -6.975
3 379 8.25 0 -6.975 13.2 0 -8.225 8.9 0 -6.975
4 379 8.9 0 2.725 8.9 0 2.125 12.05 0 2.125 12.05 0 2.725
3 379 12.05 0 2.725 12.05 0 2.125 13.3 0 8.125
3 379 0 0 -8.225 4.45 0 -6.975 1.3 0 -6.975
3 379 0 0 -8.225 5.1 0 -6.975 4.45 0 -6.975
4 379 13.2 0 -8.225 13.238 0 -8.2174 13.271 0 -8.1957 13.293 0 -8.1633
4 379 -15.75 0 -8.125 -15.742 0 -8.1633 -15.721 0 -8.1957 -15.65 0 -8.225
3 379 -15.721 0 -8.1957 -15.688 0 -8.2174 -15.65 0 -8.225
3 379 0 0 8.225 4.45 0 6.975 5.1 0 6.975
3 379 -14.395 0 2.3048 -14.325 0 2.1994 -13.525 0 2.075
4 379 -14.501 0 2.3753 -14.395 0 2.3048 -13.525 0 2.075 -15.175 0 3.025
3 379 -15.175 0 3.025 -14.625 0 2.4 -14.501 0 2.3753
3 379 -15.175 0 3.025 -14.749 0 2.3753 -14.625 0 2.4
3 379 -14.408 0 -0.8977 -14.192 0 -0.8977 -14.3 0 -0.8259
0 // Antenna bars
4 272 -14.175 0 -7.15 -13.525 0 -7.15 -13.525 0 -6.725 -14.175 0 -6.725
4 272 -14.508 0 -6.3583 -13.525 0 -6.3583 -13.525 0 -5.9333 -14.508 0 -5.9333
4 272 -14.842 0 -5.5667 -13.525 0 -5.5667 -13.525 0 -5.1417 -14.842 0 -5.1417
4 272 -15.175 0 -4.775 -13.525 0 -4.775 -13.525 0 -4.35 -15.175 0 -4.35
0 // Battery status
4 272 -14.508 0 -0.2135 -14.456 0 -0.2922 -14.144 0 -0.2922 -14.091 0 -0.2135
4 272 -14.437 0 -0.385 -14.162 0 -0.385 -14.144 0 -0.2922 -14.456 0 -0.2922
4 272 -14.851 0 -0.2135 -14.773 0 -0.161 -14.832 0 0.1278 -15.012 0 0.0075
4 272 -14.851 0 -.5565 -15.012 0 -.7774 -14.832 0 -.8977 -14.773 0 -.609
4 272 -14.773 0 -.609 -14.832 0 -.8977 -14.62 0 -.94 -14.68 0 -.6275
4 272 -14.68 0 -.6275 -14.62 0 -.94 -14.408 0 -.8977 -14.587 0 -.609
4 272 -14.587 0 -.609 -14.408 0 -.8977 -14.3 0 -.8259 -14.508 0 -.5565
4 272 -14.832 0 .1278 -14.773 0 -.161 -14.68 0 -.1425 -14.62 0 .17
4 272 -14.62 0 .17 -14.68 0 -.1425 -14.587 0 -.161 -14.408 0 .1278
4 272 -14.408 0 .1278 -14.587 0 -.161 -14.508 0 -.2135 -14.3 0 .0559
4 272 -14.3 0 .0559 -14.091 0 -.2135 -14.013 0 -.161 -14.192 0 .1278
4 272 -14.192 0 .1278 -14.013 0 -.161 -13.92 0 -.1425 -13.98 0 .17
4 272 -13.98 0 .17 -13.92 0 -.1425 -13.827 0 -.161 -13.767 0 .1278
4 272 -13.767 0 .1278 -13.827 0 -.161 -13.748 0 -.2135 -13.587 0 .0075
4 272 -13.587 0 .0075 -13.748 0 -.2135 -13.696 0 -.2922 -13.467 0 -.1726
4 272 -13.467 0 -.1726 -13.696 0 -.2922 -13.677 0 -.385 -13.425 0 -.385
4 272 -13.425 0 -.385 -13.677 0 -.385 -13.696 0 -.4778 -13.467 0 -.5974
4 272 -13.467 0 -.5974 -13.696 0 -.4778 -13.748 0 -.5565 -13.587 0 -.7774
4 272 -13.587 0 -.7774 -13.748 0 -.5565 -13.827 0 -.609 -13.767 0 -.8977
4 272 -13.767 0 -.8977 -13.827 0 -.609 -13.92 0 -.6275 -13.98 0 -.94
4 272 -13.98 0 -.94 -13.92 0 -.6275 -14.013 0 -.609 -14.192 0 -.8977
4 272 -14.192 0 -.8977 -14.013 0 -.609 -14.091 0 -.5565 -14.3 0 -.8259
4 272 -14.162 0 -.385 -14.437 0 -.385 -14.456 0 -.4778 -14.144 0 -.4778
4 272 -14.144 0 -.4778 -14.456 0 -.4778 -14.508 0 -.5565 -14.091 0 -.5565
3 272 -14.3 0 .0559 -14.508 0 -.2135 -14.091 0 -.2135
3 272 -14.091 0 -.5565 -14.508 0 -.5565 -14.3 0 -.8259
4 272 -14.904 0 -0.2922 -14.851 0 -0.2135 -15.012 0 0.0075 -15.133 0 -0.1726
4 272 -14.922 0 -0.385 -14.904 0 -0.2922 -15.133 0 -0.1726 -15.175 0 -0.385
4 272 -14.904 0 -0.4778 -14.922 0 -0.385 -15.175 0 -0.385 -15.133 0 -0.5974
4 272 -14.851 0 -0.5565 -14.904 0 -0.4778 -15.133 0 -0.5974 -15.012 0 -0.7774
4 272 -13.425 0 0.74 -13.425 0 1.09 -15.175 0 1.09 -14.575 0 0.74
4 272 -14.575 0 0.62 -14.575 0 0.74 -15.175 0 1.09 -15.175 0 0.84
3 272 -15.175 0 0.84 -14.705 0 0.46 -14.575 0 0.62
4 272 -13.525 0 2.525 -15.175 0 3.475 -15.175 0 3.025 -13.525 0 2.075
4 272 -13.925 0 3.8 -13.925 0 3.15 -13.8 0 3.1747 -13.8 0 3.7753
4 272 -13.8 0 3.7753 -13.8 0 3.1747 -13.695 0 3.2452 -13.695 0 3.7048
4 272 -13.695 0 3.7048 -13.695 0 3.2452 -13.625 0 3.3506 -13.625 0 3.5994
4 272 -13.925 0 3.8 -14.049 0 3.7753 -14.049 0 3.1747 -13.925 0 3.15
4 272 -14.049 0 3.1747 -14.049 0 3.7753 -14.155 0 3.7048 -14.155 0 3.2452
4 272 -14.155 0 3.2452 -14.155 0 3.7048 -14.225 0 3.5994 -14.225 0 3.3506
3 272 -13.625 0 3.5994 -13.625 0 3.3506 -13.6 0 3.475
3 272 -14.225 0 3.5994 -14.25 0 3.475 -14.225 0 3.3506
4 272 -14.625 0 2.4 -14.625 0 1.75 -14.501 0 1.7747 -14.501 0 2.3753
4 272 -14.501 0 2.3753 -14.501 0 1.7747 -14.395 0 1.8452 -14.395 0 2.3048
4 272 -14.395 0 2.3048 -14.395 0 1.8452 -14.325 0 1.9506 -14.325 0 2.1994
4 272 -14.625 0 2.4 -14.749 0 2.3753 -14.749 0 1.7747 -14.625 0 1.75
4 272 -14.749 0 1.7747 -14.749 0 2.3753 -14.855 0 2.3048 -14.855 0 1.8452
4 272 -14.855 0 1.8452 -14.855 0 2.3048 -14.925 0 2.1994 -14.925 0 1.9506
3 272 -14.325 0 2.1994 -14.325 0 1.9506 -14.3 0 2.075
3 272 -14.925 0 2.1994 -14.95 0 2.075 -14.925 0 1.9506
4 379 -14.68 0 -.1425 -14.68 0 -.6275 -14.587 0 -.609 -14.587 0 -.161
4 379 -14.587 0 -.161 -14.587 0 -.609 -14.508 0 -.5565 -14.508 0 -.2135
4 379 -14.508 0 -.2135 -14.508 0 -.5565 -14.456 0 -.4778 -14.456 0 -.2922
4 379 -14.68 0 -.1425 -14.773 0 -.161 -14.773 0 -.609 -14.68 0 -.6275
4 379 -14.773 0 -.609 -14.773 0 -.161 -14.851 0 -.2135 -14.851 0 -.5565
4 379 -14.851 0 -.5565 -14.851 0 -.2135 -14.904 0 -.2922 -14.904 0 -.4778
3 379 -14.456 0 -.2922 -14.456 0 -.4778 -14.437 0 -.385
3 379 -14.904 0 -.2922 -14.922 0 -.385 -14.904 0 -.4778
4 379 -13.92 0 -.1425 -13.92 0 -.6275 -13.827 0 -.609 -13.827 0 -.161
4 379 -13.827 0 -.161 -13.827 0 -.609 -13.748 0 -.5565 -13.748 0 -.2135
4 379 -13.748 0 -.2135 -13.748 0 -.5565 -13.696 0 -.4778 -13.696 0 -.2922
4 379 -13.92 0 -.1425 -14.013 0 -.161 -14.013 0 -.609 -13.92 0 -.6275
4 379 -14.013 0 -.609 -14.013 0 -.161 -14.091 0 -.2135 -14.091 0 -.5565
4 379 -14.091 0 -.5565 -14.091 0 -.2135 -14.144 0 -.2922 -14.144 0 -.4778
3 379 -13.696 0 -.2922 -13.696 0 -.4778 -13.677 0 -.385
3 379 -14.144 0 -.2922 -14.162 0 -.385 -14.144 0 -.4778
0 // Connection status
4 272 -13.525 0 5 -13.525 0 6.9 -13.9 0 6.4 -13.934 0 6.2278
4 272 -13.934 0 6.5722 -13.9 0 6.4 -13.525 0 6.9 -13.559 0 7.0722
4 272 -14.032 0 6.7182 -13.934 0 6.5722 -13.559 0 7.0722 -13.803 0 7.3158
4 272 -14.35 0 5.95 -13.975 0 4.55 -13.803 0 4.5843 -14.178 0 5.9843
4 272 -15.175 0 6.9 -14.8 0 6.4 -14.766 0 6.5722 -15.141 0 7.0722
4 272 -15.141 0 7.0722 -14.766 0 6.5722 -14.668 0 6.7182 -15.043 0 7.2182
4 272 -14.725 0 4.55 -13.975 0 4.55 -14.35 0 5.95 -14.522 0 5.9843
4 272 -14.897 0 4.5843 -14.725 0 4.55 -14.522 0 5.9843 -15.043 0 4.6818
4 272 -15.175 0 5 -15.141 0 4.8278 -14.522 0 5.9843 -14.668 0 6.0818
3 272 -15.141 0 4.8278 -15.043 0 4.6818 -14.522 0 5.9843
3 272 -15.175 0 5 -14.668 0 6.0818 -14.766 0 6.2278
4 272 -15.175 0 5 -14.766 0 6.2278 -14.8 0 6.4 -15.175 0 6.9
4 272 -13.975 0 7.35 -14.725 0 7.35 -14.522 0 6.8158 -14.35 0 6.85
4 272 -14.522 0 6.8158 -14.725 0 7.35 -14.897 0 7.3158 -14.668 0 6.7182
3 272 -15.043 0 7.2182 -14.668 0 6.7182 -14.897 0 7.3158
3 272 -14.032 0 6.0818 -13.525 0 5 -13.934 0 6.2278
4 272 -13.525 0 5 -14.032 0 6.0818 -14.178 0 5.9843 -13.559 0 4.8278
4 272 -13.559 0 4.8278 -14.178 0 5.9843 -13.803 0 4.5843 -13.657 0 4.6818
3 272 -14.35 0 6.85 -14.178 0 6.8158 -13.975 0 7.35
4 272 -13.975 0 7.35 -14.178 0 6.8158 -14.032 0 6.7182 -13.803 0 7.3158
3 272 -13.803 0 7.3158 -13.559 0 7.0722 -13.657 0 7.2182
4 379 -14.35 0 6.85 -14.35 0 5.95 -14.178 0 5.9843 -14.178 0 6.8158
4 379 -14.178 0 6.8158 -14.178 0 5.9843 -14.032 0 6.0818 -14.032 0 6.7182
4 379 -14.032 0 6.7182 -14.032 0 6.0818 -13.934 0 6.2278 -13.934 0 6.5722
4 379 -14.35 0 6.85 -14.522 0 6.8158 -14.522 0 5.9843 -14.35 0 5.95
4 379 -14.522 0 5.9843 -14.522 0 6.8158 -14.668 0 6.7182 -14.668 0 6.0818
4 379 -14.668 0 6.0818 -14.668 0 6.7182 -14.766 0 6.5722 -14.766 0 6.2278
3 379 -13.934 0 6.5722 -13.934 0 6.2278 -13.9 0 6.4
3 379 -14.766 0 6.5722 -14.8 0 6.4 -14.766 0 6.2278
0 // Face with frame
3 272 -1.725 0 -3.03 -1.725 0 -4.125 -1 0 -4.75
4 272 -4.325 0 -1.275 -3.925 0 -2.25 -3.925 0 2.25 -4.325 0 1.275
4 272 -1.725 0 -2.625 -3.925 0 -2.25 -3.4 0 -2.7445 -1.725 0 -3.03
4 272 -1.725 0 -2.625 -1.725 0 -3.03 -1 0 -4.75 -1 0 4.75
3 272 -1.725 0 2.625 -1.725 0 -2.625 -1 0 4.75
3 272 -1.725 0 4.125 -1.725 0 3.03 -1 0 4.75
3 272 -1.975 0 4.1983 -1.725 0 4.125 -1 0 4.75
4 272 -3.925 0 2.25 -1.725 0 2.625 -3.4 0 2.7445 -4.332 0 2.7503
3 272 -1.975 0 -4.1983 -1 0 -4.75 -1.725 0 -4.125
4 272 -1 0 -4.75 -1.975 0 -4.1983 -2.764 0 -4.4294 -1.038 0 -4.9413
4 272 -2.764 0 -4.4294 -3.09 0 -4.525 -1.5 0 -5.25 -1.309 0 -5.2119
4 272 -2.764 0 -4.4294 -1.309 0 -5.2119 -1.146 0 -5.1035 -1.038 0 -4.9413
4 272 -10.756 0 -4.3707 -11.5 0 -4.75 -11.462 0 -4.9413 -11.353 0 -5.1035
4 272 -10.702 0 -4.4518 -10.756 0 -4.3707 -11.353 0 -5.1035 -11.191 0 -5.2119
4 272 -11.5 0 4.75 -10.775 0 4.275 -10.756 0 4.3707 -11.462 0 4.9413
4 272 -11.462 0 4.9413 -10.756 0 4.3707 -10.702 0 4.4518 -11.353 0 5.1036
4 272 -10.621 0 4.506 -11 0 5.25 -11.191 0 5.2119 -10.702 0 4.4518
3 272 -11.353 0 5.1036 -10.702 0 4.4518 -11.191 0 5.2119
3 272 -11 0 5.25 -10.621 0 4.506 -10.525 0 4.525
3 272 -5.607 0 1.8717 -5.38 0 1.72 -5.031 0 2.3731
3 272 -9.019 0 2.3731 -8.67 0 1.72 -8.443 0 1.8717
3 272 -9.019 0 2.3731 -8.443 0 1.8717 -8.175 0 1.925
4 272 -9.019 0 2.3731 -8.175 0 1.925 -5.875 0 1.925 -5.031 0 2.3731
3 272 -5.875 0 1.925 -5.607 0 1.8717 -5.031 0 2.3731
4 272 -5.175 0 1.225 -5.175 0 -1.225 -4.775 0 -1.275 -5.031 0 2.3731
3 272 -5.228 0 1.4929 -5.175 0 1.225 -5.031 0 2.3731
3 272 -5.38 0 1.72 -5.228 0 1.4929 -5.031 0 2.3731
4 272 -8.822 0 -1.4929 -8.875 0 -1.225 -9.275 0 -0.925 -9.019 0 -2.3731
4 272 -9.275 0 -0.925 -8.875 0 -1.225 -8.875 0 1.225 -9.019 0 2.3731
3 272 -9.019 0 2.3731 -8.875 0 1.225 -8.822 0 1.4929
3 272 -9.019 0 2.3731 -8.822 0 1.4929 -8.67 0 1.72
4 272 -4.775 0 -1.275 -5.175 0 -1.225 -5.228 0 -1.4929 -5.031 0 -2.3731
3 272 -9.019 0 -2.3731 -8.443 0 -1.8717 -8.67 0 -1.72
3 272 -5.875 0 -1.925 -5.031 0 -2.3731 -5.607 0 -1.8717
4 272 -5.031 0 -2.3731 -5.875 0 -1.925 -8.175 0 -1.925 -9.019 0 -2.3731
3 272 -9.019 0 -2.3731 -8.175 0 -1.925 -8.443 0 -1.8717
3 272 -5.031 0 2.3731 -4.775 0 -1.275 -4.775 0 1.275
4 272 -4.715 0 2.0528 -5.031 0 2.3731 -4.775 0 1.275 -4.634 0 1.925
4 272 -3.925 0 2.25 -4.332 0 2.7503 -4.494 0 2.3519 -4.55 0 1.925
3 272 -4.55 0 1.925 -4.325 0 1.275 -3.925 0 2.25
4 272 -4.325 0 1.275 -4.55 0 1.925 -4.634 0 1.925 -4.775 0 1.275
4 272 -1 0 4.75 -1.038 0 4.9413 -2.764 0 4.4294 -1.975 0 4.1983
4 272 -3.4 0 2.7445 -1.975 0 4.1983 -2.764 0 4.4294 -4.073 0 3.094
3 272 -4.332 0 2.7503 -3.4 0 2.7445 -4.073 0 3.094
4 272 -11 0 5.25 -10.525 0 4.525 -3.09 0 4.525 -1.5 0 5.25
4 272 -1.5 0 5.25 -3.09 0 4.525 -2.764 0 4.4294 -1.038 0 4.9413
3 272 -11.5 0 -4.75 -10.756 0 -4.3707 -10.775 0 -4.275
4 272 -11.5 0 -4.75 -10.775 0 -4.275 -10.775 0 4.275 -11.5 0 4.75
4 272 -10.621 0 -4.506 -10.702 0 -4.4518 -11.191 0 -5.2119 -11 0 -5.25
3 272 -11 0 -5.25 -10.525 0 -4.525 -10.621 0 -4.506
4 272 -10.525 0 -4.525 -11 0 -5.25 -1.5 0 -5.25 -3.09 0 -4.525
4 272 -2.764 0 -4.4294 -1.975 0 -4.1983 -3.4 0 -2.7445 -3.925 0 -2.25
4 272 -4.073 0 -3.094 -2.764 0 -4.4294 -3.925 0 -2.25 -4.332 0 -2.7503
4 272 -4.494 0 -2.3519 -4.332 0 -2.7503 -3.925 0 -2.25 -4.325 0 -1.275
3 272 -4.55 0 -1.925 -4.494 0 -2.3519 -4.325 0 -1.275
4 272 -4.55 0 -1.925 -4.325 0 -1.275 -4.775 0 -1.275 -4.634 0 -1.925
4 272 -4.715 0 -2.0528 -4.634 0 -1.925 -4.775 0 -1.275 -5.031 0 -2.3731
4 272 -5.875 0 -2.65 -5.431 0 -2.579 -5.031 0 -2.3731 -9.019 0 -2.3731
4 272 -9.019 0 -2.3731 -8.619 0 -2.579 -8.175 0 -2.65 -5.875 0 -2.65
4 272 -10.203 0 -1.6195 -10.05 0 -1.65 -9.535 0 -1.65 -9.275 0 -0.925
4 272 -9.275 0 -0.925 -9.535 0 -1.65 -9.335 0 -2.0528 -9.019 0 -2.3731
4 272 -9.725 0 -0.925 -9.725 0 0.925 -10.05 0 1.65 -10.203 0 1.6195
4 272 -10.203 0 1.6195 -10.333 0 -1.5328 -10.203 0 -1.6195 -9.725 0 -0.925
3 272 -10.203 0 -1.6195 -9.275 0 -0.925 -9.725 0 -0.925
3 272 -9.275 0 0.925 -9.275 0 -0.925 -9.019 0 2.3731
4 272 -10.05 0 1.65 -9.725 0 0.925 -9.275 0 0.925 -9.535 0 1.65
4 272 -9.535 0 1.65 -9.275 0 0.925 -9.019 0 2.3731 -9.335 0 2.0528
4 272 -10.45 0 -1.25 -10.419 0 -1.4031 -10.333 0 -1.5328 -10.203 0 1.6195
4 272 -10.45 0 1.25 -10.45 0 -1.25 -10.203 0 1.6195 -10.419 0 1.4031
3 272 -10.419 0 1.4031 -10.203 0 1.6195 -10.333 0 1.5329
4 272 -8.175 0 2.65 -8.619 0 2.579 -9.019 0 2.3731 -5.031 0 2.3731
4 272 -5.031 0 2.3731 -5.431 0 2.579 -5.875 0 2.65 -8.175 0 2.65
3 272 -5.38 0 -1.72 -5.031 0 -2.3731 -5.228 0 -1.4929
3 272 -5.607 0 -1.8717 -5.031 0 -2.3731 -5.38 0 -1.72
3 272 -1.725 0 3.03 -1.725 0 2.625 -1 0 4.75
3 272 -3.4 0 2.7445 -1.725 0 2.625 -1.725 0 3.03
3 272 -9.019 0 -2.3731 -8.67 0 -1.72 -8.822 0 -1.4929
4 272 -1.146 0 5.1036 -1.309 0 5.2119 -1.5 0 5.25 -1.038 0 4.9413
4 272 -7.235 0 1.05 -7.235 0 .45 -7.12 0 .4728 -7.12 0 1.0272
4 272 -7.12 0 1.0272 -7.12 0 .4728 -7.023 0 .5379 -7.023 0 .9621
4 272 -7.023 0 .9621 -7.023 0 .5379 -6.958 0 .6352 -6.958 0 .8648
4 272 -7.235 0 1.05 -7.35 0 1.0272 -7.35 0 .4728 -7.235 0 .45
4 272 -7.35 0 .4728 -7.35 0 1.0272 -7.447 0 .9621 -7.447 0 .5379
4 272 -7.447 0 .5379 -7.447 0 .9621 -7.512 0 .8648 -7.512 0 .6352
3 272 -6.958 0 .8648 -6.958 0 .6352 -6.935 0 .75
3 272 -7.512 0 .8648 -7.535 0 .75 -7.512 0 .6352
4 272 -7.235 0 -.45 -7.235 0 -1.05 -7.12 0 -1.0272 -7.12 0 -.4728
4 272 -7.12 0 -.4728 -7.12 0 -1.0272 -7.023 0 -.9621 -7.023 0 -.5379
4 272 -7.023 0 -.5379 -7.023 0 -.9621 -6.958 0 -.8648 -6.958 0 -.6352
4 272 -7.235 0 -.45 -7.35 0 -.4728 -7.35 0 -1.0272 -7.235 0 -1.05
4 272 -7.35 0 -.4728 -7.447 0 -.5379 -7.447 0 -.9621 -7.35 0 -1.0272
4 272 -7.447 0 -.9621 -7.447 0 -.5379 -7.512 0 -.6352 -7.512 0 -.8648
3 272 -6.958 0 -.6352 -6.958 0 -.8648 -6.935 0 -.75
3 272 -7.512 0 -.6352 -7.535 0 -.75 -7.512 0 -.8648
0 // Filler of face and frame
3 379 -10.775 0 4.275 -10.333 0 1.5329 -10.203 0 1.6195
4 379 -10.756 0 -4.3707 -10.702 0 -4.4518 -10.621 0 -4.506 -9.019 0 -2.3731
3 379 -10.775 0 -4.275 -10.203 0 -1.6195 -10.333 0 -1.5328
3 379 -10.775 0 -4.275 -10.333 0 -1.5328 -10.419 0 -1.4031
4 379 -9.019 0 -2.3731 -9.335 0 -2.0528 -10.775 0 -4.275 -10.756 0 -4.3707
4 379 -9.335 0 -2.0528 -9.535 0 -1.65 -10.05 0 -1.65 -10.775 0 -4.275
3 379 -10.775 0 -4.275 -10.05 0 -1.65 -10.203 0 -1.6195
4 379 -10.05 0 1.65 -9.535 0 1.65 -9.335 0 2.0528 -10.775 0 4.275
4 379 -10.525 0 4.525 -10.621 0 4.506 -9.019 0 2.3731 -8.619 0 2.579
3 379 -10.775 0 -4.275 -10.419 0 -1.4031 -10.45 0 -1.25
4 379 -10.775 0 -4.275 -10.45 0 -1.25 -10.45 0 1.25 -10.775 0 4.275
3 379 -10.775 0 4.275 -10.45 0 1.25 -10.419 0 1.4031
3 379 -10.775 0 4.275 -10.419 0 1.4031 -10.333 0 1.5329
3 379 -10.775 0 4.275 -10.203 0 1.6195 -10.05 0 1.65
4 379 -10.756 0 4.3707 -10.775 0 4.275 -9.335 0 2.0528 -9.019 0 2.3731
4 379 -10.702 0 4.4518 -10.756 0 4.3707 -9.019 0 2.3731 -10.621 0 4.506
4 379 -5.431 0 2.579 -5.031 0 2.3731 -4.073 0 3.094 -3.09 0 4.525
3 379 -4.073 0 3.094 -2.764 0 4.4294 -3.09 0 4.525
4 379 -5.031 0 -2.3731 -5.431 0 -2.579 -3.09 0 -4.525 -4.073 0 -3.094
3 379 -4.073 0 -3.094 -3.09 0 -4.525 -2.764 0 -4.4294
4 379 -4.494 0 -2.3519 -4.55 0 -1.925 -4.634 0 -1.925 -4.715 0 -2.0528
4 379 -8.619 0 -2.579 -9.019 0 -2.3731 -10.621 0 -4.506 -10.525 0 -4.525
4 379 -8.175 0 -2.65 -8.619 0 -2.579 -10.525 0 -4.525 -3.09 0 -4.525
3 379 -10.525 0 4.525 -8.619 0 2.579 -8.175 0 2.65
4 379 -10.525 0 4.525 -8.175 0 2.65 -5.875 0 2.65 -3.09 0 4.525
3 379 -5.875 0 2.65 -5.431 0 2.579 -3.09 0 4.525
4 379 -4.634 0 1.925 -4.55 0 1.925 -4.494 0 2.3519 -4.715 0 2.0528
4 379 -5.031 0 2.3731 -4.715 0 2.0528 -4.494 0 2.3519 -4.332 0 2.7503
3 379 -5.031 0 2.3731 -4.332 0 2.7503 -4.073 0 3.094
3 379 -5.031 0 -2.3731 -4.073 0 -3.094 -4.332 0 -2.7503
4 379 -5.031 0 -2.3731 -4.332 0 -2.7503 -4.494 0 -2.3519 -4.715 0 -2.0528
3 379 -5.875 0 -2.65 -3.09 0 -4.525 -5.431 0 -2.579
3 379 -8.175 0 -2.65 -3.09 0 -4.525 -5.875 0 -2.65
4 379 -9.725 0 -0.925 -9.275 0 -0.925 -9.275 0 0.925 -9.725 0 0.925
4 379 -4.325 0 1.275 -4.775 0 1.275 -4.775 0 -1.275 -4.325 0 -1.275
4 379 -1.725 0 3.03 -1.725 0 4.125 -1.975 0 4.1983 -3.4 0 2.7445
4 379 -3.925 0 -2.25 -1.725 0 -2.625 -1.725 0 2.625 -3.925 0 2.25
4 379 -1.725 0 -4.125 -1.725 0 -3.03 -3.4 0 -2.7445 -1.975 0 -4.1983
4 379 -7.235 0 .45 -7.235 0 -.45 -7.12 0 -.4728 -7.12 0 .4728
4 379 -7.12 0 .4728 -7.12 0 -.4728 -7.023 0 -.5379 -7.023 0 .5379
4 379 -7.023 0 .5379 -7.023 0 -.5379 -6.958 0 -.6352 -6.958 0 .6352
4 379 -6.958 0 .6352 -6.958 0 -.6352 -6.935 0 -.75 -6.935 0 .75
4 379 -6.935 0 .75 -6.935 0 -.75 -5.175 0 -1.225 -5.175 0 1.225
4 379 -7.235 0 .45 -7.35 0 .4728 -7.35 0 -.4728 -7.235 0 -.45
4 379 -7.35 0 -.4728 -7.35 0 .4728 -7.447 0 .5379 -7.447 0 -.5379
4 379 -7.447 0 .5379 -7.512 0 .6352 -7.512 0 -.6352 -7.447 0 -.5379
4 379 -7.512 0 .6352 -7.535 0 .75 -7.535 0 -.75 -7.512 0 -.6352
4 379 -7.535 0 .75 -8.875 0 1.225 -8.875 0 -1.225 -7.535 0 -.75
4 379 -8.175 0 1.925 -8.443 0 1.8717 -7.35 0 1.0272 -7.235 0 1.05
4 379 -7.35 0 1.0272 -8.443 0 1.8717 -8.67 0 1.72 -7.447 0 .9621
4 379 -7.447 0 .9621 -8.67 0 1.72 -8.822 0 1.4929 -7.512 0 .8648
4 379 -7.512 0 .8648 -8.822 0 1.4929 -8.875 0 1.225 -7.535 0 .75
4 379 -7.535 0 -.75 -8.875 0 -1.225 -8.822 0 -1.4929 -7.512 0 -.8648
4 379 -7.512 0 -.8648 -8.822 0 -1.4929 -8.67 0 -1.72 -7.447 0 -.9621
4 379 -7.447 0 -.9621 -8.67 0 -1.72 -8.443 0 -1.8717 -7.35 0 -1.0272
4 379 -7.35 0 -1.0272 -8.443 0 -1.8717 -8.175 0 -1.925 -7.235 0 -1.05
4 379 -5.175 0 1.225 -5.228 0 1.4929 -6.958 0 .8648 -6.935 0 .75
4 379 -6.958 0 .8648 -5.228 0 1.4929 -5.38 0 1.72 -7.023 0 .9621
4 379 -7.023 0 .9621 -5.38 0 1.72 -5.607 0 1.8717 -7.12 0 1.0272
4 379 -7.12 0 1.0272 -5.607 0 1.8717 -5.875 0 1.925 -7.235 0 1.05
3 379 -5.875 0 1.925 -8.175 0 1.925 -7.235 0 1.05
4 379 -5.175 0 -1.225 -6.935 0 -.75 -6.958 0 -.8648 -5.228 0 -1.4929
4 379 -5.228 0 -1.4929 -6.958 0 -.8648 -7.023 0 -.9621 -5.38 0 -1.72
4 379 -5.38 0 -1.72 -7.023 0 -.9621 -7.12 0 -1.0272 -5.607 0 -1.8717
4 379 -5.607 0 -1.8717 -7.12 0 -1.0272 -7.235 0 -1.05 -5.875 0 -1.925
3 379 -7.235 0 -1.05 -8.175 0 -1.925 -5.875 0 -1.925
0 // Button with number "1"
4 272 4.03 0 -5 4.45 0 -6.975 4.45 0 -2.725 4.03 0 -4.275
4 272 4.03 0 -5 2.48 0 -5 2.48 0 -5.225 4.45 0 -6.975
4 272 4.45 0 -6.975 2.48 0 -5.225 2.145 0 -5.425 1.3 0 -6.975
3 272 1.3 0 -6.975 2.145 0 -5.425 1.72 0 -5
4 272 1.3 0 -2.725 1.3 0 -6.975 1.72 0 -5 1.72 0 -4.275
4 272 1.3 0 -2.725 1.72 0 -4.275 4.03 0 -4.275 4.45 0 -2.725
4 379 2.48 0 -5 4.03 0 -5 4.03 0 -4.275 1.72 0 -4.275
4 379 2.48 0 -5 1.72 0 -4.275 1.72 0 -5 2.145 0 -5.425
3 379 2.145 0 -5.425 2.48 0 -5.225 2.48 0 -5
0 // Button with number "2"
4 272 2.589 0 0.2799 2.198 0 0.019 2.236 0 -0.0433 2.603 0 0.2645
3 272 2.948 0 0.5537 3.58 0 -0.2 3.58 0 0.8
3 272 1.3 0 2.125 1.932 0 0.5981 2.156 0 0.7475
4 272 4.45 0 2.125 1.3 0 2.125 2.683 0 0.7475 3.58 0 0.8
3 272 3.58 0 0.8 4.03 0 0.8 4.45 0 2.125
4 272 4.45 0 2.125 4.03 0 0.8 4.03 0 -0.8 4.45 0 -2.125
3 272 3.496 0 -0.8 4.45 0 -2.125 4.03 0 -0.8
3 272 1.3 0 2.125 2.156 0 0.7475 2.419 0 0.8
3 272 1.3 0 2.125 2.419 0 0.8 2.683 0 0.7475
3 272 2.683 0 0.7475 2.907 0 0.5981 3.58 0 0.8
3 272 2.907 0 0.5981 2.948 0 0.5537 3.58 0 0.8
3 272 1.3 0 -2.125 2.181 0 -0.6773 1.891 0 -0.3326
4 272 2.181 0 -0.6773 1.3 0 -2.125 4.45 0 -2.125 3.496 0 -0.8
3 272 2.181 0 -0.6773 3.496 0 -0.8 2.525 0 -0.388
4 272 2.525 0 -0.388 3.496 0 -0.8 2.603 0 0.2645 2.236 0 -0.0433
3 272 1.3 0 -2.125 1.891 0 -0.3326 1.783 0 -0.1533
4 272 1.3 0 -2.125 1.783 0 -0.1533 1.73 0 0.1106 1.3 0 2.125
3 272 1.3 0 2.125 1.73 0 0.1106 1.783 0 0.3744
3 272 1.3 0 2.125 1.783 0 0.3744 1.932 0 0.5981
4 272 2.198 0 0.2022 2.18 0 0.1106 2.198 0 0.019 2.589 0 0.2799
4 272 2.198 0 0.2022 2.589 0 0.2799 2.511 0 0.3318 2.25 0 0.2799
4 272 2.328 0 0.3318 2.25 0 0.2799 2.511 0 0.3318 2.419 0 0.35
4 379 4.03 0 0.8 3.58 0 0.8 3.58 0 -0.2 4.03 0 -0.8
4 379 1.891 0 -0.3326 2.181 0 -0.6773 2.525 0 -0.388 2.236 0 -0.0433
4 379 1.783 0 -0.1533 1.891 0 -0.3326 2.236 0 -0.0433 2.198 0 0.019
4 379 1.73 0 0.1106 1.783 0 -0.1533 2.198 0 0.019 2.18 0 0.1106
4 379 1.783 0 0.3744 1.73 0 0.1106 2.18 0 0.1106 2.198 0 0.2022
4 379 1.932 0 0.5981 1.783 0 0.3744 2.198 0 0.2022 2.25 0 0.2799
4 379 2.156 0 0.7475 1.932 0 0.5981 2.25 0 0.2799 2.328 0 0.3318
4 379 2.419 0 0.8 2.156 0 0.7475 2.328 0 0.3318 2.419 0 0.35
4 379 2.683 0 0.7475 2.419 0 0.8 2.419 0 0.35 2.511 0 0.3318
4 379 2.907 0 0.5981 2.683 0 0.7475 2.511 0 0.3318 2.589 0 0.2799
4 379 2.948 0 0.5537 2.907 0 0.5981 2.589 0 0.2799 2.603 0 0.2645
4 379 3.58 0 -0.2 2.948 0 0.5537 2.603 0 0.2645 3.496 0 -0.8
3 379 3.496 0 -0.8 4.03 0 -0.8 3.58 0 -0.2
0 // Button with number "3"
4 272 2.767 0 5.5429 2.875 0 5.4708 2.983 0 5.5429 1.3 0 6.975
3 272 1.3 0 6.975 2.193 0 5.5429 2.48 0 5.6
4 272 4.45 0 2.725 4.45 0 6.975 4.02 0 4.85 3.963 0 4.563
3 272 3.8 0 4.3197 4.45 0 2.725 3.963 0 4.563
4 272 1.3 0 2.725 4.45 0 2.725 2.297 0 4.1 2.134 0 4.1847
3 272 1.3 0 2.725 2.134 0 4.1847 1.95 0 4.3197
3 272 1.3 0 6.975 1.95 0 5.3803 2.193 0 5.5429
3 272 3.557 0 5.5429 3.8 0 5.3803 4.45 0 6.975
3 272 3.8 0 5.3803 3.963 0 5.137 4.45 0 6.975
3 272 3.963 0 5.137 4.02 0 4.85 4.45 0 6.975
3 272 3.454 0 4.1 4.45 0 2.725 3.616 0 4.1847
3 272 3.616 0 4.1847 4.45 0 2.725 3.8 0 4.3197
3 272 1.3 0 2.725 1.95 0 4.3197 1.787 0 4.563
4 272 1.3 0 2.725 1.787 0 4.563 1.73 0 4.85 1.3 0 6.975
3 272 1.3 0 6.975 1.73 0 4.85 1.787 0 5.137
3 272 1.3 0 6.975 1.787 0 5.137 1.95 0 5.3803
3 272 1.3 0 6.975 2.48 0 5.6 2.767 0 5.5429
4 272 1.3 0 6.975 2.983 0 5.5429 3.27 0 5.6 4.45 0 6.975
3 272 3.27 0 5.6 3.557 0 5.5429 4.45 0 6.975
3 272 4.45 0 2.725 3.454 0 4.1 2.297 0 4.1
4 272 3.454 0 4.1 3.246 0 4.4992 2.504 0 4.4992 2.297 0 4.1
4 272 2.504 0 4.4992 3.246 0 4.4992 2.95 0 4.965 2.8 0 4.965
4 272 3.27 0 5.15 3.246 0 4.4992 3.409 0 4.5839 3.385 0 5.1272
4 272 3.385 0 5.1272 3.409 0 4.5839 3.482 0 4.6379 3.482 0 5.0621
4 272 3.482 0 5.0621 3.482 0 4.6379 3.547 0 4.7352 3.547 0 4.9648
4 272 3.27 0 5.15 3.155 0 5.1272 3.058 0 5.0621 3.246 0 4.4992
3 272 3.547 0 4.9648 3.547 0 4.7352 3.57 0 4.85
3 272 3.058 0 5.0621 2.95 0 4.965 3.246 0 4.4992
4 272 2.48 0 5.15 2.365 0 5.1272 2.342 0 4.5839 2.504 0 4.4992
4 272 2.342 0 4.5839 2.365 0 5.1272 2.268 0 5.0621 2.268 0 4.6379
4 272 2.268 0 4.6379 2.268 0 5.0621 2.203 0 4.9648 2.203 0 4.7352
4 272 2.48 0 5.15 2.504 0 4.4992 2.692 0 5.0621 2.595 0 5.1272
3 272 2.203 0 4.9648 2.18 0 4.85 2.203 0 4.7352
3 272 2.692 0 5.0621 2.504 0 4.4992 2.8 0 4.965
4 379 2.297 0 4.1 2.504 0 4.4992 2.342 0 4.5839 2.134 0 4.1847
4 379 2.134 0 4.1847 2.342 0 4.5839 2.268 0 4.6379 1.95 0 4.3197
4 379 1.95 0 4.3197 2.268 0 4.6379 2.203 0 4.7352 1.787 0 4.563
4 379 1.787 0 4.563 2.203 0 4.7352 2.18 0 4.85 1.73 0 4.85
4 379 1.73 0 4.85 2.18 0 4.85 2.203 0 4.9648 1.787 0 5.137
4 379 1.787 0 5.137 2.203 0 4.9648 2.268 0 5.0621 1.95 0 5.3803
4 379 1.95 0 5.3803 2.268 0 5.0621 2.365 0 5.1272 2.193 0 5.5429
4 379 2.193 0 5.5429 2.365 0 5.1272 2.48 0 5.15 2.48 0 5.6
4 379 2.48 0 5.6 2.48 0 5.15 2.595 0 5.1272 2.767 0 5.5429
4 379 2.767 0 5.5429 2.595 0 5.1272 2.692 0 5.0621 2.875 0 5.4708
4 379 3.409 0 4.5839 3.246 0 4.4992 3.454 0 4.1 3.616 0 4.1847
4 379 3.482 0 4.6379 3.409 0 4.5839 3.616 0 4.1847 3.8 0 4.3197
4 379 3.547 0 4.7352 3.482 0 4.6379 3.8 0 4.3197 3.963 0 4.563
4 379 3.57 0 4.85 3.547 0 4.7352 3.963 0 4.563 4.02 0 4.85
4 379 3.547 0 4.9648 3.57 0 4.85 4.02 0 4.85 3.963 0 5.137
4 379 3.482 0 5.0621 3.547 0 4.9648 3.963 0 5.137 3.8 0 5.3803
4 379 3.385 0 5.1272 3.482 0 5.0621 3.8 0 5.3803 3.557 0 5.5429
4 379 3.27 0 5.15 3.385 0 5.1272 3.557 0 5.5429 3.27 0 5.6
4 379 3.155 0 5.1272 3.27 0 5.15 3.27 0 5.6 2.983 0 5.5429
4 379 3.058 0 5.0621 3.155 0 5.1272 2.983 0 5.5429 2.875 0 5.4708
3 379 2.875 0 5.4708 2.692 0 5.0621 3.058 0 5.0621
4 379 3.058 0 5.0621 2.692 0 5.0621 2.8 0 4.965 2.95 0 4.965
0 // Button with number "4"
4 272 5.1 0 -2.725 7.03 0 -3.975 7.43 0 -3.975 8.25 0 -2.725
4 272 7.83 0 -4.61 8.25 0 -6.975 8.25 0 -2.725 7.83 0 -4.135
4 272 6.83 0 -4.135 7.03 0 -3.975 5.1 0 -2.725 5.52 0 -4.135
4 272 5.52 0 -4.71 5.52 0 -4.135 5.1 0 -2.725 5.1 0 -6.975
4 272 7.1466 0 -5.7102 5.52 0 -4.71 5.1 0 -6.975 8.25 0 -6.975
3 272 7.1466 0 -5.7102 8.25 0 -6.975 7.4675 0 -5.36
3 272 6.63 0 -4.61 7.03 0 -4.856 7.03 0 -4.61
3 272 8.25 0 -6.975 7.83 0 -4.61 7.63 0 -4.61
4 272 8.25 0 -6.975 7.63 0 -4.61 7.4675 0 -4.7873 7.4675 0 -5.36
4 272 8.25 0 -2.725 7.43 0 -3.975 7.63 0 -4.135 7.83 0 -4.135
4 379 5.52 0 -4.135 5.52 0 -4.71 6.63 0 -4.61 6.83 0 -4.135
4 379 6.83 0 -4.135 6.63 0 -4.61 7.03 0 -4.61 7.43 0 -3.975
4 379 6.63 0 -4.61 5.52 0 -4.71 7.1466 0 -5.7102 7.03 0 -4.856
4 379 7.03 0 -4.856 7.1466 0 -5.7102 7.4675 0 -5.36 7.4675 0 -4.7873
3 379 7.43 0 -3.975 7.03 0 -3.975 6.83 0 -4.135
4 379 7.43 0 -3.975 7.03 0 -4.61 7.03 0 -4.856 7.4675 0 -4.7873
4 379 7.43 0 -3.975 7.4675 0 -4.7873 7.63 0 -4.61 7.63 0 -4.135
4 379 7.63 0 -4.135 7.63 0 -4.61 7.83 0 -4.61 7.83 0 -4.135
0 // Button with number "5"
4 272 7.307 0 -0.8 5.1 0 -2.125 8.25 0 -2.125 7.755 0 -0.8392
3 272 7.755 0 -0.8392 8.25 0 -2.125 7.827 0 -0.0154
4 272 7.83 0 0.05 7.827 0 -0.0154 8.25 0 -2.125 8.25 0 2.125
3 272 7.773 0 0.337 7.83 0 0.05 8.25 0 2.125
4 272 6.793 0 0.7429 7.08 0 0.8 8.25 0 2.125 5.968 0 0.7608
4 272 7.292 0 0.2621 7.195 0 0.3272 7.08 0 0.35 7.357 0 0.1648
3 272 5.968 0 -0.2312 6.355 0 -0.265 6.333 0 -0.0154
3 272 5.968 0 -0.2312 6.333 0 -0.0154 6.33 0 0.05
4 272 5.968 0 -0.2312 6.33 0 0.05 6.387 0 0.337 5.968 0 0.7608
3 272 5.968 0 0.7608 6.387 0 0.337 6.55 0 0.5803
3 272 7.08 0 0.8 7.367 0 0.7429 8.25 0 2.125
3 272 7.367 0 0.7429 7.61 0 0.5803 8.25 0 2.125
3 272 7.61 0 0.5803 7.773 0 0.337 8.25 0 2.125
4 272 7.38 0 0.05 6.868 0 0.2621 6.803 0 0.1648 6.78 0 0.05
3 272 5.968 0 0.7608 6.55 0 0.5803 6.793 0 0.7429
4 272 5.968 0 0.7608 8.25 0 2.125 5.1 0 2.125 5.52 0 0.8
4 272 5.52 0 0.8 5.1 0 2.125 5.1 0 -2.125 5.52 0 -0.6437
3 272 5.1 0 -2.125 6.771 0 -0.7531 5.52 0 -0.6437
3 272 5.1 0 -2.125 7.307 0 -0.8 6.771 0 -0.7531
4 272 6.81 0 -0.3048 6.771 0 -0.7531 7.307 0 -0.8 7.379 0 0.0239
4 272 6.781 0 0.0239 6.81 0 -0.3048 7.379 0 0.0239 7.38 0 0.05
3 272 6.78 0 0.05 6.781 0 0.0239 7.38 0 0.05
4 272 7.357 0 0.1648 7.08 0 0.35 6.965 0 0.3272 7.38 0 0.05
3 272 6.868 0 0.2621 7.38 0 0.05 6.965 0 0.3272
4 379 5.968 0 0.7608 5.52 0 0.8 5.52 0 -0.6437 5.968 0 -0.2312
3 379 5.52 0 -0.6437 6.355 0 -0.265 5.968 0 -0.2312
4 379 7.307 0 -0.8 7.755 0 -0.8392 7.827 0 -0.0154 7.379 0 0.0239
4 379 7.379 0 0.0239 7.827 0 -0.0154 7.83 0 0.05 7.38 0 0.05
4 379 7.38 0 0.05 7.83 0 0.05 7.773 0 0.337 7.357 0 0.1648
4 379 7.357 0 0.1648 7.773 0 0.337 7.61 0 0.5803 7.292 0 0.2621
4 379 7.292 0 0.2621 7.61 0 0.5803 7.367 0 0.7429 7.195 0 0.3272
4 379 7.195 0 0.3272 7.367 0 0.7429 7.08 0 0.8 7.08 0 0.35
4 379 7.08 0 0.35 7.08 0 0.8 6.793 0 0.7429 6.965 0 0.3272
4 379 6.965 0 0.3272 6.793 0 0.7429 6.55 0 0.5803 6.868 0 0.2621
4 379 6.868 0 0.2621 6.55 0 0.5803 6.387 0 0.337 6.803 0 0.1648
4 379 6.803 0 0.1648 6.387 0 0.337 6.33 0 0.05 6.78 0 0.05
4 379 6.78 0 0.05 6.33 0 0.05 6.333 0 -0.0154 6.781 0 0.0239
4 379 6.781 0 0.0239 6.333 0 -0.0154 6.355 0 -0.265 6.81 0 -0.3048
4 379 6.81 0 -0.3048 6.355 0 -0.265 5.52 0 -0.6437 6.771 0 -0.7531
0 // Button with number "6"
3 272 7.367 0 5.5429 7.61 0 5.3803 8.25 0 6.975
3 272 5.1 0 2.725 5.983 0 4.1571 5.74 0 4.3197
3 272 7.61 0 5.3803 7.773 0 5.137 8.25 0 6.975
3 272 7.773 0 5.137 7.83 0 4.85 8.25 0 6.975
3 272 7.83 0 4.85 8.25 0 2.725 8.25 0 6.975
3 272 7.773 0 4.563 8.25 0 2.725 7.83 0 4.85
3 272 7.61 0 4.3197 8.25 0 2.725 7.773 0 4.563
3 272 5.1 0 2.725 5.74 0 4.3197 5.577 0 4.563
3 272 5.1 0 2.725 5.577 0 4.563 5.52 0 4.85
3 272 5.1 0 6.975 5.1 0 2.725 5.52 0 4.85
3 272 5.1 0 6.975 5.52 0 4.85 5.577 0 5.137
3 272 5.1 0 6.975 5.577 0 5.137 5.74 0 5.3803
3 272 5.1 0 6.975 5.74 0 5.3803 5.924 0 5.5153
4 272 5.1 0 6.975 5.924 0 5.5153 6.087 0 5.6 8.25 0 6.975
4 272 6.087 0 5.6 6.793 0 5.5429 7.08 0 5.6 8.25 0 6.975
3 272 7.08 0 5.6 7.367 0 5.5429 8.25 0 6.975
3 272 7.367 0 4.1571 8.25 0 2.725 7.61 0 4.3197
3 272 7.08 0 4.1 8.25 0 2.725 7.367 0 4.1571
4 272 8.25 0 2.725 7.08 0 4.1 6.27 0 4.1 5.1 0 2.725
3 272 5.1 0 2.725 6.27 0 4.1 5.983 0 4.1571
4 272 6.27 0 4.55 6.385 0 4.5728 6.482 0 4.6379 5.993 0 4.9648
4 272 6.087 0 5.6 6.294 0 5.2009 6.547 0 4.7352 6.495 0 5.0635
4 272 6.547 0 4.7352 6.294 0 5.2009 6.132 0 5.1161 6.482 0 4.6379
4 272 6.547 0 4.7352 6.57 0 4.85 6.547 0 4.9648 6.495 0 5.0635
4 272 6.482 0 4.6379 6.132 0 5.1161 6.058 0 5.0621 5.993 0 4.9648
4 272 6.27 0 4.55 5.993 0 4.9648 5.97 0 4.85 5.993 0 4.7352
3 272 6.087 0 5.6 6.495 0 5.0635 6.472 0 5.1783
3 272 6.087 0 5.6 6.472 0 5.1783 6.495 0 5.2931
3 272 6.087 0 5.6 6.495 0 5.2931 6.56 0 5.3904
4 272 6.27 0 4.55 5.993 0 4.7352 6.058 0 4.6379 6.155 0 4.5728
3 272 6.087 0 5.6 6.56 0 5.3904 6.567 0 5.3972
3 272 6.087 0 5.6 6.567 0 5.3972 6.793 0 5.5429
4 272 7.08 0 5.15 7.08 0 4.55 7.195 0 4.5728 7.195 0 5.1272
4 272 7.195 0 5.1272 7.195 0 4.5728 7.292 0 4.6379 7.292 0 5.0621
4 272 7.292 0 5.0621 7.292 0 4.6379 7.357 0 4.7352 7.357 0 4.9648
4 272 7.08 0 5.15 6.965 0 5.1272 6.965 0 4.5728 7.08 0 4.55
4 272 6.965 0 4.5728 6.965 0 5.1272 6.868 0 5.0621 6.868 0 4.6379
4 272 6.868 0 4.6379 6.868 0 5.0621 6.803 0 4.9648 6.803 0 4.7352
3 272 7.357 0 4.9648 7.357 0 4.7352 7.38 0 4.85
3 272 6.803 0 4.9648 6.78 0 4.85 6.803 0 4.7352
3 379 7.195 0 4.5728 7.61 0 4.3197 7.292 0 4.6379
3 379 7.08 0 4.55 7.61 0 4.3197 7.195 0 4.5728
4 379 6.547 0 4.7352 6.868 0 4.6379 6.803 0 4.7352 6.57 0 4.85
4 379 6.57 0 4.85 6.803 0 4.7352 6.78 0 4.85 6.547 0 4.9648
4 379 6.547 0 4.9648 6.78 0 4.85 6.803 0 4.9648 6.495 0 5.0635
4 379 6.567 0 5.3972 6.56 0 5.3904 6.868 0 5.0621 6.965 0 5.1272
4 379 6.868 0 5.0621 6.56 0 5.3904 6.495 0 5.2931 6.472 0 5.1783
4 379 6.868 0 5.0621 6.472 0 5.1783 6.495 0 5.0635 6.803 0 4.9648
4 379 7.357 0 4.7352 7.292 0 4.6379 7.61 0 4.3197 7.773 0 4.563
4 379 7.38 0 4.85 7.357 0 4.7352 7.773 0 4.563 7.83 0 4.85
4 379 7.357 0 4.9648 7.38 0 4.85 7.83 0 4.85 7.773 0 5.137
4 379 7.292 0 5.0621 7.357 0 4.9648 7.773 0 5.137 7.61 0 5.3803
4 379 7.195 0 5.1272 7.292 0 5.0621 7.61 0 5.3803 7.367 0 5.5429
4 379 7.08 0 5.15 7.195 0 5.1272 7.367 0 5.5429 7.08 0 5.6
4 379 6.965 0 5.1272 7.08 0 5.15 7.08 0 5.6 6.793 0 5.5429
3 379 6.567 0 5.3972 6.965 0 5.1272 6.793 0 5.5429
4 379 6.132 0 5.1161 6.294 0 5.2009 6.087 0 5.6 5.924 0 5.5153
4 379 6.058 0 5.0621 6.132 0 5.1161 5.924 0 5.5153 5.74 0 5.3803
4 379 5.993 0 4.9648 6.058 0 5.0621 5.74 0 5.3803 5.577 0 5.137
4 379 5.97 0 4.85 5.993 0 4.9648 5.577 0 5.137 5.52 0 4.85
4 379 5.993 0 4.7352 5.97 0 4.85 5.52 0 4.85 5.577 0 4.563
4 379 6.058 0 4.6379 5.993 0 4.7352 5.577 0 4.563 5.74 0 4.3197
4 379 6.155 0 4.5728 6.058 0 4.6379 5.74 0 4.3197 5.983 0 4.1571
4 379 6.27 0 4.55 6.155 0 4.5728 5.983 0 4.1571 6.27 0 4.1
4 379 6.385 0 4.5728 6.27 0 4.55 6.27 0 4.1 7.08 0 4.1
4 379 6.868 0 4.6379 6.547 0 4.7352 6.482 0 4.6379 6.965 0 4.5728
4 379 6.965 0 4.5728 6.482 0 4.6379 6.385 0 4.5728 7.08 0 4.1
4 379 6.965 0 4.5728 7.08 0 4.1 7.61 0 4.3197 7.08 0 4.55
3 379 7.08 0 4.1 7.367 0 4.1571 7.61 0 4.3197
0 // Button with number "7"
3 272 9.87 0 -4.525 9.87 0 -5.725 10.053 0 -4.7419
3 272 9.87 0 -5.725 11.047 0 -5.2526 10.771 0 -5.1859
4 272 12.05 0 -2.725 11.047 0 -4.7026 11.33 0 -4.725 11.63 0 -4.725
4 272 12.05 0 -6.975 12.05 0 -2.725 11.63 0 -4.725 11.63 0 -5.275
4 272 12.05 0 -6.975 11.63 0 -5.275 11.33 0 -5.275 9.87 0 -5.725
3 272 9.87 0 -5.725 10.771 0 -5.1859 10.509 0 -5.0765
3 272 9.87 0 -5.725 10.509 0 -5.0765 10.268 0 -4.9273
3 272 9.87 0 -5.725 10.268 0 -4.9273 10.053 0 -4.7419
4 272 10.053 0 -4.1919 10.268 0 -4.3773 12.05 0 -2.725 9.87 0 -3.975
3 272 9.87 0 -5.725 11.33 0 -5.275 11.047 0 -5.2526
4 272 12.05 0 -6.975 9.87 0 -5.725 9.32 0 -5.725 8.9 0 -6.975
4 272 8.9 0 -6.975 9.32 0 -5.725 9.32 0 -3.975 8.9 0 -2.725
4 272 8.9 0 -2.725 9.32 0 -3.975 9.87 0 -3.975 12.05 0 -2.725
4 272 12.05 0 -2.725 10.268 0 -4.3773 10.509 0 -4.5265 10.771 0 -4.6359
3 272 10.771 0 -4.6359 11.047 0 -4.7026 12.05 0 -2.725
4 379 9.32 0 -5.725 9.87 0 -5.725 9.87 0 -4.525 9.32 0 -3.975
4 379 9.32 0 -3.975 9.87 0 -4.525 10.053 0 -4.1919 9.87 0 -3.975
4 379 10.771 0 -4.6359 10.509 0 -5.0765 10.771 0 -5.1859 11.047 0 -4.7026
4 379 11.047 0 -4.7026 10.771 0 -5.1859 11.047 0 -5.2526 11.33 0 -5.275
4 379 11.33 0 -4.725 11.047 0 -4.7026 11.33 0 -5.275 11.63 0 -5.275
3 379 11.33 0 -4.725 11.63 0 -5.275 11.63 0 -4.725
4 379 10.053 0 -4.1919 9.87 0 -4.525 10.053 0 -4.7419 10.268 0 -4.3773
4 379 10.268 0 -4.3773 10.053 0 -4.7419 10.268 0 -4.9273 10.509 0 -4.5265
4 379 10.509 0 -4.5265 10.268 0 -4.9273 10.509 0 -5.0765 10.771 0 -4.6359
0 // Button with number "8"
3 272 11.167 0 0.6929 11.411 0 0.5303 12.05 0 2.125
3 272 11.411 0 0.5303 11.573 0 0.287 12.05 0 2.125
3 272 11.573 0 0.287 11.63 0 0 12.05 0 2.125
3 272 11.63 0 0 12.05 0 -2.125 12.05 0 2.125
3 272 11.573 0 -0.287 12.05 0 -2.125 11.63 0 0
3 272 11.411 0 -0.5303 12.05 0 -2.125 11.573 0 -0.287
4 272 10.357 0 -0.6929 10.07 0 -0.75 8.9 0 -2.125 10.593 0 -0.6929
3 272 8.9 0 -2.125 10.07 0 -0.75 9.783 0 -0.6929
3 272 8.9 0 -2.125 9.783 0 -0.6929 9.54 0 -0.5303
4 272 10.88 0 -0.75 10.593 0 -0.6929 8.9 0 -2.125 12.05 0 -2.125
3 272 10.88 0 -0.75 12.05 0 -2.125 11.167 0 -0.6929
3 272 11.167 0 -0.6929 12.05 0 -2.125 11.411 0 -0.5303
3 272 8.9 0 -2.125 9.54 0 -0.5303 9.377 0 -0.287
3 272 8.9 0 -2.125 9.377 0 -0.287 9.32 0 0
3 272 8.9 0 2.125 8.9 0 -2.125 9.32 0 0
3 272 8.9 0 2.125 9.32 0 0 9.377 0 0.287
3 272 8.9 0 2.125 9.377 0 0.287 9.54 0 0.5303
3 272 8.9 0 2.125 9.54 0 0.5303 9.783 0 0.6929
3 272 8.9 0 2.125 9.783 0 0.6929 10.07 0 0.75
4 272 8.9 0 2.125 10.07 0 0.75 10.88 0 0.75 12.05 0 2.125
3 272 10.88 0 0.75 11.167 0 0.6929 12.05 0 2.125
3 272 10.357 0 0.6929 10.475 0 0.6141 10.593 0 0.6929
4 272 10.357 0 0.6929 10.593 0 0.6929 10.88 0 0.75 10.07 0 0.75
3 272 10.357 0 -0.6929 10.593 0 -0.6929 10.475 0 -0.6141
4 272 10.07 0 .3 10.07 0 -.3 10.185 0 -.2772 10.185 0 .2772
4 272 10.185 0 .2772 10.185 0 -.2772 10.282 0 -.2121 10.282 0 .2121
4 272 10.282 0 .2121 10.282 0 -.2121 10.347 0 -.1148 10.347 0 .1148
4 272 10.07 0 .3 9.955 0 .2772 9.955 0 -.2772 10.07 0 -.3
4 272 9.955 0 -.2772 9.955 0 .2772 9.858 0 .2121 9.858 0 -.2121
4 272 9.858 0 -.2121 9.858 0 .2121 9.793 0 .1148 9.793 0 -.1148
3 272 10.347 0 .1148 10.347 0 -.1148 10.37 0 0
3 272 9.793 0 .1148 9.77 0 0 9.793 0 -.1148
4 272 10.88 0 .3 10.88 0 -.3 10.995 0 -.2772 10.995 0 .2772
4 272 10.995 0 .2772 10.995 0 -.2772 11.092 0 -.2121 11.092 0 .2121
4 272 11.092 0 .2121 11.092 0 -.2121 11.157 0 -.1148 11.157 0 .1148
4 272 10.88 0 .3 10.765 0 .2772 10.765 0 -.2772 10.88 0 -.3
4 272 10.765 0 -.2772 10.765 0 .2772 10.668 0 .2121 10.668 0 -.2121
4 272 10.668 0 -.2121 10.668 0 .2121 10.603 0 .1148 10.603 0 -.1148
3 272 11.157 0 .1148 11.157 0 -.1148 11.18 0 0
3 272 10.603 0 .1148 10.58 0 0 10.603 0 -.1148
4 379 10.475 0 0.6141 10.185 0 0.2772 10.282 0 0.2121 10.88 0 0.75
4 379 10.37 0 0 10.603 0 -0.1148 10.58 0 0 10.347 0 0.1148
3 379 10.347 0 0.1148 10.58 0 0 10.603 0 0.1148
3 379 10.347 0 0.1148 10.603 0 0.1148 10.668 0 0.2121
4 379 10.357 0 0.6929 9.955 0 0.2772 10.07 0 0.3 10.475 0 0.6141
3 379 10.07 0 0.3 10.185 0 0.2772 10.475 0 0.6141
4 379 11.167 0 0.6929 10.88 0 0.75 10.282 0 0.2121 10.347 0 0.1148
4 379 10.88 0 0.3 10.995 0 0.2772 11.411 0 0.5303 11.167 0 0.6929
3 379 10.995 0 0.2772 11.092 0 0.2121 11.411 0 0.5303
4 379 11.411 0 0.5303 11.092 0 0.2121 11.157 0 0.1148 11.573 0 0.287
4 379 11.573 0 0.287 11.157 0 0.1148 11.18 0 0 11.63 0 0
4 379 11.63 0 0 11.18 0 0 11.157 0 -0.1148 11.573 0 -0.287
4 379 11.573 0 -0.287 11.157 0 -0.1148 11.092 0 -0.2121 11.411 0 -0.5303
4 379 11.411 0 -0.5303 11.092 0 -0.2121 10.995 0 -0.2772 11.167 0 -0.6929
4 379 11.167 0 -0.6929 10.995 0 -0.2772 10.88 0 -0.3 10.88 0 -0.75
4 379 10.88 0 -0.75 10.88 0 -0.3 10.765 0 -0.2772 10.593 0 -0.6929
4 379 10.593 0 -0.6929 10.765 0 -0.2772 10.668 0 -0.2121 10.475 0 -0.6141
4 379 10.475 0 -0.6141 10.668 0 -0.2121 10.37 0 0 10.347 0 -0.1148
3 379 10.37 0 0 10.668 0 -0.2121 10.603 0 -0.1148
3 379 10.282 0 -0.2121 10.475 0 -0.6141 10.347 0 -0.1148
4 379 10.475 0 -0.6141 10.282 0 -0.2121 10.185 0 -0.2772 10.357 0 -0.6929
4 379 10.357 0 -0.6929 10.185 0 -0.2772 10.07 0 -0.3 10.07 0 -0.75
4 379 10.07 0 -0.75 10.07 0 -0.3 9.955 0 -0.2772 9.783 0 -0.6929
4 379 9.783 0 -0.6929 9.955 0 -0.2772 9.858 0 -0.2121 9.54 0 -0.5303
4 379 9.54 0 -0.5303 9.858 0 -0.2121 9.793 0 -0.1148 9.377 0 -0.287
4 379 9.377 0 -0.287 9.793 0 -0.1148 9.77 0 0 9.32 0 0
4 379 9.32 0 0 9.77 0 0 9.793 0 0.1148 9.377 0 0.287
4 379 9.377 0 0.287 9.793 0 0.1148 9.858 0 0.2121 9.54 0 0.5303
4 379 9.54 0 0.5303 9.858 0 0.2121 9.955 0 0.2772 9.783 0 0.6929
4 379 9.783 0 0.6929 9.955 0 0.2772 10.357 0 0.6929 10.07 0 0.75
3 379 10.765 0 0.2772 10.88 0 0.3 11.167 0 0.6929
4 379 10.765 0 0.2772 11.167 0 0.6929 10.347 0 0.1148 10.668 0 0.2121
3 379 10.475 0 0.6141 10.88 0 0.75 10.593 0 0.6929
0 // Button with number "9"
3 272 11.226 0 4.1847 12.05 0 2.725 11.411 0 4.3197
4 272 12.05 0 2.725 11.226 0 4.1847 11.064 0 4.1 8.9 0 2.725
3 272 8.9 0 2.725 9.783 0 4.1571 9.54 0 4.3197
3 272 8.9 0 2.725 9.54 0 4.3197 9.377 0 4.563
3 272 8.9 0 2.725 9.377 0 4.563 9.32 0 4.85
3 272 8.9 0 6.975 8.9 0 2.725 9.32 0 4.85
3 272 8.9 0 6.975 9.32 0 4.85 9.377 0 5.137
3 272 8.9 0 6.975 9.377 0 5.137 9.54 0 5.3803
3 272 11.167 0 5.5429 11.411 0 5.3803 12.05 0 6.975
3 272 11.411 0 5.3803 11.573 0 5.137 12.05 0 6.975
3 272 11.573 0 5.137 11.63 0 4.85 12.05 0 6.975
3 272 11.63 0 4.85 12.05 0 2.725 12.05 0 6.975
3 272 11.573 0 4.563 12.05 0 2.725 11.63 0 4.85
3 272 11.411 0 4.3197 12.05 0 2.725 11.573 0 4.563
4 272 11.064 0 4.1 10.357 0 4.1571 10.07 0 4.1 8.9 0 2.725
3 272 8.9 0 2.725 10.07 0 4.1 9.783 0 4.1571
3 272 8.9 0 6.975 9.54 0 5.3803 9.783 0 5.5429
3 272 8.9 0 6.975 9.783 0 5.5429 10.07 0 5.6
4 272 8.9 0 6.975 10.07 0 5.6 10.88 0 5.6 12.05 0 6.975
3 272 10.88 0 5.6 11.167 0 5.5429 12.05 0 6.975
4 272 10.856 0 4.4992 10.678 0 4.5217 10.655 0 4.4069 11.064 0 4.1
3 272 10.59 0 4.3096 11.064 0 4.1 10.655 0 4.4069
3 272 10.583 0 4.3029 11.064 0 4.1 10.59 0 4.3096
3 272 10.357 0 4.1571 11.064 0 4.1 10.583 0 4.3029
4 272 10.88 0 5.15 10.856 0 4.4992 11.019 0 4.5839 10.995 0 5.1272
4 272 10.995 0 5.1272 11.019 0 4.5839 11.092 0 4.6379 11.092 0 5.0621
4 272 11.092 0 5.0621 11.092 0 4.6379 11.157 0 4.7352 11.157 0 4.9648
4 272 10.88 0 5.15 10.765 0 5.1272 10.678 0 4.5217 10.856 0 4.4992
4 272 10.678 0 4.5217 10.765 0 5.1272 10.668 0 5.0621 10.655 0 4.6365
4 272 10.655 0 4.6365 10.668 0 5.0621 10.603 0 4.9648 10.603 0 4.7352
3 272 11.157 0 4.9648 11.157 0 4.7352 11.18 0 4.85
3 272 10.603 0 4.9648 10.58 0 4.85 10.603 0 4.7352
4 272 10.07 0 5.15 10.07 0 4.55 10.185 0 4.5728 10.185 0 5.1272
4 272 10.185 0 5.1272 10.185 0 4.5728 10.282 0 4.6379 10.282 0 5.0621
4 272 10.282 0 5.0621 10.282 0 4.6379 10.347 0 4.7352 10.347 0 4.9648
4 272 10.07 0 5.15 9.955 0 5.1272 9.955 0 4.5728 10.07 0 4.55
4 272 9.955 0 4.5728 9.955 0 5.1272 9.858 0 5.0621 9.858 0 4.6379
4 272 9.858 0 4.6379 9.858 0 5.0621 9.793 0 4.9648 9.793 0 4.7352
3 272 10.347 0 4.9648 10.347 0 4.7352 10.37 0 4.85
3 272 9.793 0 4.9648 9.77 0 4.85 9.793 0 4.7352
4 379 10.185 0 5.1272 10.282 0 5.0621 11.167 0 5.5429 10.88 0 5.6
3 379 10.347 0 4.9648 10.668 0 5.0621 10.765 0 5.1272
4 379 10.583 0 4.3029 10.59 0 4.3096 10.282 0 4.6379 10.185 0 4.5728
4 379 10.37 0 4.85 10.603 0 4.7352 10.58 0 4.85 10.347 0 4.9648
3 379 10.347 0 4.9648 10.58 0 4.85 10.603 0 4.9648
3 379 10.347 0 4.9648 10.603 0 4.9648 10.668 0 5.0621
4 379 11.167 0 5.5429 10.282 0 5.0621 10.347 0 4.9648 11.411 0 5.3803
3 379 10.347 0 4.9648 10.765 0 5.1272 11.411 0 5.3803
4 379 10.282 0 4.6379 10.59 0 4.3096 10.655 0 4.4069 10.678 0 4.5217
4 379 10.282 0 4.6379 10.678 0 4.5217 10.655 0 4.6365 10.347 0 4.7352
4 379 10.347 0 4.7352 10.655 0 4.6365 10.603 0 4.7352 10.37 0 4.85
4 379 10.07 0 5.15 10.185 0 5.1272 10.88 0 5.6 10.07 0 5.6
4 379 9.955 0 5.1272 10.07 0 5.15 10.07 0 5.6 9.783 0 5.5429
4 379 9.858 0 5.0621 9.955 0 5.1272 9.783 0 5.5429 9.54 0 5.3803
4 379 9.793 0 4.9648 9.858 0 5.0621 9.54 0 5.3803 9.377 0 5.137
4 379 9.77 0 4.85 9.793 0 4.9648 9.377 0 5.137 9.32 0 4.85
4 379 9.793 0 4.7352 9.77 0 4.85 9.32 0 4.85 9.377 0 4.563
4 379 9.858 0 4.6379 9.793 0 4.7352 9.377 0 4.563 9.54 0 4.3197
4 379 9.955 0 4.5728 9.858 0 4.6379 9.54 0 4.3197 9.783 0 4.1571
4 379 10.07 0 4.55 9.955 0 4.5728 9.783 0 4.1571 10.07 0 4.1
4 379 10.185 0 4.5728 10.07 0 4.55 10.07 0 4.1 10.357 0 4.1571
3 379 10.185 0 4.5728 10.357 0 4.1571 10.583 0 4.3029
3 379 10.765 0 5.1272 10.88 0 5.15 11.411 0 5.3803
4 379 11.019 0 4.5839 10.856 0 4.4992 11.064 0 4.1 11.226 0 4.1847
4 379 11.092 0 4.6379 11.019 0 4.5839 11.226 0 4.1847 11.411 0 4.3197
4 379 11.157 0 4.7352 11.092 0 4.6379 11.411 0 4.3197 11.573 0 4.563
4 379 11.18 0 4.85 11.157 0 4.7352 11.573 0 4.563 11.63 0 4.85
4 379 11.157 0 4.9648 11.18 0 4.85 11.63 0 4.85 11.573 0 5.137
4 379 11.092 0 5.0621 11.157 0 4.9648 11.573 0 5.137 11.411 0 5.3803
3 379 10.995 0 5.1272 11.092 0 5.0621 11.411 0 5.3803
3 379 10.88 0 5.15 10.995 0 5.1272 11.411 0 5.3803
