0 Electric Mindstorms RCX  8 x 12 Bottom Cover
0 Name: 32109.dat
0 Author: John Van Zwieten [jvan]
0 !LDRAW_ORG Unofficial_Part
0 !LICENSE Redistributable under CCAL version 2.0 : see CAreadme.txt

0 BFC CERTIFY CCW

0 !HISTORY 1999-03-26 [PTadmin] Official Update 1999-02
0 !HISTORY 2007-06-25 [PTadmin] Header formatted for Contributor Agreement
0 !HISTORY 2008-07-01 [PTadmin] Official Update 2008-01
0 !HISTORY 2017-08-13 [MagFors] bfc'd, made inside

1 16 0 44 0 1 0 0 0 -1 0 0 0 1 stug4-1x5.dat
1 16 0 44 60 1 0 0 0 -1 0 0 0 1 stug4-5x5.dat
1 16 0 44 -60 1 0 0 0 -1 0 0 0 1 stug4-5x5.dat

0 BFC INVERTNEXT
1 16 0 48 0 0 0 56 0 -4 0 -116 0 0 box5.dat
4 16 60 48 -120 56 48 -116 56 48 116 60 48 120
4 16 -56 48 116 -56 48 -116 -60 48 -120 -60 48 120
4 16 -56 48 -116 56 48 -116 60 48 -120 -60 48 -120
4 16 60 48 120 56 48 116 -56 48 116 -60 48 120

1 16 0 0 0 80 0 0 0 43 0 0 0 120 box4o4a.dat
2 24 80 43 120 80 43 -120
2 24 -80 43 120 -80 43 -120

1 16 -60 45.955 0 0 1 0 2.045 0 0 0 0 -117 rect.dat
1 16 60 45.955 0 0 -1 0 0 0 2.045 -117 0 0 rect.dat

4 16 -76.3637 43.9091 117 -60 43.91 117 -60 43.91 -117 -76.3637 43.9091 -117
4 16 60 43.91 -117 60 43.91 117 76.3637 43.9091 117 76.3637 43.9091 -117
4 16 -76.3637 43.9091 -117 -80 43 -120 -80 43 120 -76.3637 43.9091 117
4 16 80 43 120 80 43 -120 76.3637 43.9091 -117 76.3637 43.9091 117

2 24 60 48 120 -60 48 120
2 24 -60 48 -120 60 48 -120
2 24 -80 43 120 -60 48 120
2 24 -80 43 -120 -60 48 -120
2 24 80 43 120 60 48 120
2 24 80 43 -120 60 48 -120
4 16 60 48 -120 80 43 -120 -80 43 -120 -60 48 -120
4 16 -80 43 120 80 43 120 60 48 120 -60 48 120

0 // sloping offset studs
1 16 70 46 90 1 0 0 0 -1 0 0 0 1 s\32109-1.dat
1 16 70 46 70 1 0 0 0 -1 0 0 0 1 s\32109-1.dat
1 16 70 46 50 1 0 0 0 -1 0 0 0 1 s\32109-1.dat
1 16 70 46 30 1 0 0 0 -1 0 0 0 1 s\32109-1.dat
1 16 70 46 10 1 0 0 0 -1 0 0 0 1 s\32109-1.dat
1 16 70 46 -10 1 0 0 0 -1 0 0 0 1 s\32109-1.dat
1 16 70 46 -30 1 0 0 0 -1 0 0 0 1 s\32109-1.dat
1 16 70 46 -50 1 0 0 0 -1 0 0 0 1 s\32109-1.dat
1 16 70 46 -70 1 0 0 0 -1 0 0 0 1 s\32109-1.dat
1 16 70 46 -90 1 0 0 0 -1 0 0 0 1 s\32109-1.dat
1 16 70 46 -110 1 0 0 0 -1 0 0 0 1 s\32109-1.dat
1 16 70 46 110 1 0 0 0 -1 0 0 0 -1 s\32109-1.dat
1 16 70 46 90 1 0 0 0 -1 0 0 0 -1 s\32109-1.dat
1 16 70 46 70 1 0 0 0 -1 0 0 0 -1 s\32109-1.dat
1 16 70 46 50 1 0 0 0 -1 0 0 0 -1 s\32109-1.dat
1 16 70 46 30 1 0 0 0 -1 0 0 0 -1 s\32109-1.dat
1 16 70 46 10 1 0 0 0 -1 0 0 0 -1 s\32109-1.dat
1 16 70 46 -10 1 0 0 0 -1 0 0 0 -1 s\32109-1.dat
1 16 70 46 -30 1 0 0 0 -1 0 0 0 -1 s\32109-1.dat
1 16 70 46 -50 1 0 0 0 -1 0 0 0 -1 s\32109-1.dat
1 16 70 46 -70 1 0 0 0 -1 0 0 0 -1 s\32109-1.dat
1 16 70 46 -90 1 0 0 0 -1 0 0 0 -1 s\32109-1.dat
0 // integrated end stud
1 16 70 43.91 110 6 0 0 0 -1 0 0 0 6 2-4edge.dat
1 16 70 43.91 110 -9 0 0 0 -1 0 0 0 9 1-8edge.dat
1 16 70 45.5 110 6 0 0 -1.5 -1 0 0 0 6 2-4edge.dat
1 16 70 45.5 110 -9 0 0 2.25 -1 0 0 0 9 1-8edge.dat
1 16 70 45.5 110 -3 0 0 0.75 -1 0 0 0 3 1-8ring2.dat
0 BFC INVERTNEXT
1 16 70 44 110 6 0 0 0 1.5 0 0 0 6 2-4cyls.dat
0 BFC INVERTNEXT
1 16 70 43.91 110 6 0 0 0 0.09 0 0 0 6 2-4cyli.dat
3 16 75.5434 44.1142 112.2962 74.2426 44.4394 114.2426 76.3637 43.9091 117
4 16 76 44 110 75.5434 44.1142 112.2962 76.3637 43.9091 117 76.3639 43.91 110
4 16 61.6849 47.5788 113.4443 61.6849 43.91 113.4443 63.6361 43.91 116.3639 63.6361 47.091 116.3639
4 16 61.6849 47.5788 113.4443 61 47.75 110 61 43.91 110 61.6849 43.91 113.4443
5 24 61.6849 47.5788 113.4443 61.6849 43.91 113.4443 61 43.91 110 63.6361 43.91 116.3639
2 24 63.6361 43.91 117 60 43.91 117
2 24 60 48 117 63.6361 47.091 117
2 24 60 48 117 60 48 120
4 16 63.6361 47.091 117 60 48 117 60 48 120 80 43 120
4 16 60 43.91 117 60 48 117 63.6361 47.091 117 63.6361 43.91 117
1 16 63.6361 45.5005 116.682 0 1 0 0 0 1.5905 0.31805 0 0 rect.dat
4 16 65.7574 46.5607 114.2426 63.6361 47.091 116.3639 63.6361 47.091 117 67.7038 46.0741 115.5434
3 16 67.7038 46.0741 115.5434 63.6361 47.091 117 70 45.5 116
4 16 80 43 120 76.3637 43.9091 117 70 45.5 116 63.6361 47.091 117
3 16 70 45.5 116 76.3637 43.9091 117 72.2962 44.926 115.5434
3 16 72.2962 44.926 115.5434 76.3637 43.9091 117 74.2426 44.4394 114.2426
0 // integrated end stud
1 16 70 43.91 -110 6 0 0 0 -1 0 0 0 -6 2-4edge.dat
1 16 70 43.91 -110 -9 0 0 0 -1 0 0 0 -9 1-8edge.dat
1 16 70 45.5 -110 6 0 0 -1.5 -1 0 0 0 -6 2-4edge.dat
1 16 70 45.5 -110 -9 0 0 2.25 -1 0 0 0 -9 1-8edge.dat
1 16 70 45.5 -110 -3 0 0 0.75 -1 0 0 0 -3 1-8ring2.dat
0 BFC INVERTNEXT
1 16 70 44 -110 6 0 0 0 1.5 0 0 0 -6 2-4cyls.dat
0 BFC INVERTNEXT
1 16 70 43.91 -110 6 0 0 0 0.09 0 0 0 -6 2-4cyli.dat
3 16 76.3637 43.9091 -117 74.2426 44.4394 -114.2426 75.5434 44.1142 -112.2962
4 16 76.3637 43.9091 -117 75.5434 44.1142 -112.2962 76 44 -110 76.3639 43.91 -110
4 16 63.6361 43.91 -116.3639 61.6849 43.91 -113.4443 61.6849 47.5788 -113.4443 63.6361 47.091 -116.3639
4 16 61 43.91 -110 61 47.75 -110 61.6849 47.5788 -113.4443 61.6849 43.91 -113.4443
5 24 61.6849 47.5788 -113.4443 61.6849 43.91 -113.4443 61 43.91 -110 63.6361 43.91 -116.3639
2 24 63.6361 43.91 -117 60 43.91 -117
2 24 60 48 -117 63.6361 47.091 -117
2 24 60 48 -117 60 48 -120
4 16 60 48 -120 60 48 -117 63.6361 47.091 -117 80 43 -120
4 16 63.6361 47.091 -117 60 48 -117 60 43.91 -117 63.6361 43.91 -117
1 16 63.6361 45.5005 -116.682 0 1 0 -1.5905 0 0 0 0 0.31805 rect.dat
4 16 63.6361 47.091 -117 63.6361 47.091 -116.3639 65.7574 46.5607 -114.2426 67.7038 46.0741 -115.5434
3 16 67.7038 46.0741 -115.5434 70 45.5 -116 63.6361 47.091 -117
4 16 70 45.5 -116 76.3637 43.9091 -117 80 43 -120 63.6361 47.091 -117
3 16 70 45.5 -116 72.2962 44.926 -115.5434 76.3637 43.9091 -117
3 16 72.2962 44.926 -115.5434 74.2426 44.4394 -114.2426 76.3637 43.9091 -117
2 24 76.3639 43.909 103.6361 76.3639 43.909 96.3639
2 24 76.3639 43.909 83.6361 76.3639 43.909 76.3639
2 24 76.3639 43.909 63.6361 76.3639 43.909 56.3639
2 24 76.3639 43.909 43.6361 76.3639 43.909 36.3639
2 24 76.3639 43.909 23.6361 76.3639 43.909 16.3639
2 24 76.3639 43.909 3.6361 76.3639 43.909 -3.6361
2 24 76.3639 43.909 -16.3639 76.3639 43.909 -23.6361
2 24 76.3639 43.909 -36.3639 76.3639 43.909 -43.6361
2 24 76.3639 43.909 -56.3639 76.3639 43.909 -63.6361
2 24 76.3639 43.909 -76.3639 76.3639 43.909 -83.6361
2 24 76.3639 43.909 -96.3639 76.3639 43.909 -103.6361

0 // sloping offset studs
1 16 -70 46 90 -1 0 0 0 -1 0 0 0 1 s\32109-1.dat
1 16 -70 46 70 -1 0 0 0 -1 0 0 0 1 s\32109-1.dat
1 16 -70 46 50 -1 0 0 0 -1 0 0 0 1 s\32109-1.dat
1 16 -70 46 30 -1 0 0 0 -1 0 0 0 1 s\32109-1.dat
1 16 -70 46 10 -1 0 0 0 -1 0 0 0 1 s\32109-1.dat
1 16 -70 46 -10 -1 0 0 0 -1 0 0 0 1 s\32109-1.dat
1 16 -70 46 -30 -1 0 0 0 -1 0 0 0 1 s\32109-1.dat
1 16 -70 46 -50 -1 0 0 0 -1 0 0 0 1 s\32109-1.dat
1 16 -70 46 -70 -1 0 0 0 -1 0 0 0 1 s\32109-1.dat
1 16 -70 46 -90 -1 0 0 0 -1 0 0 0 1 s\32109-1.dat
1 16 -70 46 -110 -1 0 0 0 -1 0 0 0 1 s\32109-1.dat
1 16 -70 46 110 -1 0 0 0 -1 0 0 0 -1 s\32109-1.dat
1 16 -70 46 90 -1 0 0 0 -1 0 0 0 -1 s\32109-1.dat
1 16 -70 46 70 -1 0 0 0 -1 0 0 0 -1 s\32109-1.dat
1 16 -70 46 50 -1 0 0 0 -1 0 0 0 -1 s\32109-1.dat
1 16 -70 46 30 -1 0 0 0 -1 0 0 0 -1 s\32109-1.dat
1 16 -70 46 10 -1 0 0 0 -1 0 0 0 -1 s\32109-1.dat
1 16 -70 46 -10 -1 0 0 0 -1 0 0 0 -1 s\32109-1.dat
1 16 -70 46 -30 -1 0 0 0 -1 0 0 0 -1 s\32109-1.dat
1 16 -70 46 -50 -1 0 0 0 -1 0 0 0 -1 s\32109-1.dat
1 16 -70 46 -70 -1 0 0 0 -1 0 0 0 -1 s\32109-1.dat
1 16 -70 46 -90 -1 0 0 0 -1 0 0 0 -1 s\32109-1.dat
0 // integrated end stud
1 16 -70 43.91 110 -6 0 0 0 -1 0 0 0 6 2-4edge.dat
1 16 -70 43.91 110 9 0 0 0 -1 0 0 0 9 1-8edge.dat
1 16 -70 45.5 110 -6 0 0 -1.5 -1 0 0 0 6 2-4edge.dat
1 16 -70 45.5 110 9 0 0 2.25 -1 0 0 0 9 1-8edge.dat
1 16 -70 45.5 110 3 0 0 0.75 -1 0 0 0 3 1-8ring2.dat
0 BFC INVERTNEXT
1 16 -70 44 110 -6 0 0 0 1.5 0 0 0 6 2-4cyls.dat
0 BFC INVERTNEXT
1 16 -70 43.91 110 -6 0 0 0 0.09 0 0 0 6 2-4cyli.dat
3 16 -74.2426 44.4394 114.2426 -75.5434 44.1142 112.2962 -76.3637 43.9091 117
4 16 -76.3637 43.9091 117 -75.5434 44.1142 112.2962 -76 44 110 -76.3639 43.91 110
4 16 -63.6361 43.91 116.3639 -61.6849 43.91 113.4443 -61.6849 47.5788 113.4443 -63.6361 47.091 116.3639
4 16 -61 43.91 110 -61 47.75 110 -61.6849 47.5788 113.4443 -61.6849 43.91 113.4443
5 24 -61.6849 47.5788 113.4443 -61.6849 43.91 113.4443 -61 43.91 110 -63.6361 43.91 116.3639
2 24 -63.6361 43.91 117 -60 43.91 117
2 24 -60 48 117 -63.6361 47.091 117
2 24 -60 48 117 -60 48 120
4 16 -60 48 120 -60 48 117 -63.6361 47.091 117 -80 43 120
4 16 -63.6361 47.091 117 -60 48 117 -60 43.91 117 -63.6361 43.91 117
1 16 -63.6361 45.5005 116.682 0 -1 0 -1.5905 0 0 0 0 -0.31805 rect.dat
4 16 -63.6361 47.091 117 -63.6361 47.091 116.3639 -65.7574 46.5607 114.2426 -67.7038 46.0741 115.5434
3 16 -70 45.5 116 -63.6361 47.091 117 -67.7038 46.0741 115.5434
4 16 -70 45.5 116 -76.3637 43.9091 117 -80 43 120 -63.6361 47.091 117
3 16 -72.2962 44.926 115.5434 -76.3637 43.9091 117 -70 45.5 116
3 16 -74.2426 44.4394 114.2426 -76.3637 43.9091 117 -72.2962 44.926 115.5434
0 // integrated end stud
1 16 -70 43.91 -110 -6 0 0 0 -1 0 0 0 -6 2-4edge.dat
1 16 -70 43.91 -110 9 0 0 0 -1 0 0 0 -9 1-8edge.dat
1 16 -70 45.5 -110 -6 0 0 -1.5 -1 0 0 0 -6 2-4edge.dat
1 16 -70 45.5 -110 9 0 0 2.25 -1 0 0 0 -9 1-8edge.dat
1 16 -70 45.5 -110 3 0 0 0.75 -1 0 0 0 -3 1-8ring2.dat
0 BFC INVERTNEXT
1 16 -70 44 -110 -6 0 0 0 1.5 0 0 0 -6 2-4cyls.dat
0 BFC INVERTNEXT
1 16 -70 43.91 -110 -6 0 0 0 0.09 0 0 0 -6 2-4cyli.dat
3 16 -75.5434 44.1142 -112.2962 -74.2426 44.4394 -114.2426 -76.3637 43.9091 -117
4 16 -76 44 -110 -75.5434 44.1142 -112.2962 -76.3637 43.9091 -117 -76.3639 43.91 -110
4 16 -61.6849 47.5788 -113.4443 -61.6849 43.91 -113.4443 -63.6361 43.91 -116.3639 -63.6361 47.091 -116.3639
4 16 -61.6849 47.5788 -113.4443 -61 47.75 -110 -61 43.91 -110 -61.6849 43.91 -113.4443
5 24 -61.6849 47.5788 -113.4443 -61.6849 43.91 -113.4443 -61 43.91 -110 -63.6361 43.91 -116.3639
2 24 -63.6361 43.91 -117 -60 43.91 -117
2 24 -60 48 -117 -63.6361 47.091 -117
2 24 -60 48 -117 -60 48 -120
4 16 -63.6361 47.091 -117 -60 48 -117 -60 48 -120 -80 43 -120
4 16 -60 43.91 -117 -60 48 -117 -63.6361 47.091 -117 -63.6361 43.91 -117
1 16 -63.6361 45.5005 -116.682 0 -1 0 0 0 1.5905 -0.31805 0 0 rect.dat
4 16 -65.7574 46.5607 -114.2426 -63.6361 47.091 -116.3639 -63.6361 47.091 -117 -67.7038 46.0741 -115.5434
3 16 -67.7038 46.0741 -115.5434 -63.6361 47.091 -117 -70 45.5 -116
4 16 -80 43 -120 -76.3637 43.9091 -117 -70 45.5 -116 -63.6361 47.091 -117
3 16 -70 45.5 -116 -76.3637 43.9091 -117 -72.2962 44.926 -115.5434
3 16 -72.2962 44.926 -115.5434 -76.3637 43.9091 -117 -74.2426 44.4394 -114.2426
2 24 -76.3639 43.909 103.6361 -76.3639 43.909 96.3639
2 24 -76.3639 43.909 83.6361 -76.3639 43.909 76.3639
2 24 -76.3639 43.909 63.6361 -76.3639 43.909 56.3639
2 24 -76.3639 43.909 43.6361 -76.3639 43.909 36.3639
2 24 -76.3639 43.909 23.6361 -76.3639 43.909 16.3639
2 24 -76.3639 43.909 3.6361 -76.3639 43.909 -3.6361
2 24 -76.3639 43.909 -16.3639 -76.3639 43.909 -23.6361
2 24 -76.3639 43.909 -36.3639 -76.3639 43.909 -43.6361
2 24 -76.3639 43.909 -56.3639 -76.3639 43.909 -63.6361
2 24 -76.3639 43.909 -76.3639 -76.3639 43.909 -83.6361
2 24 -76.3639 43.909 -96.3639 -76.3639 43.909 -103.6361

0 // inside
0 BFC INVERTNEXT
1 16 0 0 0 76 0 0 0 40.5 0 0 0 116 box5.dat
4 16 -76 0 -116 -76 0 116 -80 0 120 -80 0 -120
4 16 80 0 120 -80 0 120 -76 0 116 76 0 116
4 16 80 0 -120 80 0 120 76 0 116 76 0 -116
4 16 80 0 -120 76 0 -116 -76 0 -116 -80 0 -120
