0 Slope Brick 45  2 x  2 Inverted with 4 Black Rectangles Pattern
0 Name: 3660bp02.dat
0 Author: Michael Heidemann [mikeheide]
0 !LDRAW_ORG Unofficial_Part
0 !LICENSE Redistributable under CCAL version 2.0 : see CAreadme.txt

0 BFC CERTIFY CCW
0 !KEYWORDS boat, ferry, windows, Color Line, P&O Stena, Viking Line

0 !HISTORY 2010-07-05 [PTadmin] Official Update 2010-02
0 !HISTORY 2020-03-14 [MagFors] Used b-version subfile

1 16 0 0 0 1 0 0 0 1 0 0 0 1 s\3660bs01.dat
0 // Pattern
4 16 -2.5 8 -26 2.5 8 -26 20 4 -30 -20 4 -30
3 16 12.5 8 -26 17.5 8 -26 20 4 -30
3 16 7.5 8 -26 12.5 8 -26 20 4 -30
3 16 2.5 8 -26 7.5 8 -26 20 4 -30
3 16 -20 4 -30 -7.5 8 -26 -2.5 8 -26
3 16 -20 4 -30 -12.5 8 -26 -7.5 8 -26
3 16 -20 4 -30 -17.5 8 -26 -12.5 8 -26
4 16 2.5 16 -18 -2.5 16 -18 -20 24 -10 20 24 -10
3 16 -12.5 16 -18 -17.5 16 -18 -20 24 -10
3 16 -7.5 16 -18 -12.5 16 -18 -20 24 -10
3 16 -2.5 16 -18 -7.5 16 -18 -20 24 -10
3 16 20 24 -10 7.5 16 -18 2.5 16 -18
3 16 20 24 -10 12.5 16 -18 7.5 16 -18
3 16 20 24 -10 17.5 16 -18 12.5 16 -18
4 0 -12.5 8 -26 -17.5 8 -26 -17.5 16 -18 -12.5 16 -18
4 0 -2.5 8 -26 -7.5 8 -26 -7.5 16 -18 -2.5 16 -18
4 0 7.5 8 -26 2.5 8 -26 2.5 16 -18 7.5 16 -18
4 0 17.5 8 -26 12.5 8 -26 12.5 16 -18 17.5 16 -18
4 16 -17.5 8 -26 -20 4 -30 -20 24 -10 -17.5 16 -18
4 16 -7.5 8 -26 -12.5 8 -26 -12.5 16 -18 -7.5 16 -18
4 16 2.5 8 -26 -2.5 8 -26 -2.5 16 -18 2.5 16 -18
4 16 12.5 8 -26 7.5 8 -26 7.5 16 -18 12.5 16 -18
4 16 20 4 -30 17.5 8 -26 17.5 16 -18 20 24 -10
