0 Lo-Res Ring  6 x 1.0
0 Name: 8\4-4ring6.dat
0 Author: Tim Lampmann [L4mpi]
0 !LDRAW_ORG Unofficial_8_Primitive
0 !LICENSE Redistributable under CCAL version 2.0 : see CAreadme.txt

0 BFC CERTIFY CCW

4 16 7 0 0 4.9497 0 4.9497 4.2426 0 4.2426 6 0 0
4 16 4.9497 0 4.9497 0 0 7 0 0 6 4.2426 0 4.2426
4 16 0 0 7 -4.9497 0 4.9497 -4.2426 0 4.2426 0 0 6
4 16 -4.9497 0 4.9497 -7 0 0 -6 0 0 -4.2426 0 4.2426
4 16 -7 0 0 -4.9497 0 -4.9497 -4.2426 0 -4.2426 -6 0 0
4 16 -4.9497 0 -4.9497 0 0 -7 0 0 -6 -4.2426 0 -4.2426
4 16 0 0 -7 4.9497 0 -4.9497 4.2426 0 -4.2426 0 0 -6
4 16 4.9497 0 -4.9497 7 0 0 6 0 0 4.2426 0 -4.2426
