0 Bar  8 x  8 x  2 Sliding Grille (Needs Work)
0 Name: 40492.dat
0 Author: Tore Eriksson [Tore_Eriksson]
0 !LDRAW_ORG Unofficial_Part
0 !LICENSE Redistributable under CCAL version 2.0 : see CAreadme.txt

0 BFC CERTIFY CCW

0 !KEYWORDS prison, Jack Stone
0 !CMDLINE -c8

0 // Needs Work: Obvious flaws where horizontal bars meet side walls
0 // Needs Work: Back side of side walls not rounded
0 // Needs Work: Missing bumps on side rails
0 // Needs Work: Missing slots in back of side walls
0 // Needs Work: (See Primitive bar2.dat)

0 // top front
1 16  0 6.5 -20  60 0 0  0 0 1.5  0 1 0  rect.dat
2 24  -80 0 20  80 0 20
4 16  -80 0 20  80 0 20  76 8 20  -76 8 20
4 16  -80 0 20  -76 0 16  76 0 16  80 0 20
1 16  0 2.5 16  76 0 0  0 0 2.5  0 1 0  rect2p.dat
2 24  -80 5 -12  -60 5 -20
 2 24  80 5 -12  60 5 -20
2 24  -80 5 -12  -80 5 -4
 2 24  80 5 -12  80 5 -4
2 24  -80 5 -4  -76 5 -4
 2 24  80 5 -4  76 5 -4
1 16  76 2.5 6  0 1 0  2.5 0 0  0 0 10  rect.dat
 1 16  -76 2.5 6  0 -1 0  2.5 0 0  0 0 10  rect.dat
2 24  -84 0 -4  -76 0 -4
 2 24  84 0 -4  76 0 -4
2 24  -80 0 20  -80 0 0
 2 24  80 0 20  80 0 0
4 16  -80 0 20  -80 0 0  -76 0 -4  -76 0 16
 4 16  80 0 20  76 0 16  76 0 -4  80 0 0
2 24  -84 0 0  -84 0 -4
 2 24  84 0 0  84 0 -4
4 16  -80 0 0  -84 0 0  -84 0 -4  -76 0 -4
 4 16  80 0 0  76 0 -4  84 0 -4  84 0 0
4 16  -76 0 -4  -84 0 -4  -80 5 -4  -76 5 -4
 4 16  76 0 -4  76 5 -4  80 5 -4  84 0 -4
4 16  -76 5 -4  -80 5 -4  -80 5 -12  -60 5 -20
 4 16  76 5 -4  60 5 -20  80 5 -12  80 5 -4
3 16  -76 5 16  -76 5 -4  -60 5 -20
 3 16  76 5 16  60 5 -20  76 5 -4
4 16  60 5 -20  76 5 16  -76 5 16  -60 5 -20
2 24  -76 8 20  76 8 20
2 24  -76 8 20  -76 8 -13.75
 2 24  76 8 20  76 8 -13.75
2 24  -76 8 -13.75  -60 8 -20
 2 24  76 8 -13.75  60 8 -20
4 16  -60 5 -20  -80 5 -12  -76 8 -13.75  -60 8 -20
 4 16  60 5 -20  60 8 -20  76 8 -13.75  80 5 -12
3 16  -76 8 20  -60 8 -20  -76 8 -13.75
 3 16  76 8 20  76 8 -13.75  60 8 -20
4 16  -60 8 -20  -76 8 20  76 8 20  60 8 -20
1 16  0 185.5 -20  60 0 0  0 0 1.5  0 1 0  rect.dat
2 24  80 192 20  -80 192 20
4 16  80 192 20  -80 192 20  -76 184 20  76 184 20
4 16  80 192 20  76 192 16  -76 192 16  -80 192 20
1 16  0 189.5 16  76 0 0  0 0 2.5  0 1 0  rect2p.dat
2 24  80 187 -12  60 187 -20
 2 24  -80 187 -12  -60 187 -20
2 24  80 187 -12  80 187 -4
 2 24  -80 187 -12  -80 187 -4
2 24  80 187 -4  76 187 -4
 2 24  -80 187 -4  -76 187 -4
1 16  76 189.5 6  0 1 0  2.5 0 0  0 0 10  rect.dat
 1 16  -76 189.5 6  0 -1 0  2.5 0 0  0 0 10  rect.dat
2 24  84 192 -4  76 192 -4
 2 24  -84 192 -4  -76 192 -4
2 24  80 192 20  80 192 0
 2 24  -80 192 20  -80 192 0
4 16  80 192 20  80 192 0  76 192 -4  76 192 16
 4 16  -80 192 20  -76 192 16  -76 192 -4  -80 192 0
2 24  84 192 0  84 192 -4
 2 24  -84 192 0  -84 192 -4
4 16  80 192 0  84 192 0  84 192 -4  76 192 -4
 4 16  -80 192 0  -76 192 -4  -84 192 -4  -84 192 0
4 16  76 192 -4  84 192 -4  80 187 -4  76 187 -4
 4 16  -76 192 -4  -76 187 -4  -80 187 -4  -84 192 -4
4 16  76 187 -4  80 187 -4  80 187 -12  60 187 -20
 4 16  -76 187 -4  -60 187 -20  -80 187 -12  -80 187 -4
3 16  76 187 16  76 187 -4  60 187 -20
 3 16  -76 187 16  -60 187 -20  -76 187 -4
4 16  -60 187 -20  -76 187 16  76 187 16  60 187 -20
2 24  76 184 20  -76 184 20
2 24  76 184 20  76 184 -13.75
 2 24  -76 184 20  -76 184 -13.75
2 24  76 184 -13.75  60 184 -20
 2 24  -76 184 -13.75  -60 184 -20
4 16  60 187 -20  80 187 -12  76 184 -13.75  60 184 -20
 4 16  -60 187 -20  -60 184 -20  -76 184 -13.75  -80 187 -12
3 16  76 184 20  60 184 -20  76 184 -13.75
 3 16  -76 184 20  -76 184 -13.75  -60 184 -20
4 16  60 184 -20  76 184 20  -76 184 20  -60 184 -20

0 // sides (x-mirrored)
0 // simplified: no bump
1 16  84 33.5 -2  0 -1 0  33.5 0 0  0 0 2  rect.dat
 1 16  -84 33.5 -2  0 1 0  33.5 0 0  0 0 2  rect.dat
1 16  84 158.5 -2  0 -1 0  33.5 0 0  0 0 2  rect.dat
 1 16  -84 158.5 -2  0 1 0  33.5 0 0  0 0 2  rect.dat
2 24  80 0 0  80 70 0
 2 24  -80 0 0  -80 70 0
2 24  80 192 0  80 122 0
 2 24  -80 192 0  -80 122 0
4 16  84 67 0  80 70 0  80 0 0  84 0 0
 4 16  -84 67 0  -84 0 0  -80 0 0  -80 70 0
4 16  -84 125 0  -80 122 0  -80 192 0  -84 192 0
 4 16  84 125 0  84 192 0  80 192 0  80 122 0
0 // end simplified: no bump
2 24  84 67 -4  80 70 -4
 2 24  -84 67 -4  -80 70 -4
2 24  84 125 -4  80 122 -4
 2 24  -84 125 -4  -80 122 -4
2 24  84 67 0  80 70 0
 2 24  -84 67 0  -80 70 0
2 24  84 125 0  80 122 0
 2 24  -84 125 0  -80 122 0
2 24  80 5 -4  80 70 -4
 2 24  -80 5 -4  -80 70 -4
2 24  80 187 -4  80 122 -4
 2 24  -80 187 -4  -80 122 -4
4 16  84 67 -4  84 0 -4  80 0 -4  80 70 -4
 4 16  -84 67 -4  -80 70 -4  -80 0 -4  -84 0 -4
4 16  -84 125 -4  -84 192 -4  -80 192 -4  -80 122 -4
 4 16  84 125 -4  80 122 -4  80 192 -4  84 192 -4
4 16  80 70 -4  80 70 0  84 67 0  84 67 -4
 4 16  -80 70 -4  -84 67 -4  -84 67 0  -80 70 0
4 16  -80 122 -4  -80 122 0  -84 125 0  -84 125 -4
 4 16  80 122 -4  84 125 -4  84 125 0  80 122 0
2 24  80 70 0  80 70 -4
 2 24  -80 70 0  -80 70 -4
2 24  80 122 0  80 122 -4
 2 24  -80 122 0  -80 122 -4

0 // side walls (x-mirrored)
1 16  76 96 3.125  0 1 0  88 0 0  0 0 16.875  rect3.dat
 1 16  -76 96 3.125  0 -1 0  88 0 0  0 0 16.875  rect3.dat
2 24  76 8 -13.75  76 48 -13.75
 2 24  -76 8 -13.75  -76 48 -13.75
2 24  76 56 -13.75  76 136 -13.75
 2 24  -76 56 -13.75  -76 136 -13.75
2 24  76 144 -13.75  76 184 -13.75
 2 24  -76 144 -13.75  -76 184 -13.75

0 // simplified: no rounding
2 24  80 0 20  80 192 20
 2 24  -80 0 20  -80 192 20
4 16  80 0 20  80 0 0  80 192 0  80 192 20
 4 16  -80 0 20  -80 192 20  -80 192 0  -80 0 0
4 16  80 0 20  80 192 20  76 184 20  76 8 20
 4 16  -80 0 20  -76 8 20  -76 184 20  -80 192 20
0 // end simplified: no rounding
1 16  80 84 18  0 0 2  0 24 0  2 0 0  2-4cylo.dat
 1 16  -80 84 18  0 0 -2  0 24 0  2 0 0  2-4cylo.dat
2 24  80 84 16  80 84 20
 2 24  -80 84 16  -80 84 20
2 24  80 84 16  80 108 16
 2 24  -80 84 16  -80 108 16
2 24  80 108 16  80 108 20
 2 24  -80 108 16  -80 108 20
1 16  80 84 18  0 0 2  0 1 0  2 0 0  2-4disc.dat
 1 16  -80 84 18  0 0 -2  0 1 0  2 0 0  2-4disc.dat
1 16  80 108 18  0 0 2  0 -1 0  -2 0 0  2-4disc.dat
 1 16  -80 108 18  0 0 -2  0 -1 0  -2 0 0  2-4disc.dat
4 16  80 70 0  80 70 -4  80 122 -4  80 122 0
 4 16  -80 70 0  -80 122 0  -80 122 -4  -80 70 -4
4 16  80 5 -4  80 5 -12  80 187 -12  80 187 -4
 4 16  -80 5 -4  -80 187 -4  -80 187 -12  -80 5 -12
2 24  80 5 -12  80 187 -12
 2 24  -80 5 -12  -80 187 -12
4 16  80 5 -12  76 8 -13.75  76 184 -13.75  80 187 -12
 4 16  -80 5 -12  -80 187 -12  -76 184 -13.75  -76 8 -13.75

0 // bars
1 16  -60 8 -12  1 0 0  0 34 0  0 0 1  bar01a.dat
1 16  -60 52 -12  1 0 0  0 1 0  0 0 1  bar02.dat
1 16  -60 52 -12  1 0 0  0 78 0  0 0 1  bar01.dat
1 16  -60 140 -12  1 0 0  0 1 0  0 0 1  bar02.dat
1 16  -60 184 -12  -1 0 0  0 -34 0  0 0 1  bar01a.dat
1 16  -40 8 -12  1 0 0  0 34 0  0 0 1  bar01a.dat
1 16  -40 52 -12  1 0 0  0 1 0  0 0 1  bar02.dat
1 16  -40 52 -12  1 0 0  0 78 0  0 0 1  bar01.dat
1 16  -40 140 -12  1 0 0  0 1 0  0 0 1  bar02.dat
1 16  -40 184 -12  -1 0 0  0 -34 0  0 0 1  bar01a.dat
1 16  -20 8 -12  1 0 0  0 34 0  0 0 1  bar01a.dat
1 16  -20 52 -12  1 0 0  0 1 0  0 0 1  bar02.dat
1 16  -20 52 -12  1 0 0  0 78 0  0 0 1  bar01.dat
1 16  -20 140 -12  1 0 0  0 1 0  0 0 1  bar02.dat
1 16  -20 184 -12  -1 0 0  0 -34 0  0 0 1  bar01a.dat
1 16  0 8 -12  1 0 0  0 34 0  0 0 1  bar01a.dat
1 16  0 52 -12  1 0 0  0 1 0  0 0 1  bar02.dat
1 16  0 52 -12  1 0 0  0 78 0  0 0 1  bar01.dat
1 16  0 140 -12  1 0 0  0 1 0  0 0 1  bar02.dat
1 16  0 184 -12  -1 0 0  0 -34 0  0 0 1  bar01a.dat
1 16  20 8 -12  1 0 0  0 34 0  0 0 1  bar01a.dat
1 16  20 52 -12  1 0 0  0 1 0  0 0 1  bar02.dat
1 16  20 52 -12  1 0 0  0 78 0  0 0 1  bar01.dat
1 16  20 140 -12  1 0 0  0 1 0  0 0 1  bar02.dat
1 16  20 184 -12  -1 0 0  0 -34 0  0 0 1  bar01a.dat
1 16  40 8 -12  1 0 0  0 34 0  0 0 1  bar01a.dat
1 16  40 52 -12  1 0 0  0 1 0  0 0 1  bar02.dat
1 16  40 52 -12  1 0 0  0 78 0  0 0 1  bar01.dat
1 16  40 140 -12  1 0 0  0 1 0  0 0 1  bar02.dat
1 16  40 184 -12  -1 0 0  0 -34 0  0 0 1  bar01a.dat
1 16  60 8 -12  1 0 0  0 34 0  0 0 1  bar01a.dat
1 16  60 52 -12  1 0 0  0 1 0  0 0 1  bar02.dat
1 16  60 52 -12  1 0 0  0 78 0  0 0 1  bar01.dat
1 16  60 140 -12  1 0 0  0 1 0  0 0 1  bar02.dat
1 16  60 184 -12  -1 0 0  0 -34 0  0 0 1  bar01a.dat

0 // bars meet side walls
0 // NEEDS WORK: many obvious flaws
0 BFC INVERTNEXT
1 16  -76 52 -12  0 6 0  -2 0 0  0 0 -2  2-4cyli.dat
0 BFC INVERTNEXT
1 16  76 52 -12  0 -6 0  2 0 0  0 0 -2  2-4cyli.dat
0 BFC INVERTNEXT
1 16  -76 140 -12  0 6 0  -2 0 0  0 0 -2  2-4cyli.dat
0 BFC INVERTNEXT
1 16  76 140 -12  0 -6 0  2 0 0  0 0 -2  2-4cyli.dat
1 16  -76 52 -12  0 1 0  2 0 0  0 0 -2  2-4edge.dat
 1 16  76 52 -12  0 -1 0  2 0 0  0 0 -2  2-4edge.dat
1 16  -76 49 -12  0 1 0  1 0 0  0 0 1  2-4edge.dat
 1 16  76 49 -12  0 -1 0  1 0 0  0 0 1  2-4edge.dat
1 16  -76 55 -12  0 1 0  1 0 0  0 0 1  2-4edge.dat
 1 16  76 55 -12  0 -1 0  1 0 0  0 0 1  2-4edge.dat
1 16  -76 49 -12  0 6 0  1 0 0  0 0 1  2-4cyli.dat
 1 16  76 49 -12  0 -6 0  1 0 0  0 0 1  2-4cyli.dat
1 16  -76 55 -12  0 6 0  1 0 0  0 0 1  2-4cyli.dat
 1 16  76 55 -12  0 -6 0  1 0 0  0 0 1  2-4cyli.dat
1 16  -76 140 -12  0 1 0  2 0 0  0 0 -2  2-4edge.dat
 1 16  76 140 -12  0 -1 0  2 0 0  0 0 -2  2-4edge.dat
1 16  -76 143 -12  0 1 0  1 0 0  0 0 1  2-4edge.dat
 1 16  76 143 -12  0 -1 0  1 0 0  0 0 1  2-4edge.dat
1 16  -76 137 -12  0 1 0  1 0 0  0 0 1  2-4edge.dat
 1 16  76 137 -12  0 -1 0  1 0 0  0 0 1  2-4edge.dat
1 16  -76 143 -12  0 6 0  1 0 0  0 0 1  2-4cyli.dat
 1 16  76 143 -12  0 -6 0  1 0 0  0 0 1  2-4cyli.dat
1 16  -76 137 -12  0 6 0  1 0 0  0 0 1  2-4cyli.dat
 1 16  76 137 -12  0 -6 0  1 0 0  0 0 1  2-4cyli.dat
1 16  76 52 -13.75  0 1 -6  4 0 0  0 0 -2.25  2-4edge.dat
 1 16  -76 52 -13.75  0 -1 6  4 0 0  0 0 -2.25  2-4edge.dat
1 16  76 52 -13.75  0 -1 -6  4 0 0  0 0 -2.25  2-4disc.dat
 1 16  -76 52 -13.75  0 1 6  4 0 0  0 0 -2.25  2-4disc.dat
1 16  76 140 -13.75  0 1 -6  4 0 0  0 0 -2.25  2-4edge.dat
 1 16  -76 140 -13.75  0 -1 6  4 0 0  0 0 -2.25  2-4edge.dat
1 16  76 140 -13.75  0 -1 -6  4 0 0  0 0 -2.25  2-4disc.dat
 1 16  -76 140 -13.75  0 1 6  4 0 0  0 0 -2.25  2-4disc.dat
0 // end NEEDS WORK: many obvious flaws
0
