0 Constraction Limb  7 Straight with Wedge
0 Name: 45749.dat
0 Author: Michael Heidemann [mikeheide]
0 !LDRAW_ORG Unofficial_Part
0 !LICENSE Redistributable under CCAL version 2.0 : see CAreadme.txt

0 BFC CERTIFY CCW

0 !KEYWORDS Bionicle, Rahkshi

0 !HISTORY 2018-02-13 [Philo] Minor improvements

1 16 0 0 140 -1 0 0 0 1 0 0 0 -1 s\45749s02.dat
1 16 0 0 0 0 0 -1 0 1 0 1 0 0 s\45749s01.dat
1 16 0 0 0 0 0 1 0 1 0 1 0 0 s\45749s01.dat
1 16 0 -6 40 9 0 0 0 16 0 0 0 -9 2-4cyli.dat
1 16 0 -6 80 -9 0 0 0 16 0 0 0 9 2-4cyli.dat
1 16 0 -6 80 9 0 0 0 -1 0 0 0 9 2-4ndis.dat
1 16 0 -10 80 -9 0 0 0 1 0 0 0 9 2-4ndis.dat
1 16 0 -6 40 -9 0 0 0 -1 0 0 0 -9 2-4ndis.dat
1 16 0 -10 40 9 0 0 0 1 0 0 0 -9 2-4ndis.dat
4 16 -9.5 -10 20 9.5 -10 20 9 -10 31 -9 -10 31
4 16 -9 -6 31 9 -6 31 9 -6 26 -9 -6 26
2 24 -9 -6 40 -9 -6 26
2 24 9 -6 40 9 -6 26
4 16 -9 -10 89 9 -10 89 9.5 -10 120 -9.5 -10 120
4 16 -9 -10 31 -9 -10 89 -9.5 -10 120 -9.5 -10 20
4 16 9.5 -10 20 9.5 -10 120 9 -10 89 9 -10 31
1 16 0 0 80 -1 0 0 0 1 0 0 0 -1 connhole.dat
1 16 0 0 60 -1 0 0 0 1 0 0 0 1 beamhole.dat
1 16 0 0 40 -1 0 0 0 1 0 0 0 1 beamhole.dat
1 16 0 10 80 -9 0 0 0 1 0 0 0 9 2-4edge.dat
1 16 0 10 40 9 0 0 0 1 0 0 0 -9 2-4edge.dat
1 16 0 -6 40 9 0 0 0 1 0 0 0 -9 2-4edge.dat
1 16 0 -6 80 -9 0 0 0 1 0 0 0 9 2-4edge.dat
1 16 0 0 0 12.81 0 0 0 12.81 0 0 0 12.81 8-8sphe.dat
1 16 0 0 12.8 0 0 -1 -1 0 0 0 7.2 0 axlehol8.dat
1 16 0 0 0 0 0 1 -1 0 0 0 -1 0 axlesphe.dat
1 16 0 0 20 0 0 1 -1 0 0 0 -1 0 axlehol2.dat
1 16 0 0 20 0 0 1 -1 0 0 0 -1 0 axlehol9.dat
2 24 9.5 -10 20 -9.5 -10 20
1 16 0 -6.5 116.5 -10 0 0 0 -1 -0.5 0 0 0.5 rect3.dat
1 16 0 -7.5 117 -10 0 0 0 0 -0.5 0 -1 0 rect3.dat
4 16 -9.5 -10 120 9.5 -10 120 10 -8 120 -10 -8 120
2 24 10 -8 120 10 -7.5 120
2 24 -10 -8 120 -10 -7.5 120
3 16 10.4545 -7.5 120 10 -7.5 120 10 -8 120
3 16 -10 -8 120 -10 -7.5 120 -10.4545 -7.5 120
2 24 10.4545 -7.5 120 10 -7.5 120
2 24 -10.4545 -7.5 120 -10 -7.5 120
2 24 10.4545 -7.5 120 10 -9 120
2 24 -10.4545 -7.5 120 -10 -9 120
4 16 10 -9 120 10.4545 -7.5 120 10 -8 120 9.5 -10 120
4 16 -10 -8 120 -10.4545 -7.5 120 -10 -9 120 -9.5 -10 120
1 16 0 -8 118.5 -10 0 0 0 -1 0 0 0 1.5 rect3.dat
2 24 11.9469 8 102 -11.9469 8 102
2 24 10.413 4 106 -10.413 4 106
2 24 9.5 -10 120 -9.5 -10 120
1 16 0 -6 95.5 0 0 9 0 -1 0 6.5 0 0 rect1.dat
4 16 10 1.125 102 10 -1 102 9 -6 102 -10 -1 102
3 16 9 -6 102 -9 -6 102 -10 -1 102
4 16 -11.9469 8 102 11.9469 8 102 10 1.125 102 -10 1.125 102
3 16 10 1.125 102 -10 -1 102 -10 1.125 102
4 16 -11.9469 8 102 -10.413 4 106 10.413 4 106 11.9469 8 102
4 16 -10 -1 106 -9 -6 106 9 -6 106 10 -1 106
4 16 10.413 4 106 -10.413 4 106 -10 2.5417 106 10 2.5417 106
1 16 0 0.77085 106 0 0 10 -1.77085 0 0 0 -1 0 rect2p.dat
1 16 0 -6 111 0 0 9 0 -1 0 5 0 0 rect.dat
2 24 9 -6 80 9 -6 102
2 24 9 -6 102 10 -1 102
2 24 10 1.125 102 11.9469 8 102
2 24 10 -1 102 10 1.125 102
2 24 11.9469 8 102 10.413 4 106
2 24 9 -6 106 10 -1 106
2 24 10 2.5417 106 10.413 4 106
3 16 9 -6 106 9 -6 116 10 -1 106
3 16 -10 -1 106 -9 -6 116 -9 -6 106
3 16 -10 -6 116 -9 -6 116 -10 -1 106
3 16 10 -1 106 9 -6 116 10 -6 116
2 24 -9 -6 80 -9 -6 102
2 24 -9 -6 102 -10 -1 102
2 24 -10 1.125 102 -11.9469 8 102
2 24 -10 -1 102 -10 1.125 102
2 24 -11.9469 8 102 -10.413 4 106
2 24 -9 -6 106 -10 -1 106
2 24 -10 2.5417 106 -10.413 4 106
2 24 -10 -1 106 -9 -6 116
2 24 10 -1 106 9 -6 116
2 24 -10 -1 106 -10 -6 116
3 16 -10 7.5 120 -10 -6 116 -10 -1 106
3 16 -10 7.5 120 -10 -7 117 -10 -6 116
4 16 -10 7.5 120 -10 -8 120 -10 -8 117 -10 -7 117
4 16 10 -7 117 10 -8 117 10 -8 120 10 7.5 120
3 16 10 -6 116 10 -7 117 10 7.5 120
3 16 10 -1 106 10 -6 116 10 7.5 120
2 24 10 -1 106 10 -6 116
1 16 -9 2 60 0 1 0 0 0 -8 -20 0 0 rect2p.dat
1 16 9 2 60 0 -1 0 0 0 -8 20 0 0 rect2p.dat
