0 Sticker  1.8 x  1.8 Round with White Curved Double Arrow with Black Outline on Yellow Background
0 Name: 4586574c.dat
0 Author: David Manley [djm]
0 !LDRAW_ORG Unofficial_Part
0 !LICENSE Redistributable under CCAL version 2.0 : see CAreadme.txt

0 BFC CERTIFY CCW

0 !KEYWORDS railway, train
0 !KEYWORDS set 7939

0 !HISTORY 2019-07-03 [Holly-Wood] Added primitives, polished pattern

0 // Sticker backside
1 16 0 0 0 17.5 0 0 0 -.25 0 0 0 17.5 4-4cylc3.dat

0 // Double headed arrow outline
4 0 -.8 -.25 8.699 0 -.25 7.1 0 -.25 9.6 -.8 -.25 10.4
3 0 -.8 -.25 10.4 0 -.25 9.6 0 -.25 10.4
3 0 -.8 -.25 12.8 0 -.25 12.8 0 -.25 13.6
4 0 -.8 -.25 12.8 0 -.25 13.6 0 -.25 16.094 -.8 -.25 14.497
4 0 0 -.25 7.1 -.8 -.25 8.699 -4.648 -.25 11.6 -5.98 -.25 11.6
4 0 -5.98 -.25 11.6 -4.648 -.25 11.6 -.8 -.25 14.497 0 -.25 16.094

4 0 14.5 -.25 -.801 16.099 -.25 0 13.6 -.25 0 12.799 -.25 -.801
3 0 12.799 -.25 -.801 13.6 -.25 0 12.8 -.25 0
3 0 10.399 -.25 -.801 10.4 -.25 0 9.599 -.25 -.001
4 0 10.399 -.25 -.801 9.599 -.25 -.001 7.106 -.25 0 8.702 -.25 -.801
4 0 16.099 -.25 0 14.5 -.25 -.801 11.599 -.25 -4.649 11.599 -.25 -5.981
4 0 11.599 -.25 -5.981 11.599 -.25 -4.649 8.702 -.25 -.801 7.106 -.25 0

0 // One arrow head
3 15 -.8 -.25 10.4 -.8 -.25 12.8 -4.648 -.25 11.6
3 15 -.8 -.25 10.4 -4.648 -.25 11.6 -.8 -.25 8.699
4 15 0 -.25 11.2 0 -.25 12 -.8 -.25 12.8 -.8 -.25 10.4
3 15 0 -.25 12.8 -.8 -.25 12.8 0 -.25 12
3 15 0 -.25 11.2 -.8 -.25 10.4 0 -.25 10.4
3 15 -4.648 -.25 11.6 -.8 -.25 12.8 -.8 -.25 14.497

0 // Second arrow head
3 15 12.799 -.25 -.801 10.399 -.25 -.801 11.599 -.25 -4.649
3 15 11.599 -.25 -4.649 10.399 -.25 -.801 8.702 -.25 -.801
3 15 12.799 -.25 -.801 11.599 -.25 -4.649 14.5 -.25 -.801
4 15 10.399 -.25 -.801 12.799 -.25 -.801 12 -.25 0 11.2 -.25 0
3 15 11.2 -.25 0 10.4 -.25 0 10.399 -.25 -.801
3 15 12 -.25 0 12.799 -.25 -.801 12.8 -.25 0

0 // Inside outline
1 0 0 -.25 0 .8 0 0 0 1 0 0 0 .8 1-4rin12.dat

0 // Outside outline
1 0 0 -.25 0 .8 0 0 0 1 0 0 0 .8 1-4rin16.dat

0 // Arrow internal
1 15 0 -.25 0 .8 0 0 0 1 0 0 0 .8 1-4rin13.dat
1 15 0 -.25 0 .8 0 0 0 1 0 0 0 .8 1-4rin14.dat
1 15 0 -.25 0 .8 0 0 0 1 0 0 0 .8 1-4rin15.dat

0 // The plain half of the sticker.
1 14 0 -.25 0 -12.37437 0 -12.37437 0 1 0 12.37437 0 -12.37437 2-4disc.dat

0 // The half of the sticker containing the arrow.
1 14 0 -.25 0 9.6 0 0 0 1 0 0 0 9.6 1-4disc.dat
4 14 -5.98 -.25 11.6 -12.374 -.25 12.374 0 -.25 0 0 -.25 7.1
4 14 0 -.25 0 12.374 -.25 -12.374 11.599 -.25 -5.981 7.106 -.25 0
4 14 5.204 -.25 12.565 9.617 -.25 9.617 12.374 -.25 12.374 6.697 -.25 16.168
4 14 12.565 -.25 5.204 16.168 -.25 6.697 12.374 -.25 12.374 9.617 -.25 9.617
4 14 13.6 -.25 0 16.099 -.25 0 16.168 -.25 6.697 12.565 -.25 5.204
4 14 11.599 -.25 -5.981 12.374 -.25 -12.374 16.168 -.25 -6.697 16.099 -.25 0
4 14 16.168 -.25 -6.697 17.5 -.25 0 16.168 -.25 6.697 16.099 -.25 0
4 14 0 -.25 16.094 0 -.25 13.6 5.204 -.25 12.565 6.697 -.25 16.168
3 14 -12.374 -.25 12.374 -5.98 -.25 11.6 -6.697 -.25 16.168
4 14 -5.98 -.25 11.6 0 -.25 16.094 0 -.25 17.5 -6.697 -.25 16.168
3 14 0 -.25 16.094 6.697 -.25 16.168 0 -.25 17.5
