0 Boat Base 10 x 12
0 Name: 47404.dat
0 Author: Massimo Maso [Sirio]
0 !LDRAW_ORG Unofficial_Part
0 !LICENSE Redistributable under CCAL version 2.0 : see CAreadme.txt

0 BFC CERTIFY CCW

1 16 0 0 0 1 0 0 0 1 0 0 0 1 s\47404s01.dat
1 16 0 0 0 -1 0 0 0 1 0 0 0 1 s\47404s01.dat
0 // Horizontal face quote 24
4 16 60 24 20 40 24 16 -40 24 16 -60 24 20
4 16 40 24 4 40 24 0 -40 24 0 -40 24 4
4 16 40 24 -40 36 24 -44 -36 24 -44 -40 24 -40
4 16 -16 24 -76 16 24 -76 20 24 -80 -20 24 -80
0 // Horizontal face quote 16
4 16 60 16 20 -60 16 20 -60.0341 16 -40 60.0341 16 -40
4 16 -18.4467 16 -83.0615 18.4467 16 -83.0615 20 16 -80 -20 16 -80
0 // Vertical internal surface
4 16 -18.4467 2.3334 -96.25 -18.4467 0 -96.25 18.4467 0 -96.25 18.4467 2.3334 -96.25
4 16 -18.4467 2.3334 -96.25 18.4467 2.3334 -96.25 4 7.7737 -91 -4 7.7737 -91
4 16 4 3.275 -91 -4 3.275 -91 -4 7.7737 -91 4 7.7737 -91
4 16 -4 3.275 -89 4 3.275 -89 4 9.8462 -89 -4 9.8462 -89
4 16 4 9.8462 -89 18.4467 16 -83.0615 -18.4467 16 -83.0615 -4 9.8462 -89
0 // Horizontal face quote 3.275
4 16 4 3.275 -89 -4 3.275 -89 -4 3.275 -90 4 3.275 -90
4 16 4 3.275 -90 -4 3.275 -90 -4 3.275 -91 4 3.275 -91
0 // Horizontal face quote 0
4 16 20 0 -100 18.4467 0 -96.25 -18.4467 0 -96.25 -20 0 -100
0 // Vertical external surface
4 16 20 0 -100 -20 0 -100 -20 3.275 -100 20 3.275 -100
4 16 20 3.275 -100 -20 3.275 -100 -20 24 -80 20 24 -80
0 // Lines
2 24 -60 24 20 60 24 20
2 24 -36 24 16 36 24 16
2 24 -36 24 4 36 24 4
2 24 -40 24 -40 40 24 -40
2 24 -20 24 -44 20 24 -44
2 24 -20 24 -80 20 24 -80
2 24 -40 20 -40 40 20 -40
2 24 -60 16 20 60 16 20
2 24 -18.4467 16 -83.0615 18.4467 16 -83.0615
2 24 -18.4467 2.3334 -96.25 18.4467 2.3334 -96.25
2 24 -4 7.7737 -91 4 7.7737 -91
2 24 -4 3.275 -91 4 3.275 -91
2 24 -4 9.8462 -89 4 9.8462 -89
2 24 -4 3.275 -89 4 3.275 -89
2 24 -20 3.275 -100 20 3.275 -100
2 24 -18.4467 0 -96.25 18.4467 0 -96.25
2 24 -20 0 -100 20 0 -100
0 // Boxes
0 BFC INVERTNEXT
1 16 0 20 100 0 0 -60 4 0 0 0 -80 0 box3u6.dat
0 BFC INVERTNEXT
1 16 0 22 13.5 -36 0 0 0 -2 0 0 0 2.5 box2-11.dat
0 BFC INVERTNEXT
1 16 0 22 6.5 36 0 0 0 -2 0 0 0 -2.5 box2-11.dat
0 BFC INVERTNEXT
1 0 0 24 10 0 0 36 0 -4 0 1 0 0 box3u4p.dat
0 BFC INVERTNEXT
1 16 0 24 -20 0 0 -40 0 -4 0 -20 0 0 box5.dat
0 BFC INVERTNEXT
1 16 0 14 -50.7071 -17.4142 0 0 0 -10 0 0 0 6.7071 box2-11.dat
0 BFC INVERTNEXT
1 16 0 24 -66.707 16 0 0 0 -20 0 0 0 -9.2929 box4-4a.dat
1 16 0 16 -60 20 0 0 0 -16 0 0 0 20 box3u8p.dat
0 // Studs
1 16 0 4 -60 1 0 0 0 -5 0 0 0 1 stud4.dat
1 16 -20 20 10 1 0 0 0 -1 0 0 0 1 stud3.dat
1 16 0 20 10 1 0 0 0 -1 0 0 0 1 stud3.dat
1 16 20 20 10 1 0 0 0 -1 0 0 0 1 stud3.dat
1 16 -70 16 50 0 0 -1 0 1 0 1 0 0 stug-1x5.dat
1 16 70 16 50 0 0 -1 0 1 0 1 0 0 stug-1x5.dat
1 16 -90 16 40 0 0 -1 0 1 0 1 0 0 stug-1x2.dat
1 16 90 16 40 0 0 -1 0 1 0 1 0 0 stug-1x2.dat
1 16 -30 16 -10 0 0 -1 0 1 0 1 0 0 stug-3x3.dat
1 16 30 16 -10 0 0 -1 0 1 0 1 0 0 stug-3x3.dat
1 16 -110 0 90 0 0 -1 0 1 0 1 0 0 stud.dat
1 16 110 0 90 0 0 -1 0 1 0 1 0 0 stud.dat
1 16 -90 0 80 0 0 -1 0 1 0 1 0 0 stug-1x2.dat
1 16 90 0 80 0 0 -1 0 1 0 1 0 0 stug-1x2.dat
1 16 -110 0 70 1 0 0 0 1 0 0 0 1 stud2a.dat
1 16 110 0 70 1 0 0 0 1 0 0 0 1 stud2a.dat
1 16 -50 0 -50 1 0 0 0 1 0 0 0 1 stud2a.dat
1 16 50 0 -50 1 0 0 0 1 0 0 0 1 stud2a.dat
1 16 -30 0 -70 1 0 0 0 1 0 0 0 1 stud2a.dat
1 16 -30 0 -50 0 0 -1 0 1 0 1 0 0 stud.dat
1 16 30 0 -50 0 0 -1 0 1 0 1 0 0 stud.dat
1 16 0 0 -60 0 0 -1 0 1 0 1 0 0 stug-2x2.dat
1 16 30 0 -70 1 0 0 0 1 0 0 0 1 stud2a.dat
1 16 -10 0 -90 1 0 0 0 1 0 0 0 1 stud2a.dat
1 16 10 0 -90 1 0 0 0 1 0 0 0 1 stud2a.dat
