0 Bar with Orthogonal Hollow Stud and Bar 
0 Name: 50018c.dat
0 Author: Gerald Lasser [GeraldLasser]
0 !LDRAW_ORG Unofficial_Part
0 !LICENSE Redistributable under CCAL version 2.0 : see CAreadme.txt

0 BFC CERTIFY CCW

0 !CATEGORY Minifig Accessory

0 !KEYWORDS Minifig Accessory Pack #11

0 // Bottom Bar
1 16 0 20 0 4 0 0 0 -11 0 0 0 4 4-4cylc.dat

4 16 -3.5355 9 3.5355 3.5355 9 3.5355 3.5355 9 -3.5355 -3.5355 9 -3.5355
4 16 -3.5355 9 -3.5355 3.5355 9 -3.5355 2.8405 9 -4 -2.8405 9 -4
4 16 2.8405 9 4 3.5355 9 3.5355 -3.5355 9 3.5355 -2.8405 9 4
2 24 -2.8405 9 4 -3.5355 9 3.5355
2 24 -2.8405 9 4 2.8405 9 4
2 24 2.8405 9 4 3.5355 9 3.5355
2 24 2.8405 9 -4 3.5355 9 -3.5355
2 24 2.8405 9 -4 -2.8405 9 -4
2 24 -2.8405 9 -4 -3.5355 9 -3.5355

1 16 0 8 0 .35355 0 .35355 0 1 0 -.35355 0 .35355 1-4con10.dat
1 16 0 8 0 -.35355 0 -.35355 0 1 0 .35355 0 -.35355 1-4con10.dat
1 16 0 8 0 -3.88909 0 -3.88909 0 -1 0 3.88909 0 -3.88909 1-4edge.dat
1 16 0 9 0 -3.53553 0 -3.53553 0 -1 0 3.53553 0 -3.53553 1-4chrd.dat
1 16 0 9 0 3.53553 0 3.53553 0 -1 0 -3.53553 0 3.53553 1-4chrd.dat
1 16 0 8 0 3.88909 0 3.88909 0 -1 0 -3.88909 0 3.88909 1-4edge.dat
1 16 0 9 0 -3.53553 0 -3.53553 0 -1 0 3.53553 0 -3.53553 1-4edge.dat
1 16 0 9 0 3.53553 0 3.53553 0 -1 0 -3.53553 0 3.53553 1-4edge.dat

4 16 -2.8405 9 4 -2.9749 8 4.5 2.9749 8 4.5 2.8405 9 4
4 16 2.9749 8 4.5 3.8891 8 3.8891 3.5355 9 3.5355 2.8405 9 4
4 16 -2.9749 8 4.5 -2.8405 9 4 -3.5355 9 3.5355 -3.8891 8 3.8891
4 16 2.8405 9 -4 2.9749 8 -4.5 -2.9749 8 -4.5 -2.8405 9 -4
4 16 -2.9749 8 -4.5 -3.8891 8 -3.8891 -3.5355 9 -3.5355 -2.8405 9 -4
4 16 2.9749 8 -4.5 2.8405 9 -4 3.5355 9 -3.5355 3.8891 8 -3.8891
2 24 2.9749 8 4.5 2.8405 9 4
2 24 -2.9749 8 4.5 -2.8405 9 4
2 24 -2.9749 8 4.5 -3.8891 8 3.8891
2 24 2.9749 8 4.5 -2.9749 8 4.5
2 24 2.9749 8 4.5 3.8891 8 3.8891
2 24 -2.9749 8 -4.5 -2.8405 9 -4
2 24 2.9749 8 -4.5 2.8405 9 -4
2 24 2.9749 8 -4.5 3.8891 8 -3.8891
2 24 -2.9749 8 -4.5 2.9749 8 -4.5
2 24 -2.9749 8 -4.5 -3.8891 8 -3.8891

0 // Hexagonal Part
4 16 9 8 0 -9 8 0 -4.5 8 7.794 4.5 8 7.794
4 16 1 8 -7.794 -1 8 -7.794 -9 8 0 9 8 0
3 16 4.5 8 -7.794 1 8 -7.794 9 8 0
3 16 -1 8 -7.794 -4.5 8 -7.794 -9 8 0

1 16 6.75 4 -3.897 -2.25 -1 0 0 0 4 -3.897 0 0 rect.dat
1 16 6.75 4 3.897 2.25 -1 0 0 0 4 -3.897 0 0 rect2p.dat
1 16 0 4 7.794 0 0 -4.5 4 0 0 0 -1 0 rect.dat
1 16 -6.75 4 3.897 2.25 1 0 0 0 4 3.897 0 0 rect2p.dat
1 16 -6.75 4 -3.897 -2.25 1 0 0 0 4 3.897 0 0 rect.dat

3 16 -4.5 0 -7.794 -3.382 0 -7.794 -9 0 0
3 16 3.382 0 -7.794 4.5 0 -7.794 9 0 0
4 16 4.2426 0 4.2426 8.4853 0 0 9 0 0 4.5 0 7.794
4 16 -4.2426 0 4.2426 4.2426 0 4.2426 4.5 0 7.794 -4.5 0 7.794
4 16 -4.2426 0 4.2426 -4.5 0 7.794 -9 0 0 -8.4853 0 0
4 16 -8.4853 0 0 -9 0 0 -3.382 0 -7.794 0 0 -8.4853
4 16 8.4853 0 0 0 0 -8.4853 3.382 0 -7.794 9 0 0
1 16 0 0 0 -4.24264 0 -4.24264 0 1 0 4.24264 0 -4.24264 3-4ndis.dat

1 16 0 0 0 1 0 0 0 1 0 0 0 1 stud2a.dat
1 16 0 0 0 6 0 0 0 1 0 0 0 6 4-4edge.dat
1 16 0 0 0 1 0 0 0 1 0 0 0 1 4-4ring3.dat
1 16 0 0 0 4 0 0 0 -1 0 0 0 4 4-4edge.dat
0 BFC INVERTNEXT
1 16 0 4 0 3 0 0 0 -4 0 0 0 3 4-4cylc.dat

0 // Handle
4 16 -1 5.8011 -7.794 -3.382 0 -7.794 -4.5 0 -7.794 -4.5 8 -7.794
4 16 4.5 0 -7.794 3.382 0 -7.794 1 5.8011 -7.794 4.5 8 -7.794
3 16 -1 8 -7.794 -1 5.8011 -7.794 -4.5 8 -7.794
3 16 1 5.8011 -7.794 1 8 -7.794 4.5 8 -7.794
2 24 1 8 -7.794 4.5 8 -7.794
2 24 -1 8 -7.794 -4.5 8 -7.794
2 24 3.382 0 -7.794 4.5 0 -7.794
2 24 -4.5 0 -7.794 -3.382 0 -7.794

0 // Handle Bottom Part
1 16 1 6 -9.6 0 -2 0 2 0 0 0 0 -2 1-8cylo.dat
1 16 0 8 -8.697 0 0 -1 0 -1 0 -.903 0 0 rect2p.dat
4 16 1 7.4142 -11.0142 1 5.8011 -12 0 6.0001 -11.8784 -1 7.4142 -11.0142
3 16 0 6.0001 -11.8784 -1 5.8011 -12 -1 7.4142 -11.0142
2 24 1 7.4142 -11.0142 1 5.8011 -12
2 24 0 6.0001 -11.8784 -1 5.8011 -12
2 24 0 6.0001 -11.8784 1 5.8011 -12
2 24 -1 7.4142 -11.0142 -1 5.8011 -12
5 24 1 7.4142 -11.0142 -1 7.4142 -11.0142 1 7.8478 -10.3654 1 5.8011 -12

4 16 1 8 -7.794 1 5.8011 -7.794 1 5.8011 -12 1 8 -9.6
4 16 -1 5.8011 -7.794 -1 8 -7.794 -1 8 -9.6 -1 5.8011 -12
3 16 1 7.4142 -11.0142 1 8 -9.6 1 5.8011 -12
3 16 -1 8 -9.6 -1 7.4142 -11.0142 -1 5.8011 -12
1 16 1 6 -9.6 0 -1 0 2 0 0 0 0 -2 1-8chrd.dat
1 16 -1 6 -9.6 0 1 0 2 0 0 0 0 -2 1-8chrd.dat
2 24 -1 5.8011 -7.794 -1 5.8011 -12
2 24 1 5.8011 -12 1 5.8011 -7.794
2 24 -1 5.8011 -7.794 -1 8 -7.794
2 24 1 8 -7.794 1 5.8011 -7.794

0 // Handle Top Part
3 16 0 0 -8.4853 -3.392 0 -10.1421 3.392 0 -10.1421
3 16 -3.382 0 -7.794 -3.392 0 -10.1421 0 0 -8.4853
3 16 3.382 0 -7.794 0 0 -8.4853 3.392 0 -10.1421
1 16 0 0 -8.9681 3.392 0 0 0 1 0 0 0 -1.17405 recte3.dat
3 16 -3.6956 .4692 -7.794 -3.6954 .4693 -12 -3.392 0 -10.1421
3 16 -3.392 0 -10.1421 -3.382 0 -7.794 -3.6956 .4692 -7.794
4 16 -2.8284 -.8284 -12 -2.8284 -.8284 -10.9116 -3.392 0 -10.1421 -3.6954 .4693 -12
3 16 3.6955 .4693 -12 3.6956 .4692 -7.794 3.392 0 -10.1421
3 16 3.382 0 -7.794 3.392 0 -10.1421 3.6956 .4692 -7.794
4 16 3.392 0 -10.1421 2.8284 -.8284 -10.9116 2.8284 -.8284 -12 3.6955 .4693 -12
2 24 -2.8284 -.8284 -10.9116 -3.392 0 -10.1421
2 24 2.8284 -.8284 -10.9116 3.392 0 -10.1421
3 16 0 -2 -12 2.8284 -.8284 -10.9116 -2.8284 -.8284 -10.9116
4 16 -2.8284 -.8284 -10.9116 2.8284 -.8284 -10.9116 3.392 0 -10.1421 -3.392 0 -10.1421
1 16 0 2 -12 0 0 4 -4 0 0 0 3.716 0 1-8cyls.dat
1 16 0 2 -12 0 0 -4 -4 0 0 0 3.716 0 1-8cyls.dat
1 16 0 2 -8.284 0 0 4 -4 0 0 -3.716 -1 0 1-8edge.dat
1 16 0 2 -8.284 0 0 -4 -4 0 0 -3.716 -1 0 1-8edge.dat
1 16 0 2 -8.284 0 0 4 -4 0 0 -3.716 -1 0 1-8chrd.dat
1 16 0 2 -8.284 0 0 -4 -4 0 0 -3.716 -1 0 1-8chrd.dat
5 24 -3.6956 .4692 -12 -3.6956 .4692 -7.794 -4.0001 2 -7.794 -3.392 0 -7.7941
5 24 3.6955 .4693 -12.003 3.6955 .4693 -7.794 4.0001 2 -7.794 3.382 0 -7.794

1 16 0 2 -7.794 3.69548 0 1.53072 -1.53072 0 3.69548 0 -1 0 5-8edge.dat
2 24 3.382 0 -7.794 3.6955 .4693 -7.794
2 24 -3.6956 .4692 -7.794 -3.382 0 -7.794
1 16 0 2 -7.794 3.69548 0 1.53072 -1.53072 0 3.69548 0 -4.209 0 5-8cyli.dat
5 24 -3.6956 .4692 -7.794 -3.392 0 -10.1421 -3.6954 .4693 -12 -3.382 0 -7.794
5 24 -3.6954 .4693 -12 -3.392 0 -10.1421 -2.8284 -.8284 -12 -3.6956 .4692 -7.794
5 24 3.392 0 -10.1421 3.6956 .4692 -7.794 3.6955 .4693 -12 3.382 0 -7.794
5 24 3.392 0 -10.1421 3.6955 .4693 -12 3.6956 .4692 -7.794 2.8284 -.8284 -12

1 16 0 2 -12 3.69548 0 1.53072 -1.53072 0 3.69548 0 -1 0 4-4edge.dat
1 16 0 2 -25 0 0 -1 0 1 0 -1 0 0 s\50018as01.dat
