0 Technic Pin Connector Perpendicular  3 x  3 Bent 90 with 4 Pins
0 Name: 55615.dat
0 Author: Steve Bliss [sbliss]
0 !LDRAW_ORG Unofficial_Part
0 !LICENSE Redistributable under CCAL version 2.0 : see CAreadme.txt

0 BFC CERTIFY CCW

0 !HISTORY 2007-10-10 [Philo] Checked against The LEGO Universe Team version
0 !HISTORY 2007-10-10 [Philo] Complete rewrite from 48989
0 !HISTORY 2012-03-30 [PTadmin] Official Update 2012-01
0 !HISTORY 2013-12-06 [Philo] Used more realistic pins
0 !HISTORY 2018-06-21 [MagFors] adapted beam design to a 18x20 ldu cross section

1 16 0 0 -10 9 0 0 0 0 9 0 1 0 2-4edge.dat
1 16 0 0 -10 9 0 0 0 0 9 0 1 0 2-4cyli.dat
1 16 10 0 0 0 1 0 0 0 9 -9 0 0 4-4edge.dat
1 16 -10 0 0 0 1 0 0 0 9 -9 0 0 4-4edge.dat
1 16 9 0 0 0 1 0 0 0 9 -9 0 0 4-4cyli.dat
1 16 -9 0 0 0 -1 0 0 0 9 -9 0 0 4-4cyli.dat
1 16 9 0 0 0 1 0 0 0 -9 -9 0 0 1-8edge.dat
1 16 -9 0 0 0 1 0 0 0 -9 -9 0 0 1-8edge.dat
1 16 9 0 0 0 1 0 9 0 0 0 0 9 1-8edge.dat
1 16 -9 0 0 0 1 0 9 0 0 0 0 9 1-8edge.dat
1 16 0 0 -10 9 0 0 0 0 9 0 1 0 2-4chrd.dat
1 16 0 0 -10 8 0 0 0 0 -8 0 1 0 4-4edge.dat
1 16 0 -40 -10 8 0 0 0 0 -8 0 1 0 4-4edge.dat
1 16 0 -40 -10 -9 0 0 0 0 -9 0 1 0 2-4edge.dat
1 16 0 -40 -10 -9 0 0 0 0 -9 0 1 0 2-4cyli.dat
1 16 -10 -40 0 0 -1 0 0 0 -9 -9 0 0 4-4edge.dat
1 16 10 -40 0 0 -1 0 0 0 -9 -9 0 0 4-4edge.dat
1 16 10 -40 0 0 -1 0 0 0 9 9 0 0 3-4cyli.dat
1 16 -10 -40 0 0 1 0 0 0 9 9 0 0 3-4cyli.dat
1 16 9 -40 0 0 1 0 0 0 9 -9 0 0 1-8edge.dat
1 16 -9 -40 0 0 1 0 0 0 9 -9 0 0 1-8edge.dat
1 16 9 -40 0 0 1 0 0 0 9 9 0 0 1-8edge.dat
1 16 -9 -40 0 0 1 0 0 0 9 9 0 0 1-8edge.dat
1 16 0 -40 0 9 1 0 0 0 -9 -9 0 0 1-4edge.dat
1 16 0 -40 0 -9 1 0 0 0 -9 -9 0 0 1-4edge.dat
1 16 0 -40 0 0 1 0 0 0 1 1 0 0 connhole.dat
1 16 0 0 0 0 1 0 0 0 1 1 0 0 connhole.dat
1 16 0 0 40 0 1 0 0 0 1 1 0 0 connhole.dat
1 16 0 -40 -10 -9 0 0 0 0 -9 0 1 0 2-4chrd.dat
1 16 0 -40 -9 -9 0 0 0 0 -9 0 9 0 1-4cyls.dat
1 16 0 -40 -9 9 0 0 0 0 -9 0 9 0 1-4cyls.dat
1 16 -10 -40 0 0 20 0 0 0 -9 9 0 0 1-4cyli.dat
1 16 -9 -40 0 0 9 0 0 0 -9 -9 0 0 1-4cyls.dat
1 16 9 -40 0 0 -9 0 0 0 -9 -9 0 0 1-4cyls.dat
1 16 0 0 -10 1 0 0 0 0 -1 0 1 0 connect7.dat
1 16 0 0 -10 -2.82843 0 2.82843 2.82843 0 2.82843 0 1 0 1-4edge.dat
1 16 0 0 -10 2.82843 0 -2.82843 -2.82843 0 -2.82843 0 1 0 1-4edge.dat
2 24 2.828 -2.828 -10 2.828 2.828 -10
2 24 -2.828 2.828 -10 -2.828 -2.828 -10
1 16 0 -40 -10 1 0 0 0 0 -1 0 1 0 connect7.dat
1 16 0 -40 -10 -2.82843 0 2.82843 2.82843 0 2.82843 0 1 0 1-4edge.dat
1 16 0 -40 -10 2.82843 0 -2.82843 -2.82843 0 -2.82843 0 1 0 1-4edge.dat
2 24 2.828 -42.828 -10 2.828 -37.172 -10
2 24 -2.828 -37.172 -10 -2.828 -42.828 -10
4 16 -9 -28 10 -9 -30.659 6.364 -9 -33.636 6.364 -9 -34 10
3 16 -9 -40 9 -9 -34 10 -9 -33.636 6.364
4 16 -9 -28 10 -9 -27 8 -9 -30 5 -9 -30.659 6.364
4 16 -9 -10 10 -9 -6.364 6.364 -9 -8.5 6.5 -9 -12 10
4 16 -9 -8.5 6.5 -9 -10 5 -9 -13 8 -9 -12 10
4 16 -9 -13 8 -9 -10 5 -9 -30 5 -9 -27 8
4 16 9 -28 10 9 -34 10 9 -33.636 6.364 9 -30.659 6.364
3 16 9 -34 10 9 -40 9 9 -33.636 6.364
4 16 9 -30.659 6.364 9 -30 5 9 -27 8 9 -28 10
4 16 9 -12 10 9 -8.5 6.5 9 -6.364 6.364 9 -10 10
4 16 9 -12 10 9 -13 8 9 -10 5 9 -8.5 6.5
4 16 9 -27 8 9 -30 5 9 -10 5 9 -13 8
4 16 9 0 -9 9 -6.364 -6.364 9 -33.636 -6.364 9 -40 -9
4 16 -9 -40 -9 -9 -33.636 -6.364 -9 -6.364 -6.364 -9 0 -9
1 16 9 -20 -9.5 0 -1 0 0 0 20 -0.5 0 0 rect1.dat
1 16 -9 -20 -9.5 0 1 0 0 0 -20 -0.5 0 0 rect1.dat

2 24 -9 -5.165 7.165 -2 -5.165 7.165
2 24 2 -5.165 7.165 9 -5.165 7.165
2 24 2 -7.165 5.165 9 -7.165 5.165
2 24 -9 -7.165 5.165 -2 -7.165 5.165

2 24 -9 -33.636 -6.364 -9 -6.364 -6.364
2 24 9 -33.636 -6.364 9 -6.364 -6.364
2 24 2 -33.636 -6.364 9 -33.636 -6.364
2 24 -2 -33.636 -6.364 -9 -33.636 -6.364
2 24 -2 -6.364 -6.364 -9 -6.364 -6.364
2 24 2 -6.364 -6.364 9 -6.364 -6.364
2 24 -2 -33.636 6.364 -9 -33.636 6.364
2 24 2 -33.636 6.364 9 -33.636 6.364
2 24 2 -30.659 6.364 2 -33.636 6.364
1 16 2 -30.869 0 0 -1 0 0 0 2.76685 -6.364 0 0 rect1.dat
2 24 2 -28.603 6.364 2 -33.636 6.364
4 16 8.5 -28.5 5 9 -30 5 -9 -30 5 -8.5 -28.5 5
4 16 -8.5 -11.5 5 -8.5 -28.5 5 -9 -30 5 -9 -10 5
4 16 8.5 -28.5 5 8.5 -11.5 5 9 -10 5 9 -30 5
4 16 8.5 -11.5 -6.364 8.5 -28.5 -6.364 9 -33.636 -6.364 9 -6.364 -6.364
4 16 -9 -33.636 -6.364 -8.5 -28.5 -6.364 -8.5 -11.5 -6.364 -9 -6.364 -6.364

2 24 -2 -33.636 6.364 -2 -30.659 6.364
1 16 -2 -30.869 0 0 1 0 0 0 -2.76685 -6.364 0 0 rect1.dat

2 24 -2 -8.5 6.5 -2 -7.165 5.165
2 24 -2 -6.364 -6.364 -2 -11.898 -6.364
4 16 -2 -7 7 -2 -6.364 -6.364 -2 -11.898 -6.364 -2 -11.898 7.07

2 24 2 -11.898 -6.364 2 -6.364 -6.364
2 24 2 -7.165 5.165 2 -8.5 6.5
4 16 2 -6.364 -6.364 2 -7 7 2 -11.898 7.07 2 -11.898 -6.364

2 24 2 -28.102 -6.364 2 -28.102 5
2 24 -2 -28.102 -6.364 -2 -28.102 5
2 24 -2 -11.898 -6.364 -2 -11.898 5
2 24 2 -11.898 -6.364 2 -11.898 5
1 16 0 -20 0 1 0 0 0 0 -1 0 1 0 connhol3.dat
1 16 0 -20 8 6 0 0 0 0 -6 0 -1 0 4-4ndis.dat
1 16 0 -20 -10 9 0 0 0 0 -9 0 1 0 4-4ndis.dat
4 16 -9 0 -10 9 0 -10 9 -11 -10 -9 -11 -10
4 16 -9 -40 -10 -9 -29 -10 9 -29 -10 9 -40 -10

1 16 0 -20 5 8.5 0 0 0 0 -8.5 0 -11.36396 0 4-4cylo.dat

1 16 2 0 0 0 7 0 -6.36396 0 -6.36396 6.36396 0 -6.36396 1-4cyli.dat
1 16 -2 0 0 0 -7 0 -6.36396 0 -6.36396 6.36396 0 -6.36396 1-4cyli.dat
1 16 -2 -40 0 0 -7 0 6.36396 0 6.36396 6.36396 0 -6.36396 1-4cyli.dat
1 16 2 -40 0 0 7 0 6.36396 0 6.36396 6.36396 0 -6.36396 1-4cyli.dat
1 16 0 -20 5 8.5 0 0 0 0 -8.5 0 1 0 4-4ndis.dat
1 16 0 -30.329 5.682 0 0 9 0.32945 1 0 -0.682 0 0 rect.dat

2 24 -2 -30 5 -2 -30.659 6.364
2 24 2 -30 5 2 -30.659 6.364
1 16 0 -9.25 5.75 0 0 9 0.75 -1 0 0.75 0 0 rect.dat
4 16 8.5 -11.5 5 -8.5 -11.5 5 -9 -10 5 9 -10 5

2 24 -2 -10 5 -2 -8.5 6.5
2 24 2 -10 5 2 -8.5 6.5
1 16 0 -20 -6.364 8.5 0 0 0 0 -8.5 0 -1 0 4-4ndis.dat
1 16 0 -32.147 6.364 0 0 9 1.48855 0 0 0 1 0 rect2p.dat

1 16 0 -7.833 5.833 0 0 -9 -0.66745 1 0 0.66745 0 0 rect2p.dat
3 16 9 -6.364 6.364 9 -8.5 6.5 9 -7.165 5.165
3 16 -9 -7.165 5.165 -9 -8.5 6.5 -9 -6.364 6.364
2 24 -9 -7.165 5.165 -9 -6.364 6.364
2 24 9 -7.165 5.165 9 -6.364 6.364

4 16 9 -6.364 -6.364 -9 -6.364 -6.364 -8.5 -11.5 -6.364 8.5 -11.5 -6.364
4 16 -9 -33.636 -6.364 9 -33.636 -6.364 8.5 -28.5 -6.364 -8.5 -28.5 -6.364
1 16 0 -27.5 9 9 0 0 0 -1 0.5 0 0 -1 rect.dat
2 24 -9 -34 10 -9 -40 9
2 24 -9 -28 10 -9 -34 10
2 24 9 -34 10 9 -28 10
2 24 9 -40 9 9 -34 10
4 16 9 -40 9 9 -34 10 -9 -34 10 -9 -40 9
4 16 9 -34 10 9 -28 10 -9 -28 10 -9 -34 10
5 24 9 -34 10 -9 -34 10 -9 -40 9 -9 -28 10

4 16 -9 -27 8 -6 -26 8 -6 -14 8 -9 -13 8
4 16 6 -26 8 9 -27 8 9 -13 8 6 -14 8
2 24 9 -13 8 9 -27 8
2 24 -9 -13 8 -9 -27 8
2 24 -9 -10 5 -9 -30 5
2 24 -2 -10 5 -2 -11.898 5
2 24 -2 -30 5 -2 -28.102 5
2 24 2 -10 5 2 -11.898 5
2 24 2 -30 5 2 -28.102 5
2 24 9 -10 5 9 -30 5
4 16 -9 -27 8 9 -27 8 6 -26 8 -6 -26 8
4 16 -6 -14 8 6 -14 8 9 -13 8 -9 -13 8
1 16 0 -12.5 9 -9 0 0 0 1 -0.5 0 0 -1 rect.dat
1 16 0 -11 10 9 0 0 0 0 1 0 -1 0 rect3.dat
1 16 -2 -40 0 0 -1 0 6.36396 0 6.36396 6.36396 0 -6.36396 1-4edge.dat
1 16 2 -40 0 0 -1 0 6.36396 0 6.36396 6.36396 0 -6.36396 1-4edge.dat
1 16 2 0 0 0 1 0 -6.36396 0 -6.36396 6.36396 0 -6.36396 1-4edge.dat
1 16 -2 0 0 0 1 0 -6.36396 0 -6.36396 6.36396 0 -6.36396 1-4edge.dat
1 16 0 10 0 -9 0 0 0 -1 0 0 0 -9 2-4edge.dat
1 16 0 10 0 -9 0 0 0 -1 0 0 0 -9 2-4cyli.dat

1 16 0 10 0 -9 0 0 0 -1 0 0 0 -9 2-4chrd.dat
1 16 0 10 0 -8 0 0 0 -1 0 0 0 8 4-4edge.dat
1 16 0 10 40 9 0 0 0 -1 0 0 0 9 2-4edge.dat
1 16 0 10 40 9 0 0 0 -1 0 0 0 9 2-4cyli.dat
1 16 10 0 40 0 1 0 9 0 0 0 0 9 4-4edge.dat
1 16 -10 0 40 0 1 0 9 0 0 0 0 9 4-4edge.dat
1 16 -10 0 40 0 1 0 -9 0 0 0 0 -9 3-4cyli.dat
1 16 10 0 40 0 -1 0 -9 0 0 0 0 -9 3-4cyli.dat
1 16 9 0 40 0 1 0 -9 0 0 0 0 -9 1-8edge.dat
1 16 -9 0 40 0 1 0 -9 0 0 0 0 -9 1-8edge.dat
1 16 9 0 40 0 1 0 9 0 0 0 0 -9 1-8edge.dat
1 16 -9 0 40 0 1 0 9 0 0 0 0 -9 1-8edge.dat

1 16 0 0 40 -9 -1 0 9 0 0 0 0 9 1-4edge.dat
1 16 0 0 40 9 -1 0 9 0 0 0 0 9 1-4edge.dat
1 16 0 10 40 9 0 0 0 -1 0 0 0 9 2-4chrd.dat
1 16 0 9 40 9 0 0 0 -9 0 0 0 9 1-4cyls.dat
1 16 0 9 40 -9 0 0 0 -9 0 0 0 9 1-4cyls.dat
1 16 10 0 40 0 -20 0 -9 0 0 0 0 9 1-4cyli.dat
1 16 9 0 40 0 -9 0 9 0 0 0 0 9 1-4cyls.dat
1 16 -9 0 40 0 9 0 9 0 0 0 0 9 1-4cyls.dat
1 16 0 10 40 8 0 0 0 -1 0 0 0 -8 4-4edge.dat
1 16 0 10 0 -1 0 0 0 -1 0 0 0 1 connect7.dat
1 16 0 10 0 -2.82843 0 2.82843 0 -1 0 2.82843 0 2.82843 1-4edge.dat
1 16 0 10 0 2.82843 0 -2.82843 0 -1 0 -2.82843 0 -2.82843 1-4edge.dat
2 24 2.828 10 -2.828 2.828 10 2.828
2 24 -2.828 10 2.828 -2.828 10 -2.828
1 16 0 10 40 -1 0 0 0 -1 0 0 0 1 connect7.dat
1 16 0 10 40 -2.82843 0 2.82843 0 -1 0 2.82843 0 2.82843 1-4edge.dat
1 16 0 10 40 2.82843 0 -2.82843 0 -1 0 -2.82843 0 -2.82843 1-4edge.dat
2 24 2.828 10 37.172 2.828 10 42.828
2 24 -2.828 10 42.828 -2.828 10 37.172
4 16 9 -10 28 9 -6.364 30.659 9 -6.364 33.636 9 -10 34
3 16 9 -9 40 9 -10 34 9 -6.364 33.636
4 16 9 -10 28 9 -8 27 9 -5 30 9 -6.364 30.659
4 16 9 -10 10 9 -6.364 6.364 9 -6.5 8.5 9 -10 12
4 16 9 -6.5 8.5 9 -5 10 9 -8 13 9 -10 12
4 16 9 -8 13 9 -5 10 9 -5 30 9 -8 27
4 16 8.5 -5 11.5 8.5 -5 28.5 9 -5 30 9 -5 10
4 16 -8.5 -5 28.5 -8.5 -5 11.5 -9 -5 10 -9 -5 30

4 16 -9 -10 28 -9 -10 34 -9 -6.364 33.636 -9 -6.364 30.659
3 16 -9 -10 34 -9 -9 40 -9 -6.364 33.636
4 16 -9 -6.364 30.659 -9 -5 30 -9 -8 27 -9 -10 28
4 16 -9 -10 12 -9 -6.5 8.5 -9 -6.364 6.364 -9 -10 10
4 16 -9 -10 12 -9 -8 13 -9 -5 10 -9 -6.5 8.5
4 16 -9 -8 27 -9 -5 30 -9 -5 10 -9 -8 13
4 16 -9 9 0 -9 6.364 6.364 -9 6.364 33.636 -9 9 40
4 16 9 9 40 9 6.364 33.636 9 6.364 6.364 9 9 0
1 16 -9 9.5 20 0 1 0 0.5 0 0 0 0 -20 rect1.dat
1 16 9 9.5 20 0 -1 0 0.5 0 0 0 0 20 rect1.dat
4 16 -8.5 6.364 11.5 -8.5 6.364 28.5 -9 6.364 33.636 -9 6.364 6.364
4 16 9 6.364 33.636 8.5 6.364 28.5 8.5 6.364 11.5 9 6.364 6.364

2 24 9 6.364 33.636 9 6.364 6.364
2 24 -9 6.364 33.636 -9 6.364 6.364
2 24 -2 6.364 33.636 -9 6.364 33.636
2 24 2 6.364 33.636 9 6.364 33.636
2 24 2 6.364 6.364 9 6.364 6.364
2 24 -2 6.364 6.364 -9 6.364 6.364
2 24 2 -6.364 33.636 9 -6.364 33.636
2 24 -2 -6.364 33.636 -9 -6.364 33.636
2 24 -2 -6.364 30.659 -2 -6.364 33.636
1 16 -2 0 30.869 0 1 0 6.364 0 0 0 0 -2.76685 rect1.dat

2 24 2 -6.364 33.636 2 -6.364 30.659
1 16 2 0 30.869 0 -1 0 6.364 0 0 0 0 2.76685 rect1.dat

2 24 2 -6.5 8.5 2 -5.165 7.165
2 24 2 6.364 6.364 2 6.364 11.898
4 16 2 -7 7 2 6.364 6.364 2 6.364 11.898 2 -7.07 11.898

2 24 -2 6.364 11.898 -2 6.364 6.364
2 24 -2 -5.165 7.165 -2 -6.5 8.5
4 16 -2 6.364 6.364 -2 -7 7 -2 -7.07 11.898 -2 6.364 11.898

2 24 -2 6.364 28.102 -2 -5 28.102
2 24 2 6.364 28.102 2 -5 28.102
2 24 2 6.364 11.898 2 -5 11.898
2 24 -2 6.364 11.898 -2 -5 11.898
1 16 0 -8 20 -6 0 0 0 1 0 0 0 6 4-4ndis.dat
1 16 0 0 20 1 0 0 0 -1 0 0 0 -1 connhol3.dat
1 16 0 10 20 -9 0 0 0 -1 0 0 0 9 4-4ndis.dat
4 16 9 10 29 -9 10 29 -9 10 40 9 10 40
4 16 9 10 11 9 10 0 -9 10 0 -9 10 11

1 16 0 -5 20 -8.5 0 0 0 11.36396 0 0 0 8.5 4-4cylo.dat

1 16 -2 0 0 0 -7 0 -6.36396 0 6.36396 6.36396 0 6.36396 1-4cyli.dat
1 16 2 0 0 0 7 0 -6.36396 0 6.36396 6.36396 0 6.36396 1-4cyli.dat
1 16 2 0 40 0 7 0 -6.36396 0 6.36396 -6.36396 0 -6.36396 1-4cyli.dat
1 16 -2 0 40 0 -7 0 -6.36396 0 6.36396 -6.36396 0 -6.36396 1-4cyli.dat
1 16 0 -5 20 -8.5 0 0 0 -1 0 0 0 8.5 4-4ndis.dat
1 16 0 -5.682 30.329 9 0 0 0 -1 0.682 0 0 -0.32945 rect3.dat
4 16 -8.5 -5 28.5 -9 -5 30 9 -5 30 8.5 -5 28.5

2 24 2 -5 30 2 -6.364 30.659
2 24 -2 -5 30 -2 -6.364 30.659
1 16 0 -5.75 9.25 0 0 -9 -0.75 -1 0 -0.75 0 0 rect.dat
4 16 -8.5 -5 11.5 8.5 -5 11.5 9 -5 10 -9 -5 10

2 24 2 -5 10 2 -6.5 8.5
2 24 -2 -5 10 -2 -6.5 8.5
1 16 0 6.364 20 -8.5 0 0 0 1 0 0 0 8.5 4-4ndis.dat
1 16 0 -6.364 32.148 9 0 0 0 -1 -0.00005 0 0 -1.4886 rect3.dat

1 16 0 -5.833 7.833 0 0 9 -0.66745 -1 0 0.66745 0 0 rect2p.dat
3 16 9 -5.165 7.165 9 -6.5 8.5 9 -6.364 6.364
3 16 -9 -5.165 7.165 -9 -6.364 6.364 -9 -6.5 8.5
2 24 -9 -5.165 7.165 -9 -6.364 6.364
2 24 9 -6.364 6.364 9 -5.165 7.165

4 16 -9 6.364 6.364 9 6.364 6.364 8.5 6.364 11.5 -8.5 6.364 11.5
4 16 9 6.364 33.636 -9 6.364 33.636 -8.5 6.364 28.5 8.5 6.364 28.5
1 16 0 -9 27.5 -9 0 0 0 0 1 0 1 -0.5 rect.dat
2 24 9 -10 34 9 -9 40
2 24 9 -10 28 9 -10 34
2 24 -9 -10 34 -9 -10 28
2 24 -9 -9 40 -9 -10 34
4 16 -9 -9 40 -9 -10 34 9 -10 34 9 -9 40
4 16 -9 -10 34 -9 -10 28 9 -10 28 9 -10 34
5 24 -9 -10 34 9 -10 34 -9 -10 28 -9 -9 40

4 16 9 -8 27 6 -8 26 6 -8 14 9 -8 13
4 16 -6 -8 26 -9 -8 27 -9 -8 13 -6 -8 14
2 24 -9 -8 13 -9 -8 27
2 24 9 -8 13 9 -8 27
2 24 9 -5 10 9 -5 30
2 24 2 -5 10 2 -5 11.898
2 24 2 -5 30 2 -5 28.102
2 24 -2 -5 10 -2 -5 11.898
2 24 -2 -5 30 -2 -5 28.102
2 24 -9 -5 10 -9 -5 30
4 16 9 -8 27 -9 -8 27 -6 -8 26 6 -8 26
4 16 6 -8 14 -6 -8 14 -9 -8 13 9 -8 13
1 16 0 -9 12.5 9 0 0 0 0 1 0 -1 0.5 rect.dat
1 16 0 -10 11 0 0 -9 0 1 0 1 0 0 rect2p.dat
1 16 2 0 40 0 1 0 -6.36396 0 6.36396 -6.36396 0 -6.36396 1-4edge.dat
1 16 -2 0 40 0 1 0 -6.36396 0 6.36396 -6.36396 0 -6.36396 1-4edge.dat
1 16 -2 0 0 0 -1 0 -6.36396 0 6.36396 6.36396 0 6.36396 1-4edge.dat
1 16 2 0 0 0 -1 0 -6.36396 0 6.36396 6.36396 0 6.36396 1-4edge.dat
1 16 0 0 0 9 0 0 0 0 9 0 -9 0 1-8tric.dat
1 16 0 0 0 -9 0 0 0 0 9 0 -9 0 1-8tric.dat
