0 Brick  1 x  1 x  3 with Clips Vertical
0 Name: 60801.dat
0 Author: Kevin Roach [KROACH]
0 !LDRAW_ORG Unofficial_Part
0 !LICENSE Redistributable under CCAL version 2.0 : see CAreadme.txt

0 BFC CERTIFY CCW

4 16 -6 72 6 -6 72 -6 -10 72 -10 -10 72 10
4 16 6 72 6 -6 72 6 -10 72 10 10 72 10
4 16 6 72 -6 6 72 6 10 72 10 10 72 -10
4 16 -6 72 -6 6 72 -6 10 72 -10 -10 72 -10
0 BFC INVERTNEXT
1 16 0 72 0 6 0 0 0 -68 0 0 0 6 box5.dat
1 16 0 72 0 10 0 0 0 -72 0 0 0 10 box4t.dat
4 16 10 24 -10 4.19094 16 -10 -4.19094 16 -10 -10 24 -10
4 16 -10 24 -10 -4.19094 16 -10 -4.19094 8 -10 -10 0 -10
4 16 -10 0 -10 -4.19094 8 -10 4.19094 8 -10 10 0 -10
4 16 10 0 -10 4.19094 8 -10 4.19094 16 -10 10 24 -10
2 24 4.19094 16 -10 -4.19094 16 -10
2 24 -4.19094 16 -10 -4.19094 8 -10
2 24 4.19094 8 -10 -4.19094 8 -10
2 24 4.19094 16 -10 4.19094 8 -10
4 16 -10 48 -10 10 48 -10 10 24 -10 -10 24 -10
4 16 10 72 -10 4.19094 64 -10 -4.19094 64 -10 -10 72 -10
4 16 -10 72 -10 -4.19094 64 -10 -4.19094 56 -10 -10 48 -10
4 16 -10 48 -10 -4.19094 56 -10 4.19094 56 -10 10 48 -10
4 16 10 48 -10 4.19094 56 -10 4.19094 64 -10 10 72 -10
2 24 4.19094 64 -10 -4.19094 64 -10
2 24 -4.19094 64 -10 -4.19094 56 -10
2 24 4.19094 56 -10 -4.19094 56 -10
2 24 4.19094 64 -10 4.19094 56 -10
1 16 0 0 0 1 0 0 0 1 0 0 0 1 stud.dat
1 16 0 12 -20 1 0 0 0 1 0 0 0 1 clip5.dat
1 16 0 60 -20 1 0 0 0 1 0 0 0 1 clip5.dat
