0 Panel  1 x  4 x  3 with Fixed Transparent Medium Blue Glass
0 Name: 6156.dat
0 Author: Thomas Burger [grapeape]
0 !LDRAW_ORG Unofficial_Part
0 !LICENSE Redistributable under CCAL version 2.0 : see CAreadme.txt

0 BFC CERTIFY CCW

0 !HISTORY 1998-07-15 [PTadmin] Official Update 1998-07
0 !HISTORY 2007-07-16 [PTadmin] Header formatted for Contributor Agreement
0 !HISTORY 2008-07-01 [PTadmin] Official Update 2008-01
0 !HISTORY 2017-09-03 [MagFors] bfc'd, subfiled glass


4 16 -31 48 10 31 48 10 40 72 10 -40 72 10
3 16 -33 46 10 -31 48 10 -40 72 10
4 16 -33 6 10 -33 46 10 -40 72 10 -40 0 10
3 16 40 72 10 31 48 10 33 46 10
4 16 40 72 10 33 46 10 33 6 10 40 0 10
4 16 40 0 10 31 4 10 -31 4 10 -40 0 10
3 16 33 6 10 31 4 10 40 0 10
3 16 -31 4 10 -33 6 10 -40 0 10
2 24 33 46 10 31 48 10
2 24 31 48 10 -31 48 10
2 24 -31 48 10 -33 46 10
2 24 -33 46 10 -33 6 10
2 24 -33 6 10 -31 4 10
2 24 -31 4 10 31 4 10
2 24 31 4 10 33 6 10
2 24 33 6 10 33 46 10

0 // Panel  1 x  4 x  3 without front
1 16 0 68 0 1 0 0 0 -1 0 0 0 1 stug3-1x3.dat
0 BFC INVERTNEXT
1 16 0 72 0 36 0 0 0 -4 0 0 0 6 box4.dat
4 16 40 72 10 36 72 6 -36 72 6 -40 72 10
4 16 -40 72 10 -36 72 6 -36 72 -6 -40 72 -10
4 16 -40 72 -10 -36 72 -6 36 72 -6 40 72 -10
4 16 40 72 -10 36 72 -6 36 72 6 40 72 10
2 24 40 72 10 -40 72 10
2 24 -40 72 10 -40 72 -10
2 24 -40 72 -10 40 72 -10
2 24 40 72 -10 40 72 10
2 24 -40 64 6 -40 64 -10
2 24 -40 64 -10 40 64 -10
2 24 40 64 -10 40 64 6
2 24 40 4 6 34 4 6
2 24 -40 4 6 -34 4 6
2 24 -40 4 6 -40 4 -10
2 24 40 4 -10 40 4 6
2 24 28 64 -1 -28 64 -1

2 24 40 4 6 40 64 6
2 24 -40 4 6 -40 64 6
2 24 40 64 -10 40 72 -10
2 24 -40 64 -10 -40 72 -10
2 24 40 0 10 40 72 10
2 24 -40 0 10 -40 72 10
4 16 -40 72 10 -40 72 -10 -40 64 -10 -40 64 6
4 16 -40 72 -10 40 72 -10 40 64 -10 -40 64 -10
4 16 40 72 -10 40 72 10 40 64 6 40 64 -10
0
4 16 -40 72 10 -40 64 6 -40 4 6 -40 0 10
4 16 40 64 6 40 72 10 40 0 10 40 4 6
4 16 -40 4 6 -40 4 -10 -40 0 -10 -40 0 10

1 16 0 2 0 40 0 0 0 -2 0 0 0 -10 box2-5.dat
0 // inside
2 24 32 60 6 32 68 6
2 24 -32 60 6 -32 68 6
2 24 32 60 6 34 60 6
2 24 34 60 6 36 58 6
2 24 36 6 6 34 4 6
2 24 -34 4 6 -36 6 6
2 24 -36 6 6 -36 58 6
2 24 36 6 6 36 58 6

2 24 -36 58 6 -34 60 6
2 24 -34 60 6 -32 60 6
3 16 36 6 6 40 4 6 34 4 6
3 16 -34 4 6 -40 4 6 -36 6 6
4 16 -36 58 6 -36 6 6 -40 4 6 -40 64 6
3 16 -34 60 6 -36 58 6 -40 64 6
4 16 -34 60 6 -40 64 6 -32 64 6 -32 60 6
4 16 32 60 6 32 64 6 40 64 6 34 60 6
3 16 34 60 6 40 64 6 36 58 6
4 16 36 6 6 36 58 6 40 64 6 40 4 6
0 // bottom
2 24 -40 64 6 -32 64 6
2 24 -32 64 6 -28 64 4
2 24 -28 64 4 -28 64 -1
2 24 28 64 -1 28 64 4
2 24 28 64 4 32 64 6
2 24 32 64 6 40 64 6
3 16 40 64 6 32 64 6 40 64 -10
4 16 40 64 -10 32 64 6 28 64 4 28 64 -1
3 16 -32 64 6 -40 64 6 -40 64 -10
4 16 -28 64 4 -32 64 6 -40 64 -10 -28 64 -1
4 16 28 64 -1 -28 64 -1 -40 64 -10 40 64 -10
4 16 40 4 -10 40 4 6 40 0 10 40 0 -10
0 // top
2 24 -27 4 -3 27 4 -3
2 24 27 4 -3 29 4 -1
2 24 -27 4 -3 -29 4 -1
4 16 -29 4 -1 -40 4 -10 -40 4 6 -34 4 6
4 16 40 4 -10 29 4 -1 34 4 6 40 4 6
3 16 27 4 -3 29 4 -1 40 4 -10
3 16 -29 4 -1 -27 4 -3 -40 4 -10
4 16 -27 4 -3 27 4 -3 40 4 -10 -40 4 -10
0
1 16 0 0 0 1 0 0 0 1 0 0 0 1 stug-1x4.dat


4 16 29 4 -1 27 4 -3 27 2 -3 29 2 -1
4 16 27 4 -3 -27 4 -3 -27 2 -3 27 2 -3
4 16 29 4 10 29 4 -1 29 2 -1 29 2 6
4 16 -27 4 -3 -29 4 -1 -29 2 -1 -27 2 -3
4 16 -29 4 -1 -29 4 10 -29 2 6 -29 2 -1
4 16 27 2 -3 -27 2 -3 -29 2 -1 29 2 -1
4 16 -29 2 6 29 2 6 29 2 -1 -29 2 -1
4 16 -29 4 -1 -31 4 8 -31 4 10 -29 4 10
4 16 -29 4 -1 -34 4 6 -34 4 8 -31 4 8
4 16 -36 6 8 -33 6 8 -31 4 8 -34 4 8
4 16 -33 46 8 -33 6 8 -36 6 8 -36 58 8
4 16 -33 46 8 -36 58 8 -34 60 8 -31 48 8
3 16 -31 48 8 -34 60 8 -32 60 8
4 16 31 4 10 31 4 8 29 4 -1 29 4 10
4 16 34 4 8 34 4 6 29 4 -1 31 4 8
4 16 36 6 8 34 4 8 31 4 8 33 6 8
4 16 36 6 8 33 6 8 33 46 8 36 58 8
4 16 34 60 8 36 58 8 33 46 8 31 48 8
3 16 34 60 8 31 48 8 32 60 8
4 16 -29 2 6 -29 4 10 29 4 10 29 2 6
4 16 34 4 8 36 6 8 36 6 6 34 4 6
4 16 34 60 8 32 60 8 32 60 6 34 60 6
4 16 32 60 8 32 64 8 32 68 6 32 60 6
4 16 36 6 8 36 58 8 36 58 6 36 6 6
4 16 36 58 8 34 60 8 34 60 6 36 58 6
4 16 -34 60 6 -34 60 8 -36 58 8 -36 58 6
4 16 -32 60 6 -32 60 8 -34 60 8 -34 60 6
4 16 -36 6 6 -36 6 8 -34 4 8 -34 4 6
4 16 -36 58 6 -36 58 8 -36 6 8 -36 6 6
4 16 -32 68 6 -32 64 8 -32 60 8 -32 60 6
4 16 28 68 -1 28 64 -1 28 64 4 28 68 4
4 16 28 68 4 28 64 4 32 64 6 32 68 6
4 16 -28 68 4 -28 64 4 -28 64 -1 -28 68 -1
4 16 -28 68 -1 -28 64 -1 28 64 -1 28 68 -1
4 16 -32 68 6 -32 64 6 -28 64 4 -28 68 4
4 16 -32 64 8 -32 68 6 32 68 6 32 64 8
4 16 33 6 10 33 46 10 33 46 8 33 6 8
4 16 33 46 10 31 48 10 31 48 8 33 46 8
4 16 31 48 10 -31 48 10 -31 48 8 31 48 8
4 16 -31 48 10 -33 46 10 -33 46 8 -31 48 8
4 16 31 4 10 33 6 10 33 6 8 31 4 8
4 16 -33 46 10 -33 6 10 -33 6 8 -33 46 8
4 16 -33 6 10 -31 4 10 -31 4 8 -33 6 8
4 16 -32 60 8 -32 64 8 32 64 8 32 60 8
4 16 -32 60 8 32 60 8 31 48 8 -31 48 8

4 16 -36 68 -6 -36 68 6 -32 68 6 -28 68 4
3 16 -28 68 -1 -36 68 -6 -28 68 4
4 16 32 68 6 36 68 6 36 68 -6 28 68 4
3 16 36 68 -6 28 68 -1 28 68 4
4 16 -28 68 -1 28 68 -1 36 68 -6 -36 68 -6

1 16 0 68 0 3.695518 0 1.530734 0 1 0 -1.530734 0 3.695518 5-8chrd.dat
1 16 20 68 0 3.695518 0 1.530734 0 1 0 -1.530734 0 3.695518 5-8chrd.dat
1 16 -20 68 0 3.695518 0 1.530734 0 1 0 -1.530734 0 3.695518 5-8chrd.dat
2 24 32 60 8 34 60 8
2 24 -33 6 8 -31 4 8
2 24 -32 60 6 -32 60 8
2 24 -32 68 6 -32 64 8
5 24 -29 2 -1 -29 4 -1 -27 4 -3 -29 2 6
2 24 33 6 8 33 46 8
5 24 -27 4 -3 -27 2 -3 27 4 -3 -29 2 -1
2 24 -31 4 10 -31 4 8
2 24 -28 68 4 -32 68 6
2 24 -36 6 8 -36 58 8
2 24 36 58 8 34 60 8
2 24 -29 2 6 -29 4 10
2 24 32 64 8 -32 64 8
2 24 -34 60 8 -32 60 8
2 24 -33 46 8 -33 6 8
5 24 31 48 10 31 48 8 -31 48 8 33 46 10
2 24 29 2 6 29 4 10
2 24 29 2 6 29 2 -1
2 24 31 48 8 -31 48 8
5 24 -33 6 10 -33 6 8 -33 46 10 -31 4 8
2 24 -36 6 8 -34 4 8
2 24 -31 4 8 -34 4 8
2 24 28 68 -1 -28 68 -1
5 24 34 60 8 34 60 6 32 60 6 36 58 8
5 24 33 46 10 33 46 8 31 48 8 33 6 10
2 24 -34 60 8 -36 58 8
2 24 -29 2 -1 -29 2 6
2 24 34 4 8 31 4 8
2 24 -31 48 8 -33 46 8
2 24 29 4 -1 29 4 10
2 24 29 2 -1 27 2 -3
5 24 36 58 6 36 58 8 34 60 6 36 6 8
2 24 -34 4 8 -34 4 6
2 24 32 68 6 28 68 4
2 24 31 4 10 31 4 8
5 24 33 6 10 33 6 8 31 4 10 33 46 8
2 24 33 46 8 31 48 8
2 24 32 64 8 32 68 6
2 24 32 60 8 32 64 8
2 24 -28 64 4 -28 68 4
2 24 28 68 4 28 64 4
5 24 27 4 -3 27 2 -3 -27 2 -3 29 4 -1
2 24 28 68 -1 28 68 4
2 24 -29 4 -1 -29 4 10
5 24 36 6 6 36 6 8 36 58 6 34 4 8
5 24 -36 6 6 -36 6 8 -36 58 6 -34 4 8
2 24 -29 2 6 29 2 6
2 24 31 4 8 33 6 8
2 24 34 4 8 34 4 6
2 24 -28 64 -1 -28 68 -1
2 24 -32 64 8 -32 60 8
2 24 28 64 -1 28 68 -1
5 24 -31 48 8 -31 48 10 31 48 10 -33 46 8
5 24 -34 60 6 -34 60 8 -36 58 8 -32 60 6
2 24 32 60 8 32 60 6
2 24 36 6 8 34 4 8
5 24 29 4 -1 29 2 -1 27 2 -3 29 4 10
5 24 -33 46 10 -33 46 8 -33 6 8 -31 48 10
5 24 -36 58 8 -36 58 6 -36 6 8 -34 60 6
2 24 36 58 8 36 6 8
2 24 -28 68 4 -28 68 -1
2 24 27 2 -3 -27 2 -3
2 24 -27 2 -3 -29 2 -1

1 41 0 0 0 1 0 0 0 1 0 0 0 1 s\6156s01.dat
