0 Minifig Gun Short Blaster
0 Name: 62885.dat
0 Author: Kevin Roach [KROACH]
0 !LDRAW_ORG Unofficial_Part
0 !LICENSE Redistributable under CCAL version 2.0 : see CAreadme.txt

0 !HELP Grip-barrel angle = 17 degrees

0 BFC CERTIFY CCW

0 !CATEGORY Minifig Accessory

0 !HISTORY 2012-10-16 [KROACH] This is a mock-up. I don't have part as of yet.
0 !HISTORY 2020-02-24 [MagFors] No longer a mock-up

1 16 0 -26.209 -21.245 0 0 1 -0.29237 0.95631 0 -0.95631 -0.29237 0 s\62885s01.dat
1 16 0 -26.209 -21.245 0 0 -1 -0.29237 0.95631 0 -0.95631 -0.29237 0 s\62885s01.dat
3 16 0 -32.1321 -19.4341 -4 -20.8616 -22.8799 4 -20.8616 -22.8799
3 16 0 -22.9502 10.5982 4 -11.031 9.2748 -4 -11.031 9.2748
0 // lower sides
4 16 4 -11.031 9.2748 4 -20.8616 -22.8799 4 -16.9391 -24.0791 4 -6.8826 8.8142
4 16 -4 -6.8826 8.8142 -4 -16.9391 -24.0791 -4 -20.8616 -22.8799 -4 -11.031 9.2748
0 // lower ends
1 16 0 -18.90035 -23.4795 0 0 4 1.96125 0 0 -0.5996 1 0 rect2p.dat
2 24 4 -11.031 9.2748 4 -20.8616 -22.8799
2 24 -4 -20.8616 -22.8799 -4 -11.031 9.2748
1 16 0 -8.9568 9.0445 0 0 4 -2.0742 0 0 0.2303 -1 0 rect2p.dat
1 16 0 -11.911 -7.632 4 0 0 0 -1 -5.02824 0 0 -16.4466 rect.dat

0 // pipe
1 16 0 -28.987 -30.33 0 0 4 3.82522 2.77753 0 -1.16949 9.0849 0 4-4cylc.dat

0 // grip
2 24 0 -4.5944 -3.9997 1.5 -4.518 -3.7014
2 24 -1.5 -4.518 -3.7014 0 -4.5944 -3.9997
1 16 0 -8.354 0 0 0 4 0 -1.2229 0 4 0 0 2-4cyls.dat
1 16 0 -8.354 0 0 0 -4 0 -1.2229 0 4 0 0 2-4cyls.dat
1 16 0 6 0 0 0 4 0 -1 0 -4 0 0 4-4edge.dat
1 16 0 6 0 0 0 4 0 -1 0 -4 0 0 4-4disc.dat
1 16 0 6 0 0 0 4 0 -14.3544 0 -4 0 0 4-4cyli.dat
1 16 0 -9.577 0.001 0 0 4 -1.22292 1 0 -4 0 0 4-4edge.dat

0 // trigger
2 24 1.5 -12.469 -9.4599 1.5 -10.7084 -3.7014
2 24 1.5 -5.3779 -7.0604 1.5 -4.5173 -3.6985
2 24 1.5 -4.5173 -3.6985 1.5 -10.7084 -3.7014
2 24 -1.5 -12.469 -9.4599 -1.5 -10.7084 -3.7014
2 24 -1.5 -4.5173 -3.6985 -1.5 -10.7084 -3.7014
2 24 1.5 -12.469 -9.4599 -1.5 -12.469 -9.4599
2 24 -1.5 -9.866 -11.0524 -1.5 -10.354 -10.8256
2 24 1.5 -9.866 -11.0524 1.5 -10.354 -10.8256
2 24 -1.5 -5.3779 -7.0604 -1.5 -4.5173 -3.6985
2 24 -1.5 -10.354 -10.8256 -1.5 -12.469 -9.4599
2 24 1.5 -10.354 -10.8256 1.5 -12.469 -9.4599
4 16 1.5 -4.5173 -3.6985 1.5 -10.7084 -3.7014 1.5 -9.866 -11.0524 1.5 -5.3779 -7.0604
4 16 1.5 -9.866 -11.0524 1.5 -10.7084 -3.7014 1.5 -12.469 -9.4599 1.5 -10.354 -10.8256
4 16 -1.5 -12.469 -9.4599 -1.5 -10.7084 -3.7014 -1.5 -9.866 -11.0524 -1.5 -10.354 -10.8256
4 16 -1.5 -9.866 -11.0524 -1.5 -10.7084 -3.7014 -1.5 -4.5173 -3.6985 -1.5 -5.3779 -7.0604
1 16 -1.5 -8.366 -6.146 0 1 0 -1.50004 0 2.98864 -4.90642 0 -0.91372 1-4chrd.dat
1 16 1.5 -8.366 -6.146 0 -1 0 -1.50004 0 2.98864 -4.90642 0 -0.91372 1-4chrd.dat
1 16 -1.5 -8.366 -6.146 0 3 0 -1.50004 0 2.98864 -4.90642 0 -0.91372 1-4cylo.dat
4 16 1.5 -12.469 -9.4599 -1.5 -12.469 -9.4599 -1.5 -10.354 -10.8256 1.5 -10.354 -10.8256
4 16 1.5 -10.354 -10.8256 -1.5 -10.354 -10.8256 -1.5 -9.866 -11.0524 1.5 -9.866 -11.0524
4 16 1.5 -5.3779 -7.0604 -1.5 -5.3779 -7.0604 -1.5 -4.5173 -3.6985 1.5 -4.5173 -3.6985
5 24 -1.5 -10.354 -10.8256 1.5 -10.354 -10.8256 1.5 -12.469 -9.4599 -1.5 -9.866 -11.0524
5 24 -1.5 -9.866 -11.0524 1.5 -9.866 -11.0524 -1.5 -8.6081 -11.0287 -1.5 -10.354 -10.8256
5 24 -1.5 -5.3779 -7.0604 1.5 -5.3779 -7.0604 -1.5 -6.1789 -8.8679 -1.5 -4.518 -3.7014
5 24 -1.5 -20.7315 12.1573 1.5 -20.7315 12.1573 -1.5 -20.2976 12.8319 -1.5 -21.1931 10.4031
5 24 -1.5 -17.3911 12.8826 1.5 -17.3911 12.8826 -1.5 -18.0657 13.3165 -1.5 -14.1593 9.6222

0 // hammer
2 24 1.5 -14.1593 9.6222 -1.5 -14.1593 9.6222
2 24 -1.5 -21.1931 10.4031 1.5 -21.1931 10.4031
2 24 -1.5 -14.1593 9.6222 -1.5 -21.1931 10.4031
2 24 1.5 -21.1931 10.4031 1.5 -14.1593 9.6222
2 24 -1.5 -20.7315 12.1573 -1.5 -21.1931 10.4031
2 24 -1.5 -14.1593 9.6222 -1.5 -17.3911 12.8826
2 24 1.5 -21.1931 10.4031 1.5 -20.7315 12.1573
2 24 1.5 -17.3911 12.8826 1.5 -14.1593 9.6222
1 16 1.5 -18.819 11.404 0 -1 0 1.42787 0 -1.4786 1.4786 0 1.42787 5-16chrd.dat
1 16 -1.5 -18.819 11.404 0 1 0 1.42787 0 -1.4786 1.4786 0 1.42787 5-16chrd.dat
1 16 1.5 -18.819 11.404 0 -3 0 1.42787 0 -1.4786 1.4786 0 1.42787 5-16cylo.dat
4 16 1.5 -17.3911 12.8826 1.5 -14.1593 9.6222 -1.5 -14.1593 9.6222 -1.5 -17.3911 12.8826
4 16 -1.5 -21.1931 10.4031 1.5 -21.1931 10.4031 1.5 -20.7315 12.1573 -1.5 -20.7315 12.1573
4 16 -1.5 -20.7315 12.1573 -1.5 -17.3911 12.8826 -1.5 -14.1593 9.6222 -1.5 -21.1931 10.4031
4 16 1.5 -20.7315 12.1573 1.5 -21.1931 10.4031 1.5 -14.1593 9.6222 1.5 -17.3911 12.8826
