0 Minifig Arm SW Super Battle Droid with Blaster
0 Name: 64796.dat
0 Author: Magnus Forsberg [MagFors]
0 !LDRAW_ORG Unofficial_Part
0 !LICENSE Redistributable under CCAL version 2.0 : see CAreadme.txt

0 BFC CERTIFY CCW

0 !HISTORY 2013-08-14 {LEGO Digital Designer} Original part shape
0 !HISTORY 2019-10-18 [MagFors] File preparation for LDraw Parts Tracker

0 // upper arm with clip

1 16 4 0 0 0 -1 0 0 0 4 4 0 0 2-4ndis.dat
1 16 -4 0 0 0 1 0 0 0 4 4 0 0 2-4ndis.dat
0 BFC INVERTNEXT
1 16 -4 0 0 0 8 0 0 0 4 4 0 0 2-4cylo.dat
3 16 -2.22 15.101 9.969 -3 14.612 5.835 -3.136 13.939 5.584
3 16 -2.22 15.101 9.969 -3.136 13.939 5.584 -4 7.294 4
3 16 -3.978 9.514 1.9 -4 7.294 4 -3.136 13.939 5.584
3 16 -4 4 0 -3.978 9.514 1.9 -4 8.88 .599
3 16 .01 8.841 0 -4 8.88 .599 .01 9.451 1.707
3 16 -4 8.88 .599 -3.978 9.514 1.9 .01 9.451 1.707
3 16 -3.978 9.514 1.9 -3.136 13.939 5.584 .01 9.451 1.707
3 16 -3.136 13.939 5.584 .01 13.936 5.568 .01 9.451 1.707
4 16 -3.136 13.939 5.584 -3 14.612 5.835 .01 14.606 5.82 .01 13.936 5.568
3 16 -2.275 18.938 6.229 -2.868 15.865 5.256 -2.902 15.321 5.712
4 16 .01 15.863 5.243 .01 15.313 5.701 -2.902 15.321 5.712 -2.868 15.865 5.256
3 16 -2.6185 19.2475 1.8513 -2.8 17.341 3.486 -2.275 18.938 6.229
3 16 -2.8 17.341 3.486 -2.868 15.865 5.256 -2.275 18.938 6.229
4 16 -2.868 15.865 5.256 -2.8 17.341 3.486 .01 17.355 3.458 .01 15.863 5.243
4 16 -2.8 17.341 3.486 -2.6185 19.2475 1.8513 .0215 19.2457 1.842 .01 17.355 3.458
3 16 -2.275 18.938 6.229 -2.2425 20.8289 4.4326 -2.6185 19.2475 1.8513
3 16 2.7245 20.8289 4.4326 -2.2425 20.8289 4.4326 2.484 18.592 6.638
3 16 -2.2425 20.8289 4.4326 -2.275 18.938 6.229 2.484 18.592 6.638
3 16 -2.036 17.098 9.295 -2.275 18.938 6.229 -2.902 15.321 5.712
3 16 -2.036 17.098 9.295 -2.902 15.321 5.712 -2.003 16.265 10.095
4 16 -3 14.612 5.835 -2.084 15.674 10.163 -2.003 16.265 10.095 -2.902 15.321 5.712
3 16 -3 14.612 5.835 -2.22 15.101 9.969 -2.084 15.674 10.163
4 16 2.753 7.294 4 1.955 15.101 9.969 -2.22 15.101 9.969 -4 7.294 4
4 16 -4 0 7.625 -4 3.812 6.603 -4 4 4 -4 0 4
3 16 -4 6.483 4 -4 4 0 -4 4 4
3 16 -4 4 4 -4 3.812 6.603 -4 6.483 4
4 16 -3.978 9.514 1.9 -4 4 0 -4 6.483 4 -4 7.294 4
3 16 -2.275 18.938 6.229 -2.036 17.098 9.295 2.484 18.592 6.638
3 16 2.484 18.592 6.638 -2.036 17.098 9.295 2.079 17.098 9.295
4 16 -2.003 16.265 10.095 1.93 16.251 10.1 2.079 17.098 9.295 -2.036 17.098 9.295
4 16 1.918 15.662 10.162 -2.084 15.674 10.163 -2.22 15.101 9.969 1.955 15.101 9.969
1 16 0 -3.038 -3.6445 4 0 0 0 1 1.22 0 0 .0475 rect3.dat
4 16 -4 0 -4 -4 0 -7.625 -4 -3.812 -6.603 -4 -1.818 -3.597
1 16 0 -4.258 -5.0115 0 0 4 0 1 0 -1.3195 0 0 rect.dat
4 16 -4 -4.258 -6.331 -4 -4.258 -3.692 -4 -1.818 -3.597 -4 -3.812 -6.603
4 16 -4 -4.258 -6.331 -4 -3.812 -6.603 4 -3.812 -6.603 4 -4.258 -6.331
4 16 -4 -3.812 -6.603 -4 0 -7.625 4 0 -7.625 4 -3.812 -6.603
4 16 -4 0 -7.625 -4 3.812 -6.603 4 3.812 -6.603 4 0 -7.625
4 16 -4 3.812 -6.603 -4 6.483 -4 4 6.483 -4 4 3.812 -6.603
3 16 -2.895 15.013 -6.152 -2.22 15.101 -9.969 -3.008 14.47 -5.959
3 16 -3.008 14.47 -5.959 -2.22 15.101 -9.969 -4.01 7.294 -4
3 16 -4.01 7.294 -4 -3.981 9.493 -1.888 -3.008 14.47 -5.959
3 16 -3.981 9.493 -1.888 -4.01 7.294 -4 -4 4 0
3 16 -4.01 7.294 -4 -4 6.483 -4 -4 4 0
3 16 -4 6.483 -4 -4 3.812 -6.603 -4 4 -4
3 16 -4 4 -4 -4 4 0 -4 6.483 -4
4 16 -4 0 -7.625 -4 0 -4 -4 4 -4 -4 3.812 -6.603
3 16 -3.981 9.493 -1.888 -4 4 0 -4 8.882 -.607
3 16 -4 8.88 .599 -4 8.882 -.607 -4 4 0
3 16 .01 8.841 0 -4 8.882 -.607 -4 8.88 .599
4 16 -4 7.294 4 -4 6.483 4 4 6.483 4 2.753 7.294 4
4 16 4 3.812 6.603 4 6.483 4 -4 6.483 4 -4 3.812 6.603
4 16 -4 -3.812 6.603 -4 0 7.625 -4 0 4 -4 -1.818 3.597
4 16 -4 -4.258 6.331 -4 -3.812 6.603 -4 -1.818 3.597 -4 -4.258 3.692
4 16 4 0 7.625 4 3.812 6.603 -4 3.812 6.603 -4 0 7.625
4 16 4 -3.812 6.603 4 0 7.625 -4 0 7.625 -4 -3.812 6.603
4 16 4 -4.258 6.331 4 -3.812 6.603 -4 -3.812 6.603 -4 -4.258 6.331
1 16 0 -4.258 5.0115 0 0 4 0 1 0 -1.3195 0 0 rect.dat
1 16 0 -3.038 3.6445 -4 0 0 0 1 1.22 0 0 -.0475 rect3.dat
1 16 0 -.909 3.7985 0 0 4 .909 -1 0 .2015 0 0 rect2p.dat
1 16 0 -.909 -3.7985 0 0 -4 .909 -1 0 -.2015 0 0 rect2p.dat
4 16 4 -3.812 -6.603 4 0 -7.625 4 0 -4 4 -1.818 -3.597
4 16 4 -4.258 -6.331 4 -3.812 -6.603 4 -1.818 -3.597 4 -4.258 -3.692
4 16 4 0 -7.625 4 3.812 -6.603 4 4 -4 4 0 -4
3 16 4 6.483 4 4 3.812 6.603 4 4 4
4 16 4 4 4 4 3.812 6.603 4 0 7.625 4 0 4
4 16 4 0 4 4 0 7.625 4 -3.812 6.603 4 -1.818 3.597
4 16 4 -4.258 6.331 4 -4.258 3.692 4 -1.818 3.597 4 -3.812 6.603
3 16 4 4 -4 4 3.812 -6.603 4 6.483 -4
4 16 4 4 -4 4 6.483 -4 4 6.483 4 4 4 0
3 16 4 4 0 4 6.483 4 4 4 4
4 16 4 13.81 4 4 6.483 4 4.001 6.561 3.3 4 10.497 3.298
4 16 2.753 7.294 4 4 6.483 4 4 13.81 4 2.753 12.732 4
4 16 4.001 6.643 -3.315 4.001 6.561 3.3 4 6.483 4 4 6.483 -4
4 16 5.741 16.622 4.275 4 13.81 4 4 10.497 3.298 4.683 10.512 3.176
4 16 2.753 12.732 4 4 13.81 4 5.741 16.622 4.275 2.672 17.092 4.939
3 16 4.683 10.512 3.176 4 10.497 3.298 4.001 6.561 3.3
4 16 4.001 6.561 3.3 4.001 6.643 -3.315 4.669 10.512 -3.196 4.683 10.512 3.176
4 16 4 13.741 -4 4 10.497 -3.313 4.001 6.643 -3.315 4 6.483 -4
3 16 4.669 10.512 -3.196 4.001 6.643 -3.315 4 10.497 -3.313
4 16 4 10.497 -3.313 4 13.741 -4 5.74 16.721 -4.306 4.669 10.512 -3.196
4 16 2.753 7.294 -4 2.753 12.688 -4 4 13.741 -4 4 6.483 -4
4 16 5.74 16.721 -4.306 4 13.741 -4 2.753 12.688 -4 2.672 17.089 -4.947
4 16 -4.01 7.294 -4 2.753 7.294 -4 4 6.483 -4 -4 6.483 -4
3 16 2.753 7.294 4 2.753 12.732 4 2.672 17.092 4.939
4 16 1.955 15.101 9.969 2.079 17.098 9.295 1.93 16.251 10.1 1.918 15.662 10.162
3 16 2.484 18.592 6.638 2.079 17.098 9.295 2.672 17.092 4.939
4 16 2.672 17.092 4.939 2.079 17.098 9.295 1.955 15.101 9.969 2.753 7.294 4
3 16 2.484 18.592 6.638 2.8046 18.5645 4.1897 2.7245 20.8289 4.4326
3 16 2.8421 18.6968 3.589 2.843 19.3452 2.3424 2.7245 20.8289 4.4326
3 16 2.7245 20.8289 4.4326 2.8272 18.6593 3.8949 2.8421 18.6968 3.589
5 24 2.7245 20.8289 4.4326 2.8421 18.6968 3.589 2.8272 18.6593 3.8949 2.843 19.3452 2.3424
3 16 2.8046 18.5645 4.1897 2.8272 18.6593 3.8949 2.7245 20.8289 4.4326
3 16 2.484 18.592 6.638 2.7235 17.9468 4.7965 2.8046 18.5645 4.1897
3 16 2.672 17.092 4.939 2.7235 17.9468 4.7965 2.484 18.592 6.638
3 16 2.7333 17.9415 -4.812 2.485 18.597 -6.632 2.719 20.8288 -4.4326
3 16 2.719 20.8288 -4.4326 2.485 18.597 -6.632 -2.247 20.8288 -4.4326
3 16 -2.247 20.8288 -4.4326 2.485 18.597 -6.632 -2.274 18.936 -6.233
3 16 2.8058 18.6122 -4.0683 2.7333 17.9415 -4.812 2.719 20.8288 -4.4326
3 16 -2.035 17.098 -9.295 -2.274 18.936 -6.233 2.079 17.098 -9.295
3 16 -2.274 18.936 -6.233 2.485 18.597 -6.632 2.079 17.098 -9.295
3 16 2.7333 17.9415 -4.812 2.672 17.089 -4.947 2.485 18.597 -6.632
4 16 2.079 17.098 -9.295 1.955 15.101 -9.969 1.918 15.659 -10.161 1.93 16.25 -10.1
4 16 2.079 17.098 -9.295 1.93 16.25 -10.1 -2.003 16.264 -10.096 -2.035 17.098 -9.295
3 16 -2.116 15.524 -10.131 -2.003 16.264 -10.096 1.918 15.659 -10.161
3 16 1.93 16.25 -10.1 1.918 15.659 -10.161 -2.003 16.264 -10.096
3 16 2.753 7.294 -4 1.955 15.101 -9.969 2.753 12.688 -4
3 16 2.753 12.688 -4 1.955 15.101 -9.969 2.672 17.089 -4.947
4 16 2.485 18.597 -6.632 2.672 17.089 -4.947 1.955 15.101 -9.969 2.079 17.098 -9.295
4 16 -4.01 7.294 -4 -2.22 15.101 -9.969 1.955 15.101 -9.969 2.753 7.294 -4
3 16 2.672 17.089 -4.947 2.7333 17.9415 -4.812 5.74 16.721 -4.306
3 16 5.858 17.405 -4.128 5.74 16.721 -4.306 2.7333 17.9415 -4.812
3 16 5.969 18.039 -3.437 5.858 17.405 -4.128 2.8058 18.6122 -4.0683
3 16 5.858 17.405 -4.128 2.7333 17.9415 -4.812 2.8058 18.6122 -4.0683
3 16 2.719 20.8288 -4.4326 2.8435 19.3452 -2.3424 2.8411 18.6948 -3.598
3 16 2.8411 18.6948 -3.598 2.8058 18.6122 -4.0683 2.719 20.8288 -4.4326
5 24 2.8411 18.6948 -3.598 2.719 20.8288 -4.4326 2.8435 19.3452 -2.3424 2.8058 18.6122 -4.0683
3 16 2.8058 18.6122 -4.0683 2.8411 18.6948 -3.598 5.969 18.039 -3.437
3 16 2.8411 18.6948 -3.598 5.99 18.151 -2.912 5.969 18.039 -3.437
3 16 2.8435 19.3452 -2.3424 2.896 18.8794 0 2.8411 18.6948 -3.598
3 16 4.115 18.475 -2.913 5.99 18.151 -2.912 2.8411 18.6948 -3.598
3 16 2.8272 18.6593 3.8949 5.999 18.128 3.066 2.8421 18.6968 3.589
3 16 2.8421 18.6968 3.589 5.999 18.128 3.066 4.127 18.475 2.895
3 16 2.896 18.8794 0 2.843 19.3452 2.3424 2.8421 18.6968 3.589
3 16 5.999 18.128 3.066 2.8272 18.6593 3.8949 5.973 17.973 3.578
3 16 2.8272 18.6593 3.8949 2.8046 18.5645 4.1897 5.973 17.973 3.578
3 16 5.861 17.316 4.116 5.973 17.973 3.578 2.7235 17.9468 4.7965
3 16 5.973 17.973 3.578 2.8046 18.5645 4.1897 2.7235 17.9468 4.7965
3 16 2.7235 17.9468 4.7965 2.672 17.092 4.939 5.861 17.316 4.116
3 16 5.861 17.316 4.116 2.672 17.092 4.939 5.741 16.622 4.275
4 16 .01 18.8794 0 .01 8.841 0 .01 9.451 1.707 .0215 19.2457 1.842
3 16 .01 8.841 0 .01 18.8794 0 .0217 19.2443 -1.8349
4 16 .01 17.063 -3.763 .0217 19.2443 -1.8349 -2.6183 19.2461 -1.8442 -2.822 17.041 -3.801
4 16 .01 8.841 0 .0217 19.2443 -1.8349 .01 17.063 -3.763 .01 9.451 -1.707
3 16 -2.274 18.936 -6.233 -2.6183 19.2461 -1.8442 -2.247 20.8288 -4.4326
3 16 -2.6183 19.2461 -1.8442 -2.274 18.936 -6.233 -2.822 17.041 -3.801
3 16 -2.274 18.936 -6.233 -2.858 15.409 -5.949 -2.822 17.041 -3.801
4 16 4.121 14.151 -.009 4.12 14.316 -.672 4.118 14.771 -1.168 4.122 14.316 .654
4 16 .01 14.606 5.82 .01 15.313 5.701 .01 15.863 5.243 .01 13.936 5.568
3 16 .01 15.863 5.243 .01 17.355 3.458 .01 13.936 5.568
3 16 .01 9.451 1.707 .01 13.936 5.568 .01 17.355 3.458
3 16 .01 17.355 3.458 .0215 19.2457 1.842 .01 9.451 1.707
5 24 .01 17.355 3.458 .01 9.451 1.707 .0215 19.2457 1.842 .01 13.936 5.568
3 16 .01 9.451 -1.707 .01 17.063 -3.763 .01 14.689 -6.098
3 16 -3.008 14.47 -5.959 -3.981 9.493 -1.888 .01 14.689 -6.098
3 16 -3.981 9.493 -1.888 .01 9.451 -1.707 .01 14.689 -6.098
4 16 .01 17.063 -3.763 .01 15.398 -5.948 .01 15.072 -6.157 .01 14.689 -6.098
3 16 -2.895 15.013 -6.152 -3.008 14.47 -5.959 .01 14.689 -6.098
3 16 .01 14.689 -6.098 .01 15.072 -6.157 -2.895 15.013 -6.152
3 16 -2.858 15.409 -5.949 -2.895 15.013 -6.152 .01 15.072 -6.157
3 16 .01 15.072 -6.157 .01 15.398 -5.948 -2.858 15.409 -5.949
4 16 -2.822 17.041 -3.801 -2.858 15.409 -5.949 .01 15.398 -5.948 .01 17.063 -3.763
3 16 -2.858 15.409 -5.949 -2.035 17.098 -9.295 -2.003 16.264 -10.096
3 16 -2.003 16.264 -10.096 -2.116 15.524 -10.131 -2.858 15.409 -5.949
4 16 -2.22 15.101 -9.969 -2.895 15.013 -6.152 -2.858 15.409 -5.949 -2.116 15.524 -10.131
3 16 -2.274 18.936 -6.233 -2.035 17.098 -9.295 -2.858 15.409 -5.949
4 16 5.332 14.314 -.69 5.305 14.151 -.012 4.683 10.512 3.176 4.669 10.512 -3.196
4 16 5.74 16.721 -4.306 5.519 15.408 -1.413 5.409 14.768 -1.188 4.669 10.512 -3.196
3 16 5.409 14.768 -1.188 5.332 14.314 -.69 4.669 10.512 -3.196
4 16 5.414 14.769 1.165 5.525 15.408 1.388 5.741 16.622 4.275 4.683 10.512 3.176
3 16 5.335 14.314 .665 5.414 14.769 1.165 4.683 10.512 3.176
3 16 5.305 14.151 -.012 5.335 14.314 .665 4.683 10.512 3.176
4 16 5.861 17.316 4.116 5.741 16.622 4.275 5.525 15.408 1.388 5.786 16.914 1.521
4 16 5.786 16.914 1.521 5.894 17.54 1.742 5.973 17.973 3.578 5.861 17.316 4.116
4 16 5.894 17.54 1.742 5.972 17.987 2.235 5.999 18.128 3.066 5.973 17.973 3.578
3 16 5.999 18.128 3.066 5.972 17.987 2.235 4.127 18.475 2.895
3 16 5.972 17.987 2.235 4.126 18.31 2.246 4.127 18.475 2.895
4 16 4.125 17.849 1.748 4.126 18.31 2.246 5.972 17.987 2.235 5.894 17.54 1.742
4 16 4.124 17.201 1.525 4.125 17.849 1.748 5.894 17.54 1.742 5.786 16.914 1.521
4 16 5.786 16.914 1.521 5.525 15.408 1.388 4.124 15.408 1.37 4.124 17.201 1.525
4 16 4.123 14.771 1.15 4.124 15.408 1.37 5.525 15.408 1.388 5.414 14.769 1.165
4 16 5.414 14.769 1.165 5.335 14.314 .665 4.122 14.316 .654 4.123 14.771 1.15
4 16 5.335 14.314 .665 5.305 14.151 -.012 4.121 14.151 -.009 4.122 14.316 .654
4 16 4.12 14.316 -.672 4.121 14.151 -.009 5.305 14.151 -.012 5.332 14.314 -.69
4 16 5.332 14.314 -.69 5.409 14.768 -1.188 4.118 14.771 -1.168 4.12 14.316 -.672
4 16 5.409 14.768 -1.188 5.519 15.408 -1.413 4.118 15.408 -1.389 4.118 14.771 -1.168
4 16 5.519 15.408 -1.413 5.74 16.721 -4.306 5.858 17.405 -4.128 5.779 16.914 -1.547
4 16 5.519 15.408 -1.413 5.779 16.914 -1.547 4.118 17.201 -1.543 4.118 15.408 -1.389
4 16 5.969 18.039 -3.437 5.887 17.54 -1.768 5.779 16.914 -1.547 5.858 17.405 -4.128
4 16 4.117 17.85 -1.766 4.118 17.201 -1.543 5.779 16.914 -1.547 5.887 17.54 -1.768
4 16 4.116 18.309 -2.263 4.117 17.85 -1.766 5.887 17.54 -1.768 5.963 17.987 -2.261
4 16 5.887 17.54 -1.768 5.969 18.039 -3.437 5.99 18.151 -2.912 5.963 17.987 -2.261
4 16 5.963 17.987 -2.261 5.99 18.151 -2.912 4.115 18.475 -2.913 4.116 18.309 -2.263
4 16 4.116 18.309 -2.263 4.115 18.475 -2.913 4.127 18.475 2.895 4.126 18.31 2.246
4 16 4.125 17.849 1.748 4.124 17.201 1.525 4.118 17.201 -1.543 4.117 17.85 -1.766
4 16 4.117 17.85 -1.766 4.116 18.309 -2.263 4.126 18.31 2.246 4.125 17.849 1.748
4 16 4.124 17.201 1.525 4.124 15.408 1.37 4.118 15.408 -1.389 4.118 17.201 -1.543
4 16 4.124 15.408 1.37 4.123 14.771 1.15 4.118 14.771 -1.168 4.118 15.408 -1.389
3 16 4.118 14.771 -1.168 4.123 14.771 1.15 4.122 14.316 .654
3 16 -2.22 15.101 -9.969 -2.116 15.524 -10.131 1.955 15.101 -9.969
3 16 1.918 15.659 -10.161 1.955 15.101 -9.969 -2.116 15.524 -10.131
4 16 1.93 16.251 10.1 -2.003 16.265 10.095 -2.084 15.674 10.163 1.918 15.662 10.162
4 16 -3 14.612 5.835 -2.902 15.321 5.712 .01 15.313 5.701 .01 14.606 5.82
3 16 .01 8.841 0 .01 9.451 -1.707 -4 8.882 -.607
3 16 .01 9.451 -1.707 -3.981 9.493 -1.888 -4 8.882 -.607
4 16 4.115 18.475 -2.913 2.8411 18.6948 -3.598 2.8421 18.6968 3.589 4.127 18.475 2.895
3 16 2.896 18.8794 0 2.8421 18.6968 3.589 2.8411 18.6948 -3.598
4 16 -.99 27.3424 5.6548 .76 27.3424 5.6548 -.115 27.107 9.566 -.99 27.118 9.59
3 16 .76 27.3424 5.6548 .76 27.118 9.59 -.115 27.107 9.566
3 16 .76 27.118 9.59 -.99 27.118 9.59 -.115 27.107 9.566
4 16 -.89 20.313 -6.379 .86 20.313 -6.379 .86 22.0225 -5.2303 -.89 22.0225 -5.2303
2 24 .86 22.0225 -5.2303 -.89 22.0225 -5.2303
2 24 -2.902 15.321 5.712 -3 14.612 5.835
2 24 -3 14.612 5.835 -3.136 13.939 5.584
2 24 -4 7.294 4 -2.22 15.101 9.969
2 24 -3.136 13.939 5.584 -3.978 9.514 1.9
2 24 -3.978 9.514 1.9 -4 8.88 .599
2 24 .01 9.451 1.707 .01 8.841 0
2 24 .01 13.936 5.568 .01 9.451 1.707
2 24 .01 14.606 5.82 .01 13.936 5.568
2 24 -2.868 15.865 5.256 -2.902 15.321 5.712
2 24 .01 15.863 5.243 .01 15.313 5.701
2 24 -2.6185 19.2475 1.8513 -2.8 17.341 3.486
2 24 -2.8 17.341 3.486 -2.868 15.865 5.256
2 24 .01 17.355 3.458 .01 15.863 5.243
2 24 -2.6185 19.2475 1.8513 .0215 19.2457 1.842
2 24 .0215 19.2457 1.842 .01 17.355 3.458
2 24 -2.2425 20.8289 4.4326 -2.6185 19.2475 1.8513
2 24 -2.275 18.938 6.229 -2.2425 20.8289 4.4326
2 24 2.7245 20.8289 4.4326 -2.2425 20.8289 4.4326
2 24 2.484 18.592 6.638 2.7245 20.8289 4.4326
2 24 -2.036 17.098 9.295 -2.275 18.938 6.229
2 24 -2.003 16.265 10.095 -2.036 17.098 9.295
2 24 -2.084 15.674 10.163 -2.003 16.265 10.095
2 24 -2.22 15.101 9.969 -2.084 15.674 10.163
2 24 2.753 7.294 4 1.955 15.101 9.969
2 24 -4 7.294 4 2.753 7.294 4
2 24 -4 6.483 4 -4 7.294 4
2 24 -4 3.812 6.603 -4 6.483 4
2 24 2.079 17.098 9.295 2.484 18.592 6.638
2 24 1.93 16.251 10.1 2.079 17.098 9.295
2 24 1.955 15.101 9.969 1.918 15.662 10.162
2 24 -4 -3.812 -6.603 -4 -4.258 -6.331
2 24 -4 0 -7.625 -4 -3.812 -6.603
2 24 4 -3.812 -6.603 4 -4.258 -6.331
2 24 -4 3.812 -6.603 -4 0 -7.625
2 24 4 0 -7.625 4 -3.812 -6.603
2 24 4 3.812 -6.603 4 0 -7.625
2 24 -4 6.483 -4 -4 3.812 -6.603
2 24 4 6.483 -4 4 3.812 -6.603
2 24 -4 6.483 -4 4 6.483 -4
2 24 -3.008 14.47 -5.959 -2.895 15.013 -6.152
2 24 -2.22 15.101 -9.969 -4.01 7.294 -4
2 24 -3.981 9.493 -1.888 -3.008 14.47 -5.959
2 24 -4.01 7.294 -4 -4 6.483 -4
2 24 -4 8.882 -.607 -3.981 9.493 -1.888
2 24 -4 8.88 .599 -4 8.882 -.607
2 24 -4 6.483 4 4 6.483 4
2 24 4 3.812 6.603 4 6.483 4
2 24 -4 0 7.625 -4 3.812 6.603
2 24 -4 -3.812 6.603 -4 0 7.625
2 24 4 0 7.625 4 3.812 6.603
2 24 4 -3.812 6.603 4 0 7.625
2 24 4 -4.258 6.331 4 -3.812 6.603
2 24 -4 -3.812 6.603 -4 -4.258 6.331
2 24 4 13.81 4 4 6.483 4
2 24 4 10.497 3.298 4 13.81 4
2 24 4.001 6.561 3.3 4 10.497 3.298
2 24 2.753 12.732 4 2.753 7.294 4
2 24 4.001 6.643 -3.315 4.001 6.561 3.3
2 24 4.683 10.512 3.176 5.741 16.622 4.275
2 24 2.672 17.092 4.939 2.753 12.732 4
2 24 4.001 6.561 3.3 4.683 10.512 3.176
2 24 4.001 6.643 -3.315 4.669 10.512 -3.196
2 24 4 13.741 -4 4 10.497 -3.313
2 24 4 6.483 -4 4 13.741 -4
2 24 4 10.497 -3.313 4.001 6.643 -3.315
2 24 5.74 16.721 -4.306 4.669 10.512 -3.196
2 24 2.753 7.294 -4 2.753 12.688 -4
2 24 2.753 12.688 -4 2.672 17.089 -4.947
2 24 -4.01 7.294 -4 2.753 7.294 -4
2 24 1.93 16.251 10.1 1.918 15.662 10.162
2 24 2.8272 18.6593 3.8949 2.8421 18.6968 3.589
2 24 2.8046 18.5645 4.1897 2.8272 18.6593 3.8949
2 24 2.7235 17.9468 4.7965 2.8046 18.5645 4.1897
2 24 2.672 17.092 4.939 2.7235 17.9468 4.7965
2 24 2.485 18.597 -6.632 2.719 20.8288 -4.4326
2 24 -2.247 20.8288 -4.4326 2.719 20.8288 -4.4326
2 24 -2.274 18.936 -6.233 -2.247 20.8288 -4.4326
2 24 2.8058 18.6122 -4.0683 2.7333 17.9415 -4.812
2 24 -2.035 17.098 -9.295 -2.274 18.936 -6.233
2 24 2.485 18.597 -6.632 2.079 17.098 -9.295
2 24 2.7333 17.9415 -4.812 2.672 17.089 -4.947
2 24 1.93 16.25 -10.1 2.079 17.098 -9.295
2 24 1.955 15.101 -9.969 1.918 15.659 -10.161
2 24 1.918 15.659 -10.161 1.93 16.25 -10.1
2 24 -2.003 16.264 -10.096 -2.035 17.098 -9.295
2 24 -2.116 15.524 -10.131 -2.003 16.264 -10.096
2 24 2.753 7.294 -4 1.955 15.101 -9.969
2 24 5.858 17.405 -4.128 5.74 16.721 -4.306
2 24 5.969 18.039 -3.437 5.858 17.405 -4.128
2 24 2.8411 18.6948 -3.598 2.8058 18.6122 -4.0683
2 24 5.99 18.151 -2.912 5.969 18.039 -3.437
2 24 2.8435 19.3452 -2.3424 2.896 18.8794 0
2 24 2.896 18.8794 0 2.843 19.3452 2.3424
2 24 5.973 17.973 3.578 5.999 18.128 3.066
2 24 5.861 17.316 4.116 5.973 17.973 3.578
2 24 5.741 16.622 4.275 5.861 17.316 4.116
2 24 .0215 19.2457 1.842 .01 18.8794 0
2 24 .01 9.451 -1.707 .01 8.841 0
2 24 .01 18.8794 0 .0217 19.2443 -1.8349
2 24 -2.6183 19.2461 -1.8442 -2.822 17.041 -3.801
2 24 .0217 19.2443 -1.8349 -2.6183 19.2461 -1.8442
2 24 .01 17.063 -3.763 .0217 19.2443 -1.8349
2 24 -2.858 15.409 -5.949 -2.822 17.041 -3.801
2 24 4.125 17.849 1.748 4.124 17.201 1.525
2 24 4.12 14.316 -.672 4.118 14.771 -1.168
2 24 4.121 14.151 -.009 4.12 14.316 -.672
2 24 4.122 14.316 .654 4.121 14.151 -.009
2 24 .01 14.606 5.82 .01 15.313 5.701
2 24 .01 14.689 -6.098 .01 9.451 -1.707
2 24 .01 17.063 -3.763 .01 15.398 -5.948
2 24 .01 15.072 -6.157 .01 14.689 -6.098
2 24 .01 15.398 -5.948 .01 15.072 -6.157
2 24 -2.858 15.409 -5.949 -2.895 15.013 -6.152
2 24 -2.116 15.524 -10.131 -2.22 15.101 -9.969
2 24 5.519 15.408 -1.413 5.409 14.768 -1.188
2 24 5.332 14.314 -.69 5.305 14.151 -.012
2 24 5.409 14.768 -1.188 5.332 14.314 -.69
2 24 5.414 14.769 1.165 5.525 15.408 1.388
2 24 5.335 14.314 .665 5.414 14.769 1.165
2 24 5.305 14.151 -.012 5.335 14.314 .665
2 24 5.525 15.408 1.388 5.786 16.914 1.521
2 24 5.786 16.914 1.521 5.894 17.54 1.742
2 24 5.894 17.54 1.742 5.972 17.987 2.235
2 24 5.972 17.987 2.235 5.999 18.128 3.066
2 24 4.126 18.31 2.246 4.127 18.475 2.895
2 24 4.125 17.849 1.748 4.126 18.31 2.246
2 24 4.124 15.408 1.37 4.124 17.201 1.525
2 24 4.123 14.771 1.15 4.124 15.408 1.37
2 24 4.122 14.316 .654 4.123 14.771 1.15
2 24 4.118 15.408 -1.389 4.118 14.771 -1.168
2 24 5.779 16.914 -1.547 5.519 15.408 -1.413
2 24 4.118 17.201 -1.543 4.118 15.408 -1.389
2 24 5.887 17.54 -1.768 5.779 16.914 -1.547
2 24 4.117 17.85 -1.766 4.118 17.201 -1.543
2 24 5.963 17.987 -2.261 5.887 17.54 -1.768
2 24 4.116 18.309 -2.263 4.117 17.85 -1.766
2 24 5.99 18.151 -2.912 5.963 17.987 -2.261
2 24 4.115 18.475 -2.913 4.116 18.309 -2.263
2 24 4.115 18.475 -2.913 4.127 18.475 2.895
2 24 2.8411 18.6948 -3.598 2.8421 18.6968 3.589
2 24 -.99 27.3424 5.6548 .76 27.3424 5.6548
2 24 -.115 27.107 9.566 -.99 27.118 9.59
2 24 .76 27.118 9.59 -.115 27.107 9.566
2 24 -4.216 30.532 -1.768 -4.148 30.6 -1.632

0 // elbow
0 BFC INVERTNEXT
1 16 -2.4 25 0 0 -2.1 0 3.67236 0 0 0 0 3.67236 4-4cylc.dat
1 16 -4.5 25 0 0 1 0 1.83618 0 0 0 0 1.83618 4-4ring2.dat
1 16 -4.5 25 0 0 1 0 .61206 0 0 0 0 .61206 4-4ring9.dat
1 16 -4.5 25 0 0 9 0 6.1206 0 0 0 0 6.1206 4-4cylo.dat
1 16 4.5 25 0 0 -1 0 1.0201 0 0 0 0 1.0201 4-4ring5.dat
0 BFC INVERTNEXT
1 16 4.5 25 0 0 1.3 0 5.1005 0 0 0 0 5.1005 bump5000.dat

0 // forearm
3 16 2.5285 29.3279 4.3279 3.8705 30.6548 2.3424 4.915 32.36 4.34
3 16 .86 27.3424 5.6548 2.5285 29.3279 4.3279 4 31.299 6.394
3 16 4.915 32.36 4.34 4 31.299 6.394 2.5285 29.3279 4.3279
3 16 6.574 33.432 -.708 4.915 32.36 4.34 4.5 31.1206 0
3 16 3.8705 30.6548 2.3424 4.5 31.1206 0 4.915 32.36 4.34
3 16 7.044 32.569 -4.208 6.574 33.432 -.708 4.5 30.6548 -2.3424
3 16 6.574 33.432 -.708 4.5 31.1206 0 4.5 30.6548 -2.3424
3 16 4.2285 27.3424 -5.6548 3.137 25 -6.1206 5.082 26.221 -8.363
3 16 4.5 29.3279 -4.3279 4.2285 27.3424 -5.6548 6.419 29.837 -6.929
3 16 7.044 32.569 -4.208 4.5 30.6548 -2.3424 4.5 29.3279 -4.3279
3 16 4.5 29.3279 -4.3279 6.419 29.837 -6.929 7.044 32.569 -4.208
3 16 5.082 26.221 -8.363 6.419 29.837 -6.929 4.2285 27.3424 -5.6548
3 16 1.5256 22.6576 -5.6548 .86 22.0225 -5.2303 .86 20.313 -6.379
3 16 3.137 25 -6.1206 1.5256 22.6576 -5.6548 3.628 23.333 -8.37
3 16 5.082 26.221 -8.363 3.137 25 -6.1206 3.628 23.333 -8.37
3 16 -1.5256 22.6576 -5.6548 -3.137 25 -6.1206 -4.749 25.441 -8.427
3 16 -1.5256 22.6576 -5.6548 -4.749 25.441 -8.427 -2.564 21.769 -7.833
3 16 -3.137 25 -6.1206 -6.068 28.683 -7.596 -4.749 25.441 -8.427
3 16 -3.137 25 -6.1206 -4.2285 27.3424 -5.6548 -6.068 28.683 -7.596
3 16 -6.068 28.683 -7.596 -4.2285 27.3424 -5.6548 -6.773 30.859 -6.286
4 16 -7.073 32.557 -4.229 -6.773 30.859 -6.286 -4.5 29.3279 -4.3279 -4.5 30.6548 -2.3424
3 16 -4.2285 27.3424 -5.6548 -4.5 29.3279 -4.3279 -6.773 30.859 -6.286
3 16 -3.8705 30.6548 2.3424 -5.965 33.223 1.535 -4.5 31.1206 0
3 16 -5.965 33.223 1.535 -6.859 33.418 -1.765 -4.5 31.1206 0
3 16 -7.073 32.557 -4.229 -4.5 30.6548 -2.3424 -6.859 33.418 -1.765
3 16 -4.5 30.6548 -2.3424 -4.5 31.1206 0 -6.859 33.418 -1.765
3 16 -5.965 33.223 1.535 -3.8705 30.6548 2.3424 -4.085 31.371 6.281
3 16 -2.5285 29.3279 4.3279 -.89 27.3424 5.6548 -4.085 31.371 6.281
3 16 -3.8705 30.6548 2.3424 -2.5285 29.3279 4.3279 -4.085 31.371 6.281
3 16 -4.085 31.371 6.281 -.89 27.3424 5.6548 -2.768 29.605 8.384
3 16 -.89 27.3424 5.6548 -.89 27.118 9.59 -2.768 29.605 8.384
3 16 -2.768 29.605 8.384 -.89 27.118 9.59 -.89 31.54 9.14
3 16 .86 27.118 9.59 .86 32.1 8.981 -.89 27.118 9.59
3 16 -.89 31.54 9.14 -.89 27.118 9.59 .86 32.1 8.981
3 16 -2.564 21.769 -7.833 -.89 22.0225 -5.2303 -1.5256 22.6576 -5.6548
3 16 -2.564 21.769 -7.833 -.89 20.313 -6.379 -.89 22.0225 -5.2303
4 16 .86 22.22 -9.542 .86 20.313 -6.379 -.89 20.313 -6.379 -.89 22.073 -9.337
3 16 -.89 22.073 -9.337 -.89 20.313 -6.379 -2.564 21.769 -7.833
3 16 -2.386 24.317 -10.478 -1.507 23.5 -10.376 -2.564 21.769 -7.833
3 16 -.89 22.073 -9.337 -2.564 21.769 -7.833 -1.507 23.5 -10.376
3 16 -2.564 21.769 -7.833 -4.749 25.441 -8.427 -2.386 24.317 -10.478
3 16 -2.386 24.317 -10.478 -4.749 25.441 -8.427 -3.962 26.986 -10.371
3 16 -4.749 25.441 -8.427 -6.068 28.683 -7.596 -4.947 28.999 -9.824
3 16 -6.068 28.683 -7.596 -6.019 31.314 -8.576 -4.947 28.999 -9.824
3 16 -3.962 26.986 -10.371 -4.749 25.441 -8.427 -4.947 28.999 -9.824
3 16 -6.773 30.859 -6.286 -7.073 32.557 -4.229 -6.721 35.614 -8.145
3 16 -6.019 31.314 -8.576 -6.068 28.683 -7.596 -6.773 30.859 -6.286
3 16 -5.627 35.485 .672 -5.965 33.223 1.535 -4.529 35.119 3.203
3 16 -2.768 29.605 8.384 -3.22 34.151 5.855 -4.085 31.371 6.281
3 16 -5.965 33.223 1.535 -4.085 31.371 6.281 -4.529 35.119 3.203
3 16 -4.085 31.371 6.281 -3.22 34.151 5.855 -4.529 35.119 3.203
3 16 .86 20.313 -6.379 3.628 23.333 -8.37 1.5256 22.6576 -5.6548
3 16 .86 22.22 -9.542 3.628 23.333 -8.37 .86 20.313 -6.379
4 16 4 31.299 6.394 2.349 29.076 8.721 .86 27.118 9.59 .86 27.3424 5.6548
3 16 .86 32.1 8.981 .86 27.118 9.59 2.349 29.076 8.721
3 16 4 31.299 6.394 3.08 34.124 5.915 .86 35.613 7.694
4 16 .86 35.613 7.694 .86 32.1 8.981 2.349 29.076 8.721 4 31.299 6.394
3 16 3.08 34.124 5.915 4 31.299 6.394 4.915 32.36 4.34
3 16 4.915 32.36 4.34 6.574 33.432 -.708 6.108 36.273 -1.552
3 16 3.08 34.124 5.915 4.915 32.36 4.34 3.468 37.998 2.609
3 16 6.108 36.273 -1.552 4.948 39.709 -1.485 4.915 32.36 4.34
3 16 3.468 37.998 2.609 4.915 32.36 4.34 4.948 39.709 -1.485
3 16 6.368 37.644 -3.64 6.108 36.273 -1.552 6.574 33.432 -.708
4 16 6.843 36.17 -6.201 6.368 37.644 -3.64 6.574 33.432 -.708 7.044 32.569 -4.208
3 16 6.419 29.837 -6.929 6.55 35.614 -8.145 7.044 32.569 -4.208
3 16 7.044 32.569 -4.208 6.55 35.614 -8.145 6.843 36.17 -6.201
3 16 5.019 29.197 -9.634 5.182 35.539 -11.355 6.419 29.837 -6.929
3 16 6.419 29.837 -6.929 5.182 35.539 -11.355 6.55 35.614 -8.145
3 16 5.019 29.197 -9.634 6.419 29.837 -6.929 5.082 26.221 -8.363
3 16 3.628 23.333 -8.37 2.694 27.993 -12.425 5.082 26.221 -8.363
3 16 5.082 26.221 -8.363 2.694 27.993 -12.425 5.019 29.197 -9.634
3 16 .86 22.22 -9.542 .86 27.187 -13.894 3.628 23.333 -8.37
3 16 2.694 27.993 -12.425 3.628 23.333 -8.37 .86 27.187 -13.894
3 16 .86 39.919 4.517 .86 43.192 .293 -.89 40.589 3.909
3 16 -.89 40.589 3.909 .86 43.192 .293 -.89 43.192 .293
3 16 .86 43.192 .293 .86 39.919 4.517 3.016 41.66 -.291
3 16 3.016 41.66 -.291 .86 39.919 4.517 3.468 37.998 2.609
3 16 .86 35.613 7.694 .86 39.919 4.517 -.89 36.446 7.179
3 16 .86 39.919 4.517 -.89 40.589 3.909 -.89 36.446 7.179
4 16 .86 39.919 4.517 .86 35.613 7.694 3.08 34.124 5.915 3.468 37.998 2.609
3 16 -.89 36.446 7.179 -.89 31.54 9.14 .86 35.613 7.694
3 16 -.89 31.54 9.14 .86 32.1 8.981 .86 35.613 7.694
3 16 -2.768 29.605 8.384 -.89 31.54 9.14 -1.64 32.591 8.32
3 16 -.89 31.54 9.14 -.89 36.446 7.179 -1.64 32.591 8.32
3 16 -1.64 32.591 8.32 -.89 36.446 7.179 -1.64 37.365 5.803
3 16 -.89 40.589 3.909 -1.64 39.529 4.025 -.89 36.446 7.179
3 16 -1.64 39.529 4.025 -1.64 37.365 5.803 -.89 36.446 7.179
3 16 -.89 40.589 3.909 -1.64 41.021 2.463 -1.64 39.529 4.025
3 16 -.89 40.589 3.909 -.89 43.192 .293 -1.64 41.021 2.463
3 16 -.89 43.192 .293 -2.98 41.66 -.291 -1.64 41.021 2.463
3 16 -2.98 41.66 -.291 -3.372 39.42 1.561 -1.64 41.021 2.463
3 16 -4.991 39.709 -1.485 -4.699 38.034 .56 -3.372 39.42 1.561
3 16 -3.372 39.42 1.561 -2.98 41.66 -.291 -4.991 39.709 -1.485
3 16 -6.368 37.644 -3.64 -6.859 33.418 -1.765 -5.93 35.826 -.362
3 16 -5.771 36.635 -.605 -4.991 39.709 -1.485 -6.368 37.644 -3.64
3 16 -5.771 36.635 -.605 -5.556 37.006 -.382 -4.991 39.709 -1.485
3 16 -4.699 38.034 .56 -4.991 39.709 -1.485 -5.556 37.006 -.382
3 16 -6.859 33.418 -1.765 -6.368 37.644 -3.64 -6.843 36.17 -6.201
3 16 -6.859 33.418 -1.765 -6.843 36.17 -6.201 -7.073 32.557 -4.229
3 16 -6.843 36.17 -6.201 -6.721 35.614 -8.145 -7.073 32.557 -4.229
3 16 -5.278 35.539 -11.355 -4.758 32.689 -11.406 -5.971 32.744 -9.127
3 16 -3.377 36.139 -14.083 -4.069 32.767 -12.46 -5.278 35.539 -11.355
3 16 -4.069 32.767 -12.46 -4.758 32.689 -11.406 -5.278 35.539 -11.355
3 16 2.236 36.679 -15.315 3.377 36.139 -14.083 3.011 34.719 -14.223
3 16 3.011 34.719 -14.223 .86 32.566 -16.044 .86 35.874 -16.48
3 16 3.011 34.719 -14.223 3.377 36.139 -14.083 5.182 35.539 -11.355
3 16 6.108 36.273 -1.552 6.368 37.644 -3.64 4.948 39.709 -1.485
3 16 3.016 41.66 -.291 3.468 37.998 2.609 4.948 39.709 -1.485
3 16 -.89 35.874 -16.48 -1.042 36.269 -16.36 .86 35.874 -16.48
3 16 -1.042 36.269 -16.36 .997 36.256 -16.373 .86 35.874 -16.48
3 16 .86 35.874 -16.48 .86 32.566 -16.044 -.89 35.874 -16.48
3 16 -.89 33.055 -16.148 -.89 35.874 -16.48 .86 32.566 -16.044
3 16 .86 35.874 -16.48 .997 36.256 -16.373 3.011 34.719 -14.223
3 16 -1.042 36.269 -16.36 -1.68 36.697 -15.834 .997 36.256 -16.373
3 16 -1.68 36.697 -15.834 1.564 36.674 -15.908 .997 36.256 -16.373
3 16 .997 36.256 -16.373 1.564 36.674 -15.908 3.011 34.719 -14.223
3 16 -1.68 36.697 -15.834 -2.287 36.674 -15.295 1.564 36.674 -15.908
3 16 -2.287 36.674 -15.295 2.236 36.679 -15.315 1.564 36.674 -15.908
3 16 1.564 36.674 -15.908 2.236 36.679 -15.315 3.011 34.719 -14.223
3 16 -1.507 23.5 -10.376 -.89 26.56 -13.391 -.89 22.073 -9.337
4 16 -1.64 35.141 3.111 -1.64 39.529 4.025 -1.64 41.021 2.463 -1.64 38.888 1.217
4 16 -1.64 39.529 4.025 -1.64 35.141 3.111 -1.64 34.153 5.857 -1.64 37.365 5.803
3 16 -4.699 38.034 .56 -1.64 38.888 1.217 -3.372 39.42 1.561
3 16 -1.64 38.888 1.217 -1.64 41.021 2.463 -3.372 39.42 1.561
3 16 -5.93 35.826 -.362 -5.771 36.635 -.605 -6.368 37.644 -3.64
3 16 -5.93 35.826 -.362 -6.859 33.418 -1.765 -5.965 33.223 1.535
3 16 -5.971 32.744 -9.127 -6.721 35.614 -8.145 -5.278 35.539 -11.355
3 16 -6.721 35.614 -8.145 -6.182 32.322 -8.492 -6.773 30.859 -6.286
3 16 -5.971 32.744 -9.127 -6.182 32.322 -8.492 -6.721 35.614 -8.145
3 16 -1.64 32.746 -12.265 -4.758 32.689 -11.406 -4.069 32.767 -12.46
3 16 -1.376 33.574 -15.817 -1.6117 33.2912 -14.8135 -4.069 32.767 -12.46
3 16 -4.069 32.767 -12.46 -1.6117 33.2912 -14.8135 -1.64 32.746 -12.265
3 16 -1.376 33.574 -15.817 -1.573 29.855 -14.47 -1.6117 33.2912 -14.8135
3 16 -1.6117 33.2912 -14.8135 -1.573 29.855 -14.47 -1.64 29.914 -14.136
3 16 -.89 26.56 -13.391 -.89 33.055 -16.148 .86 27.187 -13.894
3 16 -.89 33.055 -16.148 .86 32.566 -16.044 .86 27.187 -13.894
3 16 .86 27.187 -13.894 .86 22.22 -9.542 -.89 26.56 -13.391
3 16 .86 22.22 -9.542 -.89 22.073 -9.337 -.89 26.56 -13.391
3 16 -1.64 24.87 -10.508 -1.507 23.5 -10.376 -2.386 24.317 -10.478
3 16 -1.64 32.591 8.32 -3.22 34.151 5.855 -2.768 29.605 8.384
4 16 -1.64 34.153 5.857 -1.64 35.141 3.111 -4.529 35.119 3.203 -3.22 34.151 5.855
3 16 -1.64 34.153 5.857 -3.22 34.151 5.855 -1.64 32.591 8.32
3 16 -1.64 34.153 5.857 -1.64 32.591 8.32 -1.64 37.365 5.803
3 16 -1.64 27.416 -10.294 -1.64 24.87 -10.508 -3.962 26.986 -10.371
3 16 -1.64 24.87 -10.508 -2.386 24.317 -10.478 -3.962 26.986 -10.371
3 16 -3.962 26.986 -10.371 -4.947 28.999 -9.824 -1.64 27.416 -10.294
3 16 -1.64 29.494 -9.618 -1.64 27.416 -10.294 -4.947 28.999 -9.824
3 16 -4.947 28.999 -9.824 -6.019 31.314 -8.576 -1.64 29.494 -9.618
3 16 -1.64 31.508 -8.462 -1.64 29.494 -9.618 -6.019 31.314 -8.576
3 16 -6.163 31.754 -8.37 -6.019 31.314 -8.576 -6.773 30.859 -6.286
3 16 -6.182 32.322 -8.492 -6.163 31.754 -8.37 -6.773 30.859 -6.286
3 16 -5.627 35.485 .672 -5.93 35.826 -.362 -5.965 33.223 1.535
3 16 -5.627 35.485 .672 -4.529 35.119 3.203 -1.64 35.508 .218
3 16 -4.529 35.119 3.203 -1.64 35.141 3.111 -1.64 35.508 .218
3 16 -6.019 31.314 -8.576 -6.163 31.754 -8.37 -1.64 31.508 -8.462
3 16 -1.64 31.9 -8.358 -1.64 31.508 -8.462 -6.163 31.754 -8.37
3 16 -6.163 31.754 -8.37 -6.182 32.322 -8.492 -1.64 31.9 -8.358
3 16 -1.64 32.367 -8.492 -1.64 31.9 -8.358 -6.182 32.322 -8.492
3 16 -6.182 32.322 -8.492 -5.971 32.744 -9.127 -1.64 32.367 -8.492
3 16 -5.971 32.744 -9.127 -1.64 32.729 -9.092 -1.64 32.367 -8.492
3 16 -5.971 32.744 -9.127 -4.758 32.689 -11.406 -1.64 32.729 -9.092
3 16 -1.64 32.729 -9.092 -4.758 32.689 -11.406 -1.64 32.746 -12.265
3 16 -5.556 37.006 -.382 -1.64 37.006 -.382 -4.699 38.034 .56
3 16 -1.64 38.888 1.217 -4.699 38.034 .56 -1.64 37.006 -.382
3 16 -5.771 36.635 -.605 -1.64 36.56 -.624 -5.556 37.006 -.382
3 16 -1.64 37.006 -.382 -5.556 37.006 -.382 -1.64 36.56 -.624
4 16 -5.93 35.826 -.362 -1.64 35.86 -.422 -1.64 36.56 -.624 -5.771 36.635 -.605
3 16 -5.93 35.826 -.362 -5.627 35.485 .672 -1.64 35.86 -.422
3 16 -1.64 35.86 -.422 -5.627 35.485 .672 -1.64 35.508 .218
3 16 3.011 34.719 -14.223 2.694 27.993 -12.425 .86 32.566 -16.044
3 16 2.694 27.993 -12.425 .86 27.187 -13.894 .86 32.566 -16.044
3 16 2.694 27.993 -12.425 3.011 34.719 -14.223 5.019 29.197 -9.634
3 16 5.182 35.539 -11.355 5.019 29.197 -9.634 3.011 34.719 -14.223
3 16 -1.507 23.5 -10.376 -1.64 24.87 -10.508 -1.558 26.49 -12.754
3 16 -1.558 26.49 -12.754 -1.64 24.87 -10.508 -1.64 26.853 -12.552
3 16 -1.64 26.853 -12.552 -1.64 24.87 -10.508 -1.64 27.416 -10.294
4 16 -1.64 29.494 -9.618 -1.64 29.914 -14.136 -1.64 26.853 -12.552 -1.64 27.416 -10.294
3 16 -1.573 29.855 -14.47 -1.558 26.49 -12.754 -1.64 29.914 -14.136
3 16 -1.558 26.49 -12.754 -1.64 26.853 -12.552 -1.64 29.914 -14.136
4 16 -1.64 29.914 -14.136 -1.64 29.494 -9.618 -1.64 31.508 -8.462 -1.64 32.746 -12.265
3 16 -1.64 31.508 -8.462 -1.64 31.9 -8.358 -1.64 32.746 -12.265
4 16 -1.64 32.729 -9.092 -1.64 32.746 -12.265 -1.64 31.9 -8.358 -1.64 32.367 -8.492
4 16 -1.64 35.141 3.111 -1.64 38.888 1.217 -1.64 37.006 -.382 -1.64 35.508 .218
4 16 -1.64 36.56 -.624 -1.64 35.86 -.422 -1.64 35.508 .218 -1.64 37.006 -.382
3 16 -1.6117 33.2912 -14.8135 -1.64 29.914 -14.136 -1.64 32.746 -12.265
3 16 -1.573 29.855 -14.47 -.89 26.56 -13.391 -1.558 26.49 -12.754
3 16 -1.376 33.574 -15.817 -.89 33.055 -16.148 -1.573 29.855 -14.47
3 16 -1.573 29.855 -14.47 -.89 33.055 -16.148 -.89 26.56 -13.391
3 16 -1.558 26.49 -12.754 -.89 26.56 -13.391 -1.507 23.5 -10.376
4 16 -3.377 36.139 -14.083 -5.278 35.539 -11.355 5.182 35.539 -11.355 3.377 36.139 -14.083
4 16 -2.98 41.66 -.291 -.89 43.192 .293 .86 43.192 .293 3.016 41.66 -.291
4 16 -4.991 39.709 -1.485 -2.98 41.66 -.291 3.016 41.66 -.291 4.948 39.709 -1.485
4 16 4.948 39.709 -1.485 6.368 37.644 -3.64 -6.368 37.644 -3.64 -4.991 39.709 -1.485
4 16 6.368 37.644 -3.64 6.843 36.17 -6.201 -6.843 36.17 -6.201 -6.368 37.644 -3.64
4 16 6.843 36.17 -6.201 6.55 35.614 -8.145 -6.721 35.614 -8.145 -6.843 36.17 -6.201
4 16 -5.278 35.539 -11.355 -6.721 35.614 -8.145 6.55 35.614 -8.145 5.182 35.539 -11.355
4 16 3.377 36.139 -14.083 2.236 36.679 -15.315 -2.287 36.674 -15.295 -3.377 36.139 -14.083
3 16 -.89 33.055 -16.148 -1.376 33.574 -15.817 -.89 35.874 -16.48
3 16 -4.069 32.767 -12.46 -3.377 36.139 -14.083 -1.376 33.574 -15.817
3 16 -1.376 33.574 -15.817 -3.377 36.139 -14.083 -2.287 36.674 -15.295
3 16 -1.042 36.269 -16.36 -.89 35.874 -16.48 -1.376 33.574 -15.817
4 16 -1.042 36.269 -16.36 -1.376 33.574 -15.817 -2.287 36.674 -15.295 -1.68 36.697 -15.834
2 24 -.89 27.118 9.59 -.89 27.3424 5.6548
2 24 .86 27.3424 5.6548 .86 27.118 9.59
2 24 2.5285 29.3279 4.3279 3.8705 30.6548 2.3424
2 24 .86 27.3424 5.6548 2.5285 29.3279 4.3279
2 24 4.915 32.36 4.34 4 31.299 6.394
2 24 6.574 33.432 -.708 4.915 32.36 4.34
2 24 3.8705 30.6548 2.3424 4.5 31.1206 0
2 24 7.044 32.569 -4.208 6.574 33.432 -.708
2 24 4.2285 27.3424 -5.6548 3.137 25 -6.1206
2 24 4.5 29.3279 -4.3279 4.2285 27.3424 -5.6548
2 24 6.419 29.837 -6.929 7.044 32.569 -4.208
2 24 5.082 26.221 -8.363 6.419 29.837 -6.929
2 24 1.5256 22.6576 -5.6548 .86 22.0225 -5.2303
2 24 3.137 25 -6.1206 1.5256 22.6576 -5.6548
2 24 3.628 23.333 -8.37 5.082 26.221 -8.363
2 24 -1.5256 22.6576 -5.6548 -3.137 25 -6.1206
2 24 -.89 22.0225 -5.2303 -1.5256 22.6576 -5.6548
2 24 -6.068 28.683 -7.596 -4.749 25.441 -8.427
2 24 -3.137 25 -6.1206 -4.2285 27.3424 -5.6548
2 24 -6.773 30.859 -6.286 -6.068 28.683 -7.596
2 24 -7.073 32.557 -4.229 -6.773 30.859 -6.286
2 24 -4.5 31.1206 0 -3.8705 30.6548 2.3424
2 24 -5.965 33.223 1.535 -6.859 33.418 -1.765
2 24 -6.859 33.418 -1.765 -7.073 32.557 -4.229
2 24 -4.085 31.371 6.281 -5.965 33.223 1.535
2 24 -2.5285 29.3279 4.3279 -.89 27.3424 5.6548
2 24 -3.8705 30.6548 2.3424 -2.5285 29.3279 4.3279
2 24 .86 27.118 9.59 -.89 27.118 9.59
2 24 -2.768 29.605 8.384 -4.085 31.371 6.281
2 24 -.89 27.118 9.59 -2.768 29.605 8.384
2 24 -.89 27.118 9.59 -.89 31.54 9.14
2 24 .86 27.118 9.59 .86 32.1 8.981
2 24 -4.749 25.441 -8.427 -2.564 21.769 -7.833
2 24 -2.564 21.769 -7.833 -.89 20.313 -6.379
2 24 -.89 20.313 -6.379 -.89 22.0225 -5.2303
2 24 .86 22.22 -9.542 .86 20.313 -6.379
2 24 .86 20.313 -6.379 -.89 20.313 -6.379
2 24 -.89 20.313 -6.379 -.89 22.073 -9.337
2 24 -2.386 24.317 -10.478 -1.507 23.5 -10.376
5 24 -1.507 23.5 -10.376 -.89 22.073 -9.337 -.89 26.56 -13.391 -2.564 21.769 -7.833
2 24 -3.962 26.986 -10.371 -2.386 24.317 -10.478
2 24 -6.019 31.314 -8.576 -4.947 28.999 -9.824
2 24 -4.947 28.999 -9.824 -3.962 26.986 -10.371
2 24 -4.529 35.119 3.203 -5.627 35.485 .672
2 24 -3.22 34.151 5.855 -4.529 35.119 3.203
2 24 .86 22.0225 -5.2303 .86 20.313 -6.379
2 24 .86 20.313 -6.379 3.628 23.333 -8.37
2 24 4 31.299 6.394 2.349 29.076 8.721
2 24 2.349 29.076 8.721 .86 27.118 9.59
2 24 .86 35.613 7.694 .86 32.1 8.981
2 24 6.843 36.17 -6.201 6.368 37.644 -3.64
2 24 6.55 35.614 -8.145 6.843 36.17 -6.201
2 24 5.182 35.539 -11.355 6.55 35.614 -8.145
2 24 .86 22.22 -9.542 .86 27.187 -13.894
2 24 .86 39.919 4.517 .86 43.192 .293
2 24 .86 43.192 .293 -.89 43.192 .293
2 24 -.89 43.192 .293 -.89 40.589 3.909
2 24 3.016 41.66 -.291 .86 43.192 .293
2 24 .86 35.613 7.694 .86 39.919 4.517
2 24 -.89 40.589 3.909 -.89 36.446 7.179
2 24 -.89 36.446 7.179 -.89 31.54 9.14
2 24 -1.64 37.365 5.803 -1.64 32.591 8.32
2 24 -1.64 39.529 4.025 -1.64 37.365 5.803
2 24 -1.64 41.021 2.463 -1.64 39.529 4.025
2 24 -.89 43.192 .293 -2.98 41.66 -.291
2 24 -3.372 39.42 1.561 -1.64 41.021 2.463
2 24 -2.98 41.66 -.291 -4.991 39.709 -1.485
2 24 -4.699 38.034 .56 -3.372 39.42 1.561
2 24 -4.991 39.709 -1.485 -6.368 37.644 -3.64
2 24 -5.771 36.635 -.605 -5.556 37.006 -.382
2 24 -5.556 37.006 -.382 -4.699 38.034 .56
2 24 -6.368 37.644 -3.64 -6.843 36.17 -6.201
2 24 -6.843 36.17 -6.201 -6.721 35.614 -8.145
2 24 -6.721 35.614 -8.145 -5.278 35.539 -11.355
2 24 -5.278 35.539 -11.355 -3.377 36.139 -14.083
2 24 -4.069 32.767 -12.46 -4.758 32.689 -11.406
2 24 2.236 36.679 -15.315 3.377 36.139 -14.083
2 24 3.377 36.139 -14.083 5.182 35.539 -11.355
2 24 6.368 37.644 -3.64 4.948 39.709 -1.485
2 24 4.948 39.709 -1.485 3.016 41.66 -.291
2 24 -.89 35.874 -16.48 -1.042 36.269 -16.36
2 24 .997 36.256 -16.373 .86 35.874 -16.48
2 24 .86 35.874 -16.48 .86 32.566 -16.044
2 24 -.89 33.055 -16.148 -.89 35.874 -16.48
2 24 -1.042 36.269 -16.36 -1.68 36.697 -15.834
2 24 1.564 36.674 -15.908 .997 36.256 -16.373
2 24 -1.68 36.697 -15.834 -2.287 36.674 -15.295
2 24 2.236 36.679 -15.315 1.564 36.674 -15.908
2 24 -.89 26.56 -13.391 -.89 22.073 -9.337
2 24 -1.64 41.021 2.463 -1.64 38.888 1.217
2 24 -1.64 35.141 3.111 -1.64 34.153 5.857
2 24 -5.93 35.826 -.362 -5.771 36.635 -.605
2 24 -4.758 32.689 -11.406 -5.971 32.744 -9.127
2 24 -5.971 32.744 -9.127 -6.182 32.322 -8.492
2 24 -1.376 33.574 -15.817 -1.6117 33.2912 -14.8135
2 24 -4.069 32.767 -12.46 -1.376 33.574 -15.817
2 24 -1.6117 33.2912 -14.8135 -1.64 32.746 -12.265
2 24 -.89 26.56 -13.391 -.89 33.055 -16.148
2 24 .86 32.566 -16.044 .86 27.187 -13.894
2 24 -1.64 24.87 -10.508 -1.507 23.5 -10.376
2 24 -1.64 32.591 8.32 -3.22 34.151 5.855
2 24 -1.64 32.591 8.32 -1.64 34.153 5.857
2 24 -1.64 27.416 -10.294 -1.64 24.87 -10.508
2 24 -1.64 29.494 -9.618 -1.64 27.416 -10.294
2 24 -1.64 31.508 -8.462 -1.64 29.494 -9.618
2 24 -6.163 31.754 -8.37 -6.019 31.314 -8.576
2 24 -6.182 32.322 -8.492 -6.163 31.754 -8.37
2 24 -5.627 35.485 .672 -5.93 35.826 -.362
2 24 -1.64 35.141 3.111 -1.64 35.508 .218
2 24 -1.64 31.9 -8.358 -1.64 31.508 -8.462
2 24 -1.64 32.367 -8.492 -1.64 31.9 -8.358
2 24 -1.64 32.729 -9.092 -1.64 32.367 -8.492
2 24 -1.64 32.746 -12.265 -1.64 32.729 -9.092
2 24 -1.64 37.006 -.382 -1.64 38.888 1.217
2 24 -1.64 36.56 -.624 -1.64 37.006 -.382
2 24 -1.64 35.86 -.422 -1.64 36.56 -.624
2 24 -1.64 35.508 .218 -1.64 35.86 -.422
2 24 -2.287 36.674 -15.295 -3.377 36.139 -14.083
2 24 -4.5 29.3279 -4.3279 -4.2285 27.3424 -5.6548

0 // barrel
1 16 3.0895 40.626 -14.323 0 0 -.0245 .644 1 -2.143 1.0715 0 1.2875 rect.dat
4 16 3.065 39.127 -11.964 3.114 43.413 -14.539 4.902 43.413 -14.539 4.881 39.127 -11.964
4 16 3.374 42.125 -16.682 4.547 42.729 -15.677 4.902 43.413 -14.539 3.114 43.413 -14.539
3 16 3.114 42.125 -16.682 3.374 42.125 -16.682 3.114 43.413 -14.539
4 16 3.065 37.839 -14.107 3.295 37.839 -14.107 3.374 42.125 -16.682 3.114 42.125 -16.682
3 16 4.881 39.127 -11.964 4.547 38.484 -13.034 3.065 39.127 -11.964
4 16 4.547 38.484 -13.034 3.295 37.839 -14.107 3.065 37.839 -14.107 3.065 39.127 -11.964
1 16 3.163 47.2475 -18.302 0 0 .023 -.6435 1 2.143 -1.0715 0 -1.2875 rect.dat
3 16 4.914 45.748 -15.943 4.547 45.043 -17.117 3.14 45.748 -15.943
4 16 4.547 45.043 -17.117 3.416 44.461 -18.086 3.14 44.461 -18.086 3.14 45.748 -15.943
4 16 4.935 50.034 -18.518 4.914 45.748 -15.943 3.14 45.748 -15.943 3.186 50.034 -18.518
3 16 4.935 50.034 -18.518 3.186 50.034 -18.518 4.547 49.288 -19.759
4 16 4.547 49.288 -19.759 3.186 50.034 -18.518 3.186 48.747 -20.661 3.495 48.747 -20.661
4 16 3.14 44.461 -18.086 3.416 44.461 -18.086 3.495 48.747 -20.661 3.186 48.747 -20.661
4 16 -3.0205 42.1297 -16.6844 -2.9305 37.8437 -14.1094 -2.93 39.106 -11.951 -3.02 43.391 -14.526
4 16 -4.902 43.378 -14.518 -3.02 43.391 -14.526 -2.93 39.106 -11.951 -4.881 39.093 -11.943
3 16 -4.881 39.093 -11.943 -2.93 39.106 -11.951 -4.547 38.452 -13.014
4 16 -2.9305 37.8437 -14.1094 -3.295 37.839 -14.107 -4.547 38.452 -13.014 -2.93 39.106 -11.951
4 16 -3.374 42.125 -16.682 -3.295 37.839 -14.107 -2.9305 37.8437 -14.1094 -3.0205 42.1297 -16.6844
3 16 -4.902 43.378 -14.518 -4.547 42.697 -15.657 -3.02 43.391 -14.526
4 16 -4.547 42.697 -15.657 -3.374 42.125 -16.682 -3.0205 42.1297 -16.6844 -3.02 43.391 -14.526
4 16 -3.155 48.725 -20.647 -3.068 44.439 -18.072 -3.068 45.727 -15.929 -3.154 50.012 -18.504
3 16 -3.154 50.012 -18.504 -4.935 50 -18.497 -4.547 49.257 -19.74
3 16 -4.547 49.257 -19.74 -3.495 48.747 -20.661 -3.154 50.012 -18.504
5 24 -4.547 49.257 -19.74 -3.154 50.012 -18.504 -3.495 48.747 -20.661 -4.935 50 -18.497
3 16 -3.155 48.725 -20.647 -3.154 50.012 -18.504 -3.495 48.747 -20.661
4 16 -4.935 50 -18.497 -3.154 50.012 -18.504 -3.068 45.727 -15.929 -4.914 45.714 -15.921
3 16 -4.914 45.714 -15.921 -3.068 45.727 -15.929 -4.547 45.011 -17.097
4 16 -4.547 45.011 -17.097 -3.068 45.727 -15.929 -3.068 44.439 -18.072 -3.416 44.437 -18.071
4 16 -3.068 44.439 -18.072 -3.155 48.725 -20.647 -3.495 48.747 -20.661 -3.416 44.437 -18.071
4 16 -2.934 38.617 -5.533 -2.925 42.903 -8.108 -2.926 41.615 -10.251 -2.935 37.329 -7.675
4 16 -3.358 38.614 -5.531 -3.2792 42.9 -8.106 -2.925 42.903 -8.108 -2.934 38.617 -5.533
4 16 -3.358 38.614 -5.531 -2.935 37.329 -7.675 -4.898 37.316 -7.667 -4.547 37.993 -6.545
3 16 -2.934 38.617 -5.533 -2.935 37.329 -7.675 -3.358 38.614 -5.531
4 16 -2.926 41.615 -10.251 -4.877 41.602 -10.242 -4.898 37.316 -7.667 -2.935 37.329 -7.675
3 16 -4.877 41.602 -10.242 -2.926 41.615 -10.251 -4.547 42.239 -9.187
4 16 -4.547 42.239 -9.187 -2.926 41.615 -10.251 -2.925 42.903 -8.108 -3.2792 42.9 -8.106
1 16 -2.9135 46.6935 -11.844 -.0065 0 0 -2.143 -1 .6435 1.2875 0 1.0715 rect.dat
3 16 -4.844 48.18 -14.195 -2.907 48.193 -14.203 -4.547 48.754 -13.243
4 16 -4.547 48.754 -13.243 -2.907 48.193 -14.203 -2.907 49.48 -12.06 -3.159 49.479 -12.059
4 16 -3.237 45.192 -9.483 -3.159 49.479 -12.059 -2.907 49.48 -12.06 -2.92 45.194 -9.485
3 16 -4.866 43.893 -11.619 -4.547 44.509 -10.6 -2.92 43.907 -11.628
4 16 -4.547 44.509 -10.6 -3.237 45.192 -9.483 -2.92 45.194 -9.485 -2.92 43.907 -11.628
4 16 -2.907 48.193 -14.203 -4.844 48.18 -14.195 -4.866 43.893 -11.619 -2.92 43.907 -11.628
1 16 3.076 40.137 -7.905 0 0 -.025 -.644 -1 2.143 -1.0715 0 -1.2875 rect.dat
4 16 4.898 37.35 -7.689 4.877 41.636 -10.264 3.051 41.636 -10.264 3.101 37.35 -7.689
3 16 4.898 37.35 -7.689 3.101 37.35 -7.689 4.547 38.025 -6.565
4 16 3.101 38.638 -5.546 3.358 38.638 -5.546 4.547 38.025 -6.565 3.101 37.35 -7.689
4 16 3.051 42.924 -8.121 3.2792 42.9238 -8.1213 3.358 38.638 -5.546 3.101 38.638 -5.546
3 16 4.877 41.636 -10.264 4.547 42.271 -9.207 3.051 41.636 -10.264
4 16 4.547 42.271 -9.207 3.2792 42.9238 -8.1213 3.051 42.924 -8.121 3.051 41.636 -10.264
4 16 3.023 45.215 -9.498 3.023 43.927 -11.64 2.97 48.213 -14.216 2.97 49.501 -12.073
4 16 4.866 43.927 -11.64 4.844 48.213 -14.216 2.97 48.213 -14.216 3.023 43.927 -11.64
3 16 3.023 45.215 -9.498 3.237 45.215 -9.498 3.023 43.927 -11.64
4 16 4.866 43.927 -11.64 3.023 43.927 -11.64 3.237 45.215 -9.498 4.547 44.54 -10.62
4 16 2.97 49.501 -12.073 3.159 49.501 -12.073 3.237 45.215 -9.498 3.023 45.215 -9.498
3 16 4.844 48.213 -14.216 4.547 48.786 -13.263 2.97 48.213 -14.216
4 16 4.547 48.786 -13.263 3.159 49.501 -12.073 2.97 49.501 -12.073 2.97 48.213 -14.216
4 16 4.547 44.54 -10.62 3.237 45.215 -9.498 3.2792 42.9238 -8.1213 4.547 42.271 -9.207
4 16 2.625 37.4647 -3.9515 4.547 36.5053 -5.6184 4.547 38.025 -6.565 3.358 38.638 -5.546
4 16 3.237 45.215 -9.498 2.625 55.297 -15.052 2.625 37.4647 -3.9515 3.2792 42.9238 -8.1213
3 16 2.625 37.4647 -3.9515 3.358 38.638 -5.546 3.2792 42.9238 -8.1213
3 16 3.237 45.215 -9.498 3.159 49.501 -12.073 2.625 55.297 -15.052
4 16 4.547 48.786 -13.263 4.547 54.281 -16.683 2.625 55.297 -15.052 3.159 49.501 -12.073
4 16 2.625 37.4647 -3.9515 2.625 55.297 -15.052 0 55.668 -14.455 1.9686 37.5192 -3.7797
4 16 -2.625 37.4656 -3.9499 -1.9692 37.5138 -3.7759 0 55.668 -14.455 -2.625 55.297 -15.052
4 16 -3.2792 42.9 -8.106 -3.237 45.192 -9.483 -4.547 44.509 -10.6 -4.547 42.239 -9.187
4 16 -2.625 37.4656 -3.9499 -3.358 38.614 -5.531 -4.547 37.993 -6.545 -4.547 36.5059 -5.6174
3 16 -3.2792 42.9 -8.106 -3.358 38.614 -5.531 -2.625 37.4656 -3.9499
4 16 -3.237 45.192 -9.483 -3.2792 42.9 -8.106 -2.625 37.4656 -3.9499 -2.625 55.297 -15.052
3 16 -3.237 45.192 -9.483 -2.625 55.297 -15.052 -3.159 49.479 -12.059
4 16 -4.547 48.754 -13.243 -3.159 49.479 -12.059 -2.625 55.297 -15.052 -4.547 54.281 -16.683
4 16 -4.898 37.316 -7.667 -4.727 36.17 -6.201 -4.547 36.5059 -5.6174 -4.547 37.993 -6.545
3 16 -4.727 36.17 -6.201 -4.898 37.316 -7.667 -5.25 35.614 -8.156
4 16 -4.547 42.239 -9.187 -4.547 44.509 -10.6 -4.866 43.893 -11.619 -4.877 41.602 -10.242
4 16 -5.25 52.894 -18.912 -4.844 48.18 -14.195 -4.547 48.754 -13.243 -4.547 54.281 -16.683
4 16 -4.877 41.602 -10.242 -4.866 43.893 -11.619 -5.25 52.894 -18.912 -5.25 35.614 -8.156
3 16 -4.866 43.893 -11.619 -4.844 48.18 -14.195 -5.25 52.894 -18.912
3 16 -4.877 41.602 -10.242 -5.25 35.614 -8.156 -4.898 37.316 -7.667
4 16 -4.902 43.378 -14.518 -4.914 45.714 -15.921 -4.547 45.011 -17.097 -4.547 42.697 -15.657
4 16 -5.25 52.894 -18.912 -4.547 51.507 -21.14 -4.547 49.257 -19.74 -4.935 50 -18.497
3 16 -5.25 52.894 -18.912 -4.935 50 -18.497 -4.914 45.714 -15.921
4 16 -5.25 52.894 -18.912 -4.914 45.714 -15.921 -4.902 43.378 -14.518 -5.25 35.614 -8.156
3 16 -4.902 43.378 -14.518 -4.881 39.093 -11.943 -5.25 35.614 -8.156
4 16 -4.547 38.452 -13.014 -4.547 35.542 -11.203 -5.25 35.614 -8.156 -4.881 39.093 -11.943
3 16 -4.547 35.542 -11.203 -4.547 38.452 -13.014 -4.416 35.539 -11.355
4 16 -2.625 36.077 -13.799 -4.416 35.539 -11.355 -4.547 38.452 -13.014 -3.295 37.839 -14.107
4 16 -3.416 44.437 -18.071 -2.625 50.492 -22.772 -2.625 36.077 -13.799 -3.374 42.125 -16.682
3 16 -2.625 36.077 -13.799 -3.295 37.839 -14.107 -3.374 42.125 -16.682
4 16 -3.416 44.437 -18.071 -3.374 42.125 -16.682 -4.547 42.697 -15.657 -4.547 45.011 -17.097
3 16 -3.416 44.437 -18.071 -3.495 48.747 -20.661 -2.625 50.492 -22.772
4 16 -4.547 49.257 -19.74 -4.547 51.507 -21.14 -2.625 50.492 -22.772 -3.495 48.747 -20.661
3 16 -2.625 36.077 -13.799 -2.625 50.492 -22.772 -1.849 36.139 -14.083
4 16 -1.849 36.139 -14.083 -2.625 50.492 -22.772 0 50.12 -23.369 .045 36.482 -14.866
4 16 0 50.12 -23.369 2.625 50.492 -22.772 1.849 36.139 -14.083 .045 36.482 -14.866
3 16 2.625 50.492 -22.772 2.625 36.077 -13.799 1.849 36.139 -14.083
3 16 4.547 35.542 -11.203 4.416 35.539 -11.355 4.547 38.484 -13.034
4 16 2.625 36.077 -13.799 3.295 37.839 -14.107 4.547 38.484 -13.034 4.416 35.539 -11.355
3 16 3.374 42.125 -16.682 3.295 37.839 -14.107 2.625 36.077 -13.799
4 16 2.625 50.492 -22.772 4.547 51.507 -21.14 4.547 49.288 -19.759 3.495 48.747 -20.661
4 16 4.547 42.729 -15.677 3.374 42.125 -16.682 3.416 44.461 -18.086 4.547 45.043 -17.117
4 16 2.625 36.077 -13.799 2.625 50.492 -22.772 3.416 44.461 -18.086 3.374 42.125 -16.682
3 16 2.625 50.492 -22.772 3.495 48.747 -20.661 3.416 44.461 -18.086
4 16 4.902 43.413 -14.539 4.547 42.729 -15.677 4.547 45.043 -17.117 4.914 45.748 -15.943
4 16 5.25 52.894 -18.912 4.935 50.034 -18.518 4.547 49.288 -19.759 4.547 51.507 -21.14
3 16 4.914 45.748 -15.943 4.935 50.034 -18.518 5.25 52.894 -18.912
4 16 5.25 52.894 -18.912 5.25 35.614 -8.156 4.902 43.413 -14.539 4.914 45.748 -15.943
3 16 4.902 43.413 -14.539 5.25 35.614 -8.156 4.881 39.127 -11.964
4 16 4.547 38.484 -13.034 4.881 39.127 -11.964 5.25 35.614 -8.156 4.547 35.542 -11.203
4 16 4.547 36.5053 -5.6184 4.727 36.17 -6.201 4.898 37.35 -7.689 4.547 38.025 -6.565
3 16 4.727 36.17 -6.201 5.25 35.614 -8.156 4.898 37.35 -7.689
4 16 5.25 52.894 -18.912 4.547 54.281 -16.683 4.547 48.786 -13.263 4.844 48.213 -14.216
3 16 5.25 52.894 -18.912 4.844 48.213 -14.216 4.866 43.927 -11.64
4 16 4.877 41.636 -10.264 5.25 35.614 -8.156 5.25 52.894 -18.912 4.866 43.927 -11.64
3 16 4.898 37.35 -7.689 5.25 35.614 -8.156 4.877 41.636 -10.264
4 16 4.547 42.271 -9.207 4.877 41.636 -10.264 4.866 43.927 -11.64 4.547 44.54 -10.62
4 16 4.547 54.281 -16.683 5.25 52.894 -18.912 4.547 51.507 -21.14 2.625 55.297 -15.052
4 16 4.547 51.507 -21.14 2.625 50.492 -22.772 0 50.12 -23.369 2.625 55.297 -15.052
4 16 -4.547 51.507 -21.14 2.625 55.297 -15.052 0 50.12 -23.369 -2.625 50.492 -22.772
4 16 -4.547 54.281 -16.683 2.625 55.297 -15.052 -4.547 51.507 -21.14 -5.25 52.894 -18.912
4 16 0 55.668 -14.455 2.625 55.297 -15.052 -4.547 54.281 -16.683 -2.625 55.297 -15.052
2 24 4.881 39.127 -11.964 3.065 39.127 -11.964
2 24 3.114 43.413 -14.539 4.902 43.413 -14.539
2 24 4.902 43.413 -14.539 4.881 39.127 -11.964
2 24 4.547 42.729 -15.677 4.902 43.413 -14.539
2 24 3.114 42.125 -16.682 3.374 42.125 -16.682
2 24 3.374 42.125 -16.682 4.547 42.729 -15.677
2 24 3.295 37.839 -14.107 3.374 42.125 -16.682
2 24 3.065 37.839 -14.107 3.295 37.839 -14.107
2 24 4.881 39.127 -11.964 4.547 38.484 -13.034
2 24 4.547 38.484 -13.034 3.295 37.839 -14.107
2 24 4.914 45.748 -15.943 4.547 45.043 -17.117
2 24 3.14 45.748 -15.943 4.914 45.748 -15.943
2 24 3.416 44.461 -18.086 3.14 44.461 -18.086
2 24 4.547 45.043 -17.117 3.416 44.461 -18.086
2 24 3.186 50.034 -18.518 4.935 50.034 -18.518
2 24 4.935 50.034 -18.518 4.914 45.748 -15.943
2 24 4.547 49.288 -19.759 4.935 50.034 -18.518
2 24 3.186 48.747 -20.661 3.495 48.747 -20.661
2 24 3.495 48.747 -20.661 4.547 49.288 -19.759
2 24 3.416 44.461 -18.086 3.495 48.747 -20.661
2 24 -2.93 39.106 -11.951 -3.02 43.391 -14.526
2 24 -2.9305 37.8437 -14.1094 -2.93 39.106 -11.951
2 24 -3.02 43.391 -14.526 -3.0205 42.1297 -16.6844
2 24 -3.0205 42.1297 -16.6844 -2.9305 37.8437 -14.1094
2 24 -2.93 39.106 -11.951 -4.881 39.093 -11.943
2 24 -4.902 43.378 -14.518 -3.02 43.391 -14.526
2 24 -4.881 39.093 -11.943 -4.902 43.378 -14.518
2 24 -4.547 38.452 -13.014 -4.881 39.093 -11.943
2 24 -2.9305 37.8437 -14.1094 -3.295 37.839 -14.107
2 24 -3.295 37.839 -14.107 -4.547 38.452 -13.014
2 24 -3.0205 42.1297 -16.6844 -3.374 42.125 -16.682
2 24 -3.374 42.125 -16.682 -3.295 37.839 -14.107
2 24 -4.902 43.378 -14.518 -4.547 42.697 -15.657
2 24 -4.547 42.697 -15.657 -3.374 42.125 -16.682
2 24 -3.068 45.727 -15.929 -3.154 50.012 -18.504
2 24 -3.068 44.439 -18.072 -3.068 45.727 -15.929
2 24 -3.154 50.012 -18.504 -3.155 48.725 -20.647
2 24 -3.155 48.725 -20.647 -3.068 44.439 -18.072
2 24 -4.935 50 -18.497 -4.547 49.257 -19.74
2 24 -3.154 50.012 -18.504 -4.935 50 -18.497
2 24 -3.495 48.747 -20.661 -3.155 48.725 -20.647
2 24 -4.547 49.257 -19.74 -3.495 48.747 -20.661
2 24 -3.068 45.727 -15.929 -4.914 45.714 -15.921
2 24 -4.914 45.714 -15.921 -4.935 50 -18.497
2 24 -4.547 45.011 -17.097 -4.914 45.714 -15.921
2 24 -3.068 44.439 -18.072 -3.416 44.437 -18.071
2 24 -3.416 44.437 -18.071 -4.547 45.011 -17.097
2 24 -3.495 48.747 -20.661 -3.416 44.437 -18.071
2 24 -2.934 38.617 -5.533 -2.925 42.903 -8.108
2 24 -2.935 37.329 -7.675 -2.934 38.617 -5.533
2 24 -2.925 42.903 -8.108 -2.926 41.615 -10.251
2 24 -2.926 41.615 -10.251 -2.935 37.329 -7.675
2 24 -3.2792 42.9 -8.106 -2.925 42.903 -8.108
2 24 -2.934 38.617 -5.533 -3.358 38.614 -5.531
2 24 -3.358 38.614 -5.531 -3.2792 42.9 -8.106
2 24 -4.898 37.316 -7.667 -4.547 37.993 -6.545
2 24 -2.935 37.329 -7.675 -4.898 37.316 -7.667
2 24 -4.547 37.993 -6.545 -3.358 38.614 -5.531
2 24 -4.877 41.602 -10.242 -4.898 37.316 -7.667
2 24 -2.926 41.615 -10.251 -4.877 41.602 -10.242
2 24 -4.547 42.239 -9.187 -4.877 41.602 -10.242
2 24 -3.2792 42.9 -8.106 -4.547 42.239 -9.187
2 24 -4.844 48.18 -14.195 -2.907 48.193 -14.203
2 24 -4.547 48.754 -13.243 -4.844 48.18 -14.195
2 24 -2.907 49.48 -12.06 -3.159 49.479 -12.059
2 24 -3.159 49.479 -12.059 -4.547 48.754 -13.243
2 24 -2.92 45.194 -9.485 -3.237 45.192 -9.483
2 24 -3.237 45.192 -9.483 -3.159 49.479 -12.059
2 24 -4.866 43.893 -11.619 -4.547 44.509 -10.6
2 24 -2.92 43.907 -11.628 -4.866 43.893 -11.619
2 24 -4.547 44.509 -10.6 -3.237 45.192 -9.483
2 24 -4.844 48.18 -14.195 -4.866 43.893 -11.619
2 24 4.877 41.636 -10.264 3.051 41.636 -10.264
2 24 3.101 37.35 -7.689 4.898 37.35 -7.689
2 24 4.898 37.35 -7.689 4.877 41.636 -10.264
2 24 4.547 38.025 -6.565 4.898 37.35 -7.689
2 24 3.101 38.638 -5.546 3.358 38.638 -5.546
2 24 3.358 38.638 -5.546 4.547 38.025 -6.565
2 24 3.2792 42.9238 -8.1213 3.358 38.638 -5.546
2 24 3.051 42.924 -8.121 3.2792 42.9238 -8.1213
2 24 4.877 41.636 -10.264 4.547 42.271 -9.207
2 24 4.547 42.271 -9.207 3.2792 42.9238 -8.1213
2 24 2.97 48.213 -14.216 2.97 49.501 -12.073
2 24 3.023 43.927 -11.64 2.97 48.213 -14.216
2 24 2.97 49.501 -12.073 3.023 45.215 -9.498
2 24 3.023 45.215 -9.498 3.023 43.927 -11.64
2 24 4.844 48.213 -14.216 2.97 48.213 -14.216
2 24 3.023 43.927 -11.64 4.866 43.927 -11.64
2 24 4.866 43.927 -11.64 4.844 48.213 -14.216
2 24 4.547 44.54 -10.62 4.866 43.927 -11.64
2 24 3.023 45.215 -9.498 3.237 45.215 -9.498
2 24 3.237 45.215 -9.498 4.547 44.54 -10.62
2 24 3.159 49.501 -12.073 3.237 45.215 -9.498
2 24 2.97 49.501 -12.073 3.159 49.501 -12.073
2 24 4.844 48.213 -14.216 4.547 48.786 -13.263
2 24 4.547 48.786 -13.263 3.159 49.501 -12.073
2 24 2.625 37.4647 -3.9515 4.547 36.5053 -5.6184
2 24 4.547 54.281 -16.683 2.625 55.297 -15.052
2 24 2.625 55.297 -15.052 0 55.668 -14.455
2 24 0 55.668 -14.455 -2.625 55.297 -15.052
2 24 -4.547 36.5059 -5.6174 -2.625 37.4656 -3.9499
2 24 -2.625 55.297 -15.052 -4.547 54.281 -16.683
2 24 -4.727 36.17 -6.201 -4.547 36.5059 -5.6174
2 24 -5.25 35.614 -8.156 -4.727 36.17 -6.201
2 24 -4.547 54.281 -16.683 -5.25 52.894 -18.912
2 24 -5.25 52.894 -18.912 -4.547 51.507 -21.14
2 24 -4.547 35.542 -11.203 -5.25 35.614 -8.156
2 24 -4.416 35.539 -11.355 -4.547 35.542 -11.203
2 24 -2.625 36.077 -13.799 -4.416 35.539 -11.355
2 24 -4.547 51.507 -21.14 -2.625 50.492 -22.772
2 24 -1.849 36.139 -14.083 -2.625 36.077 -13.799
2 24 .045 36.482 -14.866 -1.849 36.139 -14.083
2 24 -2.625 50.492 -22.772 0 50.12 -23.369
2 24 2.625 36.077 -13.799 1.849 36.139 -14.083
2 24 0 50.12 -23.369 2.625 50.492 -22.772
2 24 1.849 36.139 -14.083 .045 36.482 -14.866
2 24 4.547 35.542 -11.203 4.416 35.539 -11.355
2 24 4.416 35.539 -11.355 2.625 36.077 -13.799
2 24 2.625 50.492 -22.772 4.547 51.507 -21.14
2 24 4.547 51.507 -21.14 5.25 52.894 -18.912
2 24 5.25 35.614 -8.156 4.547 35.542 -11.203
2 24 4.547 36.5053 -5.6184 4.727 36.17 -6.201
2 24 4.727 36.17 -6.201 5.25 35.614 -8.156
2 24 5.25 52.894 -18.912 4.547 54.281 -16.683

0 // tip
1 16 0 60.536 -23.668 3.25 0 0 0 -.848972 -1.717424 0 .528438 -2.759159 4-4edge.dat
1 16 0 60.536 -23.668 3.25 0 0 0 -.848972 -1.717424 0 .528438 -2.759159 4-4disc.dat
1 16 0 59.8196 -23.2221 .25 0 0 0 .71632 -.13211 0 -.44587 -.212243 4-4con13.dat
1 16 0 54.8054 -20.101 1.75 0 0 0 5.014241 -.924767 0 -3.121087 -1.485701 4-4con2.dat
1 16 0 54.8054 -20.101 5.25 0 0 0 -.848972 -2.7743 0 .528438 -4.457103 4-4edge.dat
1 16 0 54.8054 -20.101 5.25 0 0 0 .848972 -2.7743 0 -.528438 -4.457103 4-4disc.dat
1 16 0 54.8054 -20.101 3.75 0 0 0 -1.910187 -1.981643 0 1.188986 -3.183645 4-4cylo.dat

0 // cylinder
1 16 0 56.868 -12.857 2.5 0 0 0 -4.032617 -1.321095 0 2.510081 -2.12243 4-4cylc.dat
1 16 0 52.8354 -10.3469 3.25 0 0 0 -.848972 -1.717424 0 .528438 -2.759159 4-4edge.dat
1 16 0 52.8354 -10.3469 3.25 0 0 0 -.848972 -1.717424 0 .528438 -2.759159 4-4disc.dat
1 16 0 52.8354 -10.3469 -1.243721 0 -3.002608 -1.586692 -13.991059 .657229 -2.54913 8.708658 1.055884 7-8cyli.dat

2 24 3.0027 38.4146 -2.8358 3.25 39.294 -1.9181
2 24 3.25 39.294 -1.9181 3.1333 39.709 -1.485
2 24 2.2981 37.6691 -3.6138 3.0027 38.4146 -2.8358
2 24 1.2438 42.0954 -.125 0 42.3857 -.0144
2 24 1.7989 41.66 -.291 1.2438 42.0954 -.125
2 24 -1.2438 42.0954 -.125 -1.7989 41.66 -.291
2 24 -1.2438 42.0954 -.125 0 42.3857 -.0144
2 24 3.1333 39.709 -1.485 3.0027 40.3357 -1.1015
2 24 -3.0027 40.3357 -1.1015 -3.1333 39.709 -1.485
2 24 -2.2981 41.3417 -.4858 -3.0027 40.3357 -1.1015
2 24 -1.7989 41.66 -.291 -2.2981 41.3417 -.4858
2 24 2.2981 41.3417 -.4858 1.7989 41.66 -.291
2 24 2.2981 41.3417 -.4858 3.0027 40.3357 -1.1015
2 24 1.9686 37.5192 -3.7797 1.9689 51.5048 -12.4847
2 24 1.9689 51.5048 -12.4847 1.0238 51.6385 -12.2698
2 24 1.0238 55.5233 -14.6878 1.0238 51.6385 -12.2698
2 24 -1.9692 51.5048 -12.4845 -1.9692 37.5138 -3.7759
2 24 -1.9692 51.5048 -12.4845 -1.024 51.6386 -12.2697
2 24 -1.0238 55.5233 -14.6878 -1.024 51.6386 -12.2697
2 24 1.0238 55.5233 -14.6878 .9568 55.4996 -14.7259
2 24 0 55.3992 -14.8875 .9568 55.4996 -14.7259
2 24 -.9568 55.4996 -14.7259 -1.0238 55.5233 -14.6878
2 24 -.9568 55.4996 -14.7259 0 55.3992 -14.8875
2 24 2.2981 37.6691 -3.6138 3.0026 38.4146 -2.8358
2 24 -3.0026 38.4146 -2.8358 -2.2982 37.6692 -3.6137
2 24 -3.2501 39.2939 -1.9182 -3.1333 39.709 -1.485
2 24 -3.2501 39.2939 -1.9182 -3.0026 38.4146 -2.8358

0 // condlines
5 24 -2.22 15.101 9.969 -3 14.612 5.835 -2.084 15.674 10.163 -3.136 13.939 5.584
5 24 -3 14.612 5.835 -2.084 15.674 10.163 -2.902 15.321 5.712 -2.22 15.101 9.969
5 24 -3.136 13.939 5.584 -2.22 15.101 9.969 -3 14.612 5.835 -4 7.294 4
5 24 -2.22 15.101 -9.969 1.955 15.101 -9.969 -2.116 15.524 -10.131 2.753 7.294 -4
5 24 3.011 34.719 -14.223 .86 32.566 -16.044 2.694 27.993 -12.425 .86 35.874 -16.48
5 24 -6.068 28.683 -7.596 -4.947 28.999 -9.824 -4.749 25.441 -8.427 -6.019 31.314 -8.576
5 24 .86 32.566 -16.044 -.89 33.055 -16.148 .86 27.187 -13.894 -.89 35.874 -16.48
5 24 1.955 15.101 -9.969 2.079 17.098 -9.295 2.672 17.089 -4.947 1.93 16.25 -10.1
5 24 -6.068 28.683 -7.596 -3.137 25 -6.1206 -4.749 25.441 -8.427 -4.2285 27.3424 -5.6548
5 24 4 6.483 4 4 6.483 -4 4 4 0 4.001 6.561 3.3
5 24 -2.768 29.605 8.384 -3.22 34.151 5.855 -1.64 32.591 8.32 -4.085 31.371 6.281
2 24 -1.573 29.855 -14.47 -1.558 26.49 -12.754
5 24 2.672 17.092 4.939 2.753 7.294 4 2.753 12.732 4 2.079 17.098 9.295
5 24 2.7333 17.9415 -4.812 5.858 17.405 -4.128 2.8058 18.6122 -4.0683 5.74 16.721 -4.306
5 24 .86 35.874 -16.48 -.89 35.874 -16.48 .86 32.566 -16.044 -1.042 36.269 -16.36
5 24 -4.947 28.999 -9.824 -1.64 29.494 -9.618 -1.64 27.416 -10.294 -6.019 31.314 -8.576
5 24 2.484 18.592 6.638 2.7235 17.9468 4.7965 2.672 17.092 4.939 2.8046 18.5645 4.1897
5 24 -1.64 32.367 -8.492 -6.182 32.322 -8.492 -1.64 31.9 -8.358 -5.971 32.744 -9.127
5 24 5.858 17.405 -4.128 2.8058 18.6122 -4.0683 2.7333 17.9415 -4.812 5.969 18.039 -3.437
5 24 -4.547 37.993 -6.545 -4.547 36.5059 -5.6174 -2.625 37.4656 -3.9499 -4.898 37.316 -7.667
5 24 -6.859 33.418 -1.765 -6.368 37.644 -3.64 -5.93 35.826 -.362 -6.843 36.17 -6.201
5 24 -4 4 0 -3.978 9.514 1.9 -4 8.88 .599 -4 7.294 4
5 24 -1.64 24.87 -10.508 -2.386 24.317 -10.478 -1.507 23.5 -10.376 -3.962 26.986 -10.371
5 24 4.2285 27.3424 -5.6548 5.082 26.221 -8.363 6.419 29.837 -6.929 3.137 25 -6.1206
5 24 -6.721 35.614 -8.145 -6.773 30.859 -6.286 -7.073 32.557 -4.229 -6.182 32.322 -8.492
5 24 -5.25 35.614 -8.156 -5.25 52.894 -18.912 -4.914 45.714 -15.921 -4.877 41.602 -10.242
5 24 2.485 18.597 -6.632 2.672 17.089 -4.947 2.079 17.098 -9.295 2.7333 17.9415 -4.812
5 24 -2.274 18.936 -6.233 -2.6183 19.2461 -1.8442 -2.822 17.041 -3.801 -2.247 20.8288 -4.4326
5 24 -4.085 31.371 6.281 -2.5285 29.3279 4.3279 -.89 27.3424 5.6548 -3.8705 30.6548 2.3424
5 24 -4.01 7.294 -4 -4 4 0 -4 6.483 -4 -3.981 9.493 -1.888
5 24 -3.22 34.151 5.855 -1.64 34.153 5.857 -1.64 35.141 3.111 -1.64 32.591 8.32
5 24 -2.247 20.8288 -4.4326 2.485 18.597 -6.632 -2.274 18.936 -6.233 2.719 20.8288 -4.4326
5 24 -4.749 25.441 -8.427 -3.962 26.986 -10.371 -4.947 28.999 -9.824 -2.386 24.317 -10.478
5 24 5.963 17.987 -2.261 4.116 18.309 -2.263 5.99 18.151 -2.912 4.117 17.85 -1.766
5 24 .86 27.187 -13.894 2.694 27.993 -12.425 .86 32.566 -16.044 3.628 23.333 -8.37
5 24 4 31.299 6.394 .86 27.3424 5.6548 2.5285 29.3279 4.3279 2.349 29.076 8.721
5 24 4.122 14.316 .654 5.335 14.314 .665 5.305 14.151 -.012 4.123 14.771 1.15
5 24 4.547 44.54 -10.62 4.547 42.271 -9.207 4.877 41.636 -10.264 3.237 45.215 -9.498
5 24 4.126 18.31 2.246 5.972 17.987 2.235 4.127 18.475 2.895 5.894 17.54 1.742
5 24 -4 4 0 -4 8.882 -.607 -4 8.88 .599 -3.981 9.493 -1.888
5 24 .997 36.256 -16.373 -1.042 36.269 -16.36 .86 35.874 -16.48 -1.68 36.697 -15.834
5 24 -4.699 38.034 .56 -4.991 39.709 -1.485 -3.372 39.42 1.561 -5.556 37.006 -.382
5 24 -.89 26.56 -13.391 .86 22.22 -9.542 .86 27.187 -13.894 -.89 22.073 -9.337
5 24 -1.64 29.494 -9.618 -6.019 31.314 -8.576 -1.64 31.508 -8.462 -4.947 28.999 -9.824
5 24 3.011 34.719 -14.223 .86 35.874 -16.48 .997 36.256 -16.373 .86 32.566 -16.044
5 24 -2.858 15.409 -5.949 .01 15.072 -6.157 -2.895 15.013 -6.152 .01 15.398 -5.948
5 24 7.044 32.569 -4.208 6.55 35.614 -8.145 6.843 36.17 -6.201 6.419 29.837 -6.929
5 24 -6.773 30.859 -6.286 -6.019 31.314 -8.576 -6.163 31.754 -8.37 -6.068 28.683 -7.596
5 24 -2.98 41.66 -.291 3.016 41.66 -.291 4.948 39.709 -1.485 -.89 43.192 .293
5 24 1.564 36.674 -15.908 3.011 34.719 -14.223 2.236 36.679 -15.315 .997 36.256 -16.373
5 24 2.484 18.592 6.638 -2.275 18.938 6.229 -2.2425 20.8289 4.4326 -2.036 17.098 9.295
5 24 4.5 30.6547 -2.3423 7.044 32.569 -4.208 4.5 29.3279 -4.3279 6.574 33.432 -.708
5 24 -1.64 29.914 -14.136 -1.64 32.746 -12.265 -1.64 29.494 -9.618 -1.6117 33.2912 -14.8135
5 24 -1.376 33.574 -15.817 -.89 33.055 -16.148 -1.573 29.855 -14.47 -.89 35.874 -16.48
5 24 1.918 15.659 -10.161 -2.116 15.524 -10.131 1.955 15.101 -9.969 -2.003 16.264 -10.096
5 24 -4.069 32.767 -12.46 -5.278 35.539 -11.355 -3.377 36.139 -14.083 -4.758 32.689 -11.406
5 24 -4.947 28.999 -9.824 -1.64 27.416 -10.294 -3.962 26.986 -10.371 -1.64 29.494 -9.618
5 24 .86 27.187 -13.894 3.628 23.333 -8.37 .86 22.22 -9.542 2.694 27.993 -12.425
5 24 -2.902 15.321 5.712 -2.003 16.265 10.095 -2.036 17.098 9.295 -2.084 15.674 10.163
5 24 -.89 35.874 -16.48 .86 32.566 -16.044 .86 35.874 -16.48 -.89 33.055 -16.148
5 24 -2.868 15.865 5.256 -2.275 18.938 6.229 -2.902 15.321 5.712 -2.8 17.341 3.486
5 24 -2.822 17.041 -3.801 .01 17.063 -3.763 .0217 19.2443 -1.8349 -2.858 15.409 -5.949
5 24 -2.036 17.098 9.295 2.484 18.592 6.638 2.079 17.098 9.295 -2.275 18.938 6.229
5 24 -2.003 16.265 10.095 1.93 16.251 10.1 -2.036 17.098 9.295 1.918 15.662 10.162
5 24 2.694 27.993 -12.425 5.019 29.197 -9.634 5.082 26.221 -8.363 3.011 34.719 -14.223
5 24 2.719 20.8288 -4.4326 2.7333 17.9415 -4.812 2.8058 18.6122 -4.0683 2.485 18.597 -6.632
5 24 6.574 33.432 -.708 4.5 31.1206 0 4.915 32.36 4.34 4.5 30.6548 -2.3424
5 24 .86 27.187 -13.894 -.89 26.56 -13.391 .86 22.22 -9.542 -.89 33.055 -16.148
5 24 -3.136 13.939 5.584 -4 7.294 4 -3.978 9.514 1.9 -2.22 15.101 9.969
5 24 -3.978 9.514 1.9 -4 7.294 4 -4 4 0 -3.136 13.939 5.584
5 24 -2.564 21.769 -7.833 -1.5256 22.6576 -5.6548 -.89 22.0225 -5.2303 -4.749 25.441 -8.427
5 24 -6.843 36.17 -6.201 -7.073 32.557 -4.229 -6.721 35.614 -8.145 -6.859 33.418 -1.765
5 24 4.118 14.771 -1.168 4.122 14.316 .654 4.12 14.316 -.672 4.123 14.771 1.15
5 24 4.547 45.043 -17.117 4.547 42.729 -15.677 4.914 45.748 -15.943 3.374 42.125 -16.682
5 24 4 13.81 4 2.753 12.732 4 2.672 17.092 4.939 4 6.483 4
5 24 -2.116 15.524 -10.131 -2.858 15.409 -5.949 -2.895 15.013 -6.152 -2.003 16.264 -10.096
5 24 6.108 36.273 -1.552 4.915 32.36 4.34 6.574 33.432 -.708 4.948 39.709 -1.485
5 24 3.628 23.333 -8.37 2.694 27.993 -12.425 5.082 26.221 -8.363 .86 27.187 -13.894
5 24 -5.971 32.744 -9.127 -1.64 32.367 -8.492 -1.64 32.729 -9.092 -6.182 32.322 -8.492
5 24 4.547 48.786 -13.263 4.547 54.281 -16.683 4.844 48.213 -14.216 3.159 49.501 -12.073
5 24 5.779 16.914 -1.547 4.118 17.201 -1.543 5.887 17.54 -1.768 4.118 15.408 -1.389
5 24 4.915 32.36 4.34 3.468 37.998 2.609 3.08 34.124 5.915 4.948 39.709 -1.485
5 24 -.89 36.446 7.179 .86 39.919 4.517 -.89 40.589 3.909 .86 35.613 7.694
5 24 4.123 14.771 1.15 5.414 14.769 1.165 4.124 15.408 1.37 5.335 14.314 .665
5 24 -1.64 41.021 2.463 -2.98 41.66 -.291 -.89 43.192 .293 -3.372 39.42 1.561
5 24 3.377 36.139 -14.083 -3.377 36.139 -14.083 -5.278 35.539 -11.355 2.236 36.679 -15.315
5 24 .86 32.1 8.981 -.89 31.54 9.14 -.89 27.118 9.59 .86 35.613 7.694
5 24 .045 36.482 -14.866 0 50.12 -23.369 -2.625 50.492 -22.772 2.625 50.492 -22.772
5 24 -7.073 32.557 -4.229 -6.721 35.614 -8.145 -6.843 36.17 -6.201 -6.773 30.859 -6.286
5 24 -1.64 35.508 .218 -4.529 35.119 3.203 -1.64 35.141 3.111 -5.627 35.485 .672
5 24 2.484 18.592 6.638 2.672 17.092 4.939 2.079 17.098 9.295 2.7235 17.9468 4.7965
5 24 -2.625 55.297 -15.052 -2.625 37.4656 -3.9499 -1.9692 37.5138 -3.7759 -3.237 45.192 -9.483
5 24 -1.64 41.021 2.463 -.89 40.589 3.909 -.89 43.192 .293 -1.64 39.529 4.025
5 24 -6.773 30.859 -6.286 -4.2285 27.3424 -5.6548 -4.5 29.3279 -4.3279 -6.068 28.683 -7.596
5 24 2.8421 18.6968 3.589 5.999 18.128 3.066 4.127 18.475 2.895 2.8272 18.6593 3.8949
5 24 -6.163 31.754 -8.37 -6.773 30.859 -6.286 -6.019 31.314 -8.576 -6.182 32.322 -8.492
5 24 2.672 17.089 -4.947 1.955 15.101 -9.969 2.753 12.688 -4 2.079 17.098 -9.295
5 24 2.625 55.297 -15.052 2.625 37.4647 -3.9515 0 55.668 -14.455 3.2792 42.9238 -8.1213
5 24 -.89 22.073 -9.337 .86 22.22 -9.542 -.89 26.56 -13.391 .86 20.313 -6.379
5 24 6.419 29.837 -6.929 5.182 35.539 -11.355 6.55 35.614 -8.145 5.019 29.197 -9.634
5 24 3.137 25 -6.1206 5.082 26.221 -8.363 3.628 23.333 -8.37 4.2285 27.3424 -5.6548
5 24 -2.2425 20.8289 4.4326 2.484 18.592 6.638 -2.275 18.938 6.229 2.7245 20.8289 4.4326
5 24 -3.008 14.47 -5.959 -4.01 7.294 -4 -3.981 9.493 -1.888 -2.22 15.101 -9.969
5 24 2.7235 17.9468 4.7965 5.861 17.316 4.116 2.672 17.092 4.939 5.973 17.973 3.578
5 24 3.08 34.124 5.915 3.468 37.998 2.609 4.915 32.36 4.34 .86 35.613 7.694
5 24 -1.64 32.729 -9.092 -5.971 32.744 -9.127 -1.64 32.367 -8.492 -4.758 32.689 -11.406
5 24 -4.991 39.709 -1.485 -3.372 39.42 1.561 -4.699 38.034 .56 -2.98 41.66 -.291
5 24 -1.64 37.006 -.382 -4.699 38.034 .56 -5.556 37.006 -.382 -1.64 38.888 1.217
5 24 -1.64 38.888 1.217 -3.372 39.42 1.561 -4.699 38.034 .56 -1.64 41.021 2.463
5 24 -1.64 24.87 -10.508 -1.558 26.49 -12.754 -1.64 26.853 -12.552 -1.507 23.5 -10.376
5 24 -4.699 38.034 .56 -1.64 38.888 1.217 -3.372 39.42 1.561 -1.64 37.006 -.382
5 24 4 -3.812 6.603 -4 -3.812 6.603 4 0 7.625 -4 -4.258 6.331
5 24 -2.564 21.769 -7.833 -2.386 24.317 -10.478 -4.749 25.441 -8.427 -1.507 23.5 -10.376
5 24 -2.564 21.769 -7.833 -.89 22.0225 -5.2303 -1.5256 22.6576 -5.6548 -.89 20.313 -6.379
5 24 -2.287 36.674 -15.295 -1.376 33.574 -15.817 -1.68 36.697 -15.834 -3.377 36.139 -14.083
5 24 -5.93 35.826 -.362 -1.64 35.86 -.422 -5.627 35.485 .672 -5.771 36.635 -.605
5 24 -1.64 26.853 -12.552 -1.558 26.49 -12.754 -1.64 29.914 -14.136 -1.64 24.87 -10.508
5 24 2.349 29.076 8.721 .86 32.1 8.981 4 31.299 6.394 .86 27.118 9.59
5 24 1.564 36.674 -15.908 -2.287 36.674 -15.295 2.236 36.679 -15.315 -1.68 36.697 -15.834
5 24 4.669 10.512 -3.196 4 10.497 -3.313 4 13.741 -4 4.001 6.643 -3.315
5 24 .86 39.919 4.517 3.468 37.998 2.609 .86 35.613 7.694 3.016 41.66 -.291
5 24 .01 8.841 0 -4 8.88 .599 .01 9.451 1.707 -4 8.882 -.607
5 24 -6.859 33.418 -1.765 -4.5 31.1206 0 -4.5 30.6548 -2.3424 -5.965 33.223 1.535
5 24 2.7333 17.9415 -4.812 5.74 16.721 -4.306 2.672 17.089 -4.947 5.858 17.405 -4.128
5 24 -6.182 32.322 -8.492 -6.773 30.859 -6.286 -6.163 31.754 -8.37 -6.721 35.614 -8.145
5 24 4.866 43.927 -11.64 5.25 52.894 -18.912 4.877 41.636 -10.264 4.844 48.213 -14.216
5 24 .86 20.313 -6.379 1.5256 22.6576 -5.6548 .86 22.0225 -5.2303 3.628 23.333 -8.37
5 24 -1.64 32.591 8.32 -2.768 29.605 8.384 -3.22 34.151 5.855 -.89 31.54 9.14
5 24 6.368 37.644 -3.64 -6.368 37.644 -3.64 -4.991 39.709 -1.485 6.843 36.17 -6.201
5 24 -4.085 31.371 6.281 -4.529 35.119 3.203 -5.965 33.223 1.535 -3.22 34.151 5.855
5 24 2.8421 18.6968 3.589 2.896 18.8794 0 2.843 19.3452 2.3424 2.8411 18.6948 -3.598
5 24 -3.8705 30.6548 2.3424 -4.085 31.371 6.281 -5.965 33.223 1.535 -2.5285 29.3279 4.3279
5 24 -3.978 9.514 1.9 .01 9.451 1.707 -3.136 13.939 5.584 -4 8.88 .599
5 24 6.419 29.837 -6.929 6.55 35.614 -8.145 5.182 35.539 -11.355 7.044 32.569 -4.208
5 24 -2.625 36.077 -13.799 -2.625 50.492 -22.772 -1.849 36.139 -14.083 -3.374 42.125 -16.682
5 24 6.574 33.432 -.708 6.368 37.644 -3.64 7.044 32.569 -4.208 6.108 36.273 -1.552
5 24 -3.377 36.139 -14.083 -4.069 32.767 -12.46 -1.376 33.574 -15.817 -5.278 35.539 -11.355
5 24 4.915 32.36 4.34 3.08 34.124 5.915 3.468 37.998 2.609 4 31.299 6.394
5 24 4.948 39.709 -1.485 3.468 37.998 2.609 4.915 32.36 4.34 3.016 41.66 -.291
5 24 -5.278 35.539 -11.355 5.182 35.539 -11.355 3.377 36.139 -14.083 -6.721 35.614 -8.145
5 24 -5.278 35.539 -11.355 -4.758 32.689 -11.406 -4.069 32.767 -12.46 -5.971 32.744 -9.127
5 24 3.011 34.719 -14.223 2.236 36.679 -15.315 1.564 36.674 -15.908 3.377 36.139 -14.083
5 24 -4.5 31.1206 0 -5.965 33.223 1.535 -3.8705 30.6548 2.3424 -6.859 33.418 -1.765
5 24 -1.64 32.591 8.32 -.89 36.446 7.179 -1.64 37.365 5.803 -.89 31.54 9.14
5 24 -2.036 17.098 9.295 2.079 17.098 9.295 2.484 18.592 6.638 1.93 16.251 10.1
5 24 -6.859 33.418 -1.765 -4.5 30.6548 -2.3424 -7.073 32.557 -4.229 -4.5 31.1206 0
5 24 -4.069 32.767 -12.46 -1.64 32.746 -12.265 -1.6117 33.2912 -14.8135 -4.758 32.689 -11.406
5 24 -1.507 23.5 -10.376 -2.564 21.769 -7.833 -.89 22.073 -9.337 -2.386 24.317 -10.478
5 24 -5.93 35.826 -.362 -6.368 37.644 -3.64 -6.859 33.418 -1.765 -5.771 36.635 -.605
5 24 -1.64 29.914 -14.136 -1.6117 33.2912 -14.8135 -1.573 29.855 -14.47 -1.64 32.746 -12.265
5 24 -4 -3.812 -6.603 4 -3.812 -6.603 -4 0 -7.625 4 -4.258 -6.331
5 24 .01 15.313 5.701 -2.902 15.321 5.712 .01 14.606 5.82 -2.868 15.865 5.256
5 24 -1.64 35.86 -.422 -5.627 35.485 .672 -1.64 35.508 .218 -5.93 35.826 -.362
5 24 -.89 27.3424 5.6548 -2.768 29.605 8.384 -4.085 31.371 6.281 -.89 27.118 9.59
5 24 1.955 15.101 -9.969 2.753 12.688 -4 2.672 17.089 -4.947 2.753 7.294 -4
5 24 -1.64 31.508 -8.462 -6.163 31.754 -8.37 -6.019 31.314 -8.576 -1.64 31.9 -8.358
5 24 -2.902 15.321 5.712 -2.275 18.938 6.229 -2.868 15.865 5.256 -2.036 17.098 9.295
5 24 .01 15.072 -6.157 -2.895 15.013 -6.152 .01 14.689 -6.098 -2.858 15.409 -5.949
5 24 -1.507 23.5 -10.376 -.89 26.56 -13.391 -1.558 26.49 -12.754 -.89 22.073 -9.337
5 24 5.019 29.197 -9.634 5.082 26.221 -8.363 2.694 27.993 -12.425 6.419 29.837 -6.929
5 24 2.8272 18.6593 3.8949 5.973 17.973 3.578 2.8046 18.5645 4.1897 5.999 18.128 3.066
5 24 -6.182 32.322 -8.492 -1.64 31.9 -8.358 -6.163 31.754 -8.37 -1.64 32.367 -8.492
5 24 5.887 17.54 -1.768 4.117 17.85 -1.766 4.118 17.201 -1.543 5.963 17.987 -2.261
5 24 -1.64 29.914 -14.136 -1.558 26.49 -12.754 -1.64 26.853 -12.552 -1.573 29.855 -14.47
5 24 -5.771 36.635 -.605 -1.64 36.56 -.624 -1.64 35.86 -.422 -5.556 37.006 -.382
5 24 -5.965 33.223 1.535 -3.8705 30.6548 2.3424 -4.085 31.371 6.281 -4.5 31.1206 0
5 24 -1.573 29.855 -14.47 -1.64 29.914 -14.136 -1.6117 33.2912 -14.8135 -1.558 26.49 -12.754
5 24 -6.019 31.314 -8.576 -1.64 31.508 -8.462 -1.64 29.494 -9.618 -6.163 31.754 -8.37
5 24 .01 14.689 -6.098 -3.008 14.47 -5.959 -3.981 9.493 -1.888 -2.895 15.013 -6.152
5 24 -2.902 15.321 5.712 -2.036 17.098 9.295 -2.003 16.265 10.095 -2.275 18.938 6.229
5 24 7.044 32.569 -4.208 4.5 29.3279 -4.3279 4.5 30.6548 -2.3424 6.419 29.837 -6.929
5 24 -2.895 15.013 -6.152 .01 14.689 -6.098 -3.008 14.47 -5.959 .01 15.072 -6.157
5 24 -4 4 0 -3.981 9.493 -1.888 -4.01 7.294 -4 -4 8.882 -.607
5 24 4 31.299 6.394 .86 35.613 7.694 .86 32.1 8.981 3.08 34.124 5.915
5 24 -5.971 32.744 -9.127 -5.278 35.539 -11.355 -4.758 32.689 -11.406 -6.721 35.614 -8.145
5 24 -1.68 36.697 -15.834 1.564 36.674 -15.908 -2.287 36.674 -15.295 .997 36.256 -16.373
5 24 -3.22 34.151 5.855 -4.085 31.371 6.281 -4.529 35.119 3.203 -2.768 29.605 8.384
5 24 -3.962 26.986 -10.371 -1.64 24.87 -10.508 -1.64 27.416 -10.294 -2.386 24.317 -10.478
5 24 -1.376 33.574 -15.817 -.89 35.874 -16.48 -1.042 36.269 -16.36 -.89 33.055 -16.148
5 24 -7.073 32.557 -4.229 -4.5 30.6548 -2.3424 -6.773 30.859 -6.286 -6.859 33.418 -1.765
5 24 4.948 39.709 -1.485 4.915 32.36 4.34 3.468 37.998 2.609 6.108 36.273 -1.552
5 24 4.121 14.151 -.009 5.305 14.151 -.012 4.122 14.316 .654 5.332 14.314 -.69
5 24 -3.136 13.939 5.584 .01 13.936 5.568 .01 9.451 1.707 -3 14.612 5.835
5 24 .01 9.451 1.707 -3.136 13.939 5.584 .01 13.936 5.568 -3.978 9.514 1.9
5 24 5.519 15.408 -1.413 4.118 15.408 -1.389 4.118 14.771 -1.168 5.779 16.914 -1.547
5 24 -2.858 15.409 -5.949 -2.035 17.098 -9.295 -2.003 16.264 -10.096 -2.274 18.936 -6.233
5 24 -2.003 16.264 -10.096 1.918 15.659 -10.161 -2.116 15.524 -10.131 1.93 16.25 -10.1
5 24 -.89 36.446 7.179 -1.64 37.365 5.803 -1.64 39.529 4.025 -1.64 32.591 8.32
5 24 4.12 14.316 -.672 5.332 14.314 -.69 4.121 14.151 -.009 5.409 14.768 -1.188
5 24 2.7245 20.8289 4.4326 2.8046 18.5645 4.1897 2.484 18.592 6.638 2.8272 18.6593 3.8949
5 24 4.915 32.36 4.34 2.5285 29.3279 4.3279 3.8705 30.6548 2.3424 4 31.299 6.394
5 24 -.89 27.3424 5.6548 -4.085 31.371 6.281 -2.768 29.605 8.384 -2.5285 29.3279 4.3279
5 24 -.89 31.54 9.14 .86 35.613 7.694 -.89 36.446 7.179 .86 32.1 8.981
5 24 -6.368 37.644 -3.64 -5.771 36.635 -.605 -4.991 39.709 -1.485 -5.93 35.826 -.362
5 24 -4.947 28.999 -9.824 -4.749 25.441 -8.427 -3.962 26.986 -10.371 -6.068 28.683 -7.596
5 24 -.89 31.54 9.14 -1.64 32.591 8.32 -.89 36.446 7.179 -2.768 29.605 8.384
5 24 1.93 16.25 -10.1 -2.003 16.264 -10.096 1.918 15.659 -10.161 -2.035 17.098 -9.295
5 24 -1.042 36.269 -16.36 -1.376 33.574 -15.817 -.89 35.874 -16.48 -1.68 36.697 -15.834
5 24 3.8705 30.6548 2.3424 4.915 32.36 4.34 4.5 31.1206 0 2.5285 29.3279 4.3279
5 24 -4.547 44.509 -10.6 -4.547 42.239 -9.187 -3.2792 42.9 -8.106 -4.866 43.893 -11.619
5 24 -1.64 26.853 -12.552 -1.64 24.87 -10.508 -1.64 27.416 -10.294 -1.558 26.49 -12.754
5 24 -2.386 24.317 -10.478 -4.749 25.441 -8.427 -3.962 26.986 -10.371 -2.564 21.769 -7.833
5 24 1.918 15.662 10.162 -2.084 15.674 10.163 1.955 15.101 9.969 -2.003 16.265 10.095
5 24 -2.868 15.865 5.256 .01 15.863 5.243 -2.8 17.341 3.486 .01 15.313 5.701
5 24 -.89 40.589 3.909 .86 39.919 4.517 .86 43.192 .293 -.89 36.446 7.179
5 24 -6.721 35.614 -8.145 -6.182 32.322 -8.492 -5.971 32.744 -9.127 -6.773 30.859 -6.286
5 24 6.368 37.644 -3.64 6.108 36.273 -1.552 6.574 33.432 -.708 4.948 39.709 -1.485
5 24 -1.64 27.416 -10.294 -3.962 26.986 -10.371 -4.947 28.999 -9.824 -1.64 24.87 -10.508
5 24 2.625 50.492 -22.772 2.625 36.077 -13.799 3.416 44.461 -18.086 .045 36.482 -14.866
5 24 4 3.812 -6.603 -4 3.812 -6.603 -4 6.483 -4 4 0 -7.625
5 24 -2.895 15.013 -6.152 -2.22 15.101 -9.969 -2.116 15.524 -10.131 -3.008 14.47 -5.959
5 24 -.89 26.56 -13.391 -1.558 26.49 -12.754 -1.507 23.5 -10.376 -1.573 29.855 -14.47
5 24 .997 36.256 -16.373 3.011 34.719 -14.223 .86 35.874 -16.48 1.564 36.674 -15.908
5 24 6.419 29.837 -6.929 5.019 29.197 -9.634 5.082 26.221 -8.363 5.182 35.539 -11.355
5 24 -6.859 33.418 -1.765 -6.843 36.17 -6.201 -6.368 37.644 -3.64 -7.073 32.557 -4.229
5 24 -4.547 54.281 -16.683 -4.547 48.754 -13.243 -5.25 52.894 -18.912 -3.159 49.479 -12.059
5 24 -4 6.483 -4 -4 4 0 -4 4 -4 -4.01 7.294 -4
5 24 6.574 33.432 -.708 6.108 36.273 -1.552 4.915 32.36 4.34 6.368 37.644 -3.64
5 24 6.55 35.614 -8.145 -6.721 35.614 -8.145 5.182 35.539 -11.355 -6.843 36.17 -6.201
5 24 5.741 16.622 4.275 2.672 17.092 4.939 4 13.81 4 5.861 17.316 4.116
5 24 -1.64 35.508 .218 -5.627 35.485 .672 -1.64 35.86 -.422 -4.529 35.119 3.203
5 24 -6.843 36.17 -6.201 6.843 36.17 -6.201 6.55 35.614 -8.145 -6.368 37.644 -3.64
5 24 -1.64 35.141 3.111 -4.529 35.119 3.203 -1.64 35.508 .218 -3.22 34.151 5.855
5 24 2.485 18.597 -6.632 -2.274 18.936 -6.233 -2.247 20.8288 -4.4326 2.079 17.098 -9.295
5 24 3.011 34.719 -14.223 5.019 29.197 -9.634 2.694 27.993 -12.425 5.182 35.539 -11.355
5 24 -1.6117 33.2912 -14.8135 -1.573 29.855 -14.47 -1.64 29.914 -14.136 -1.376 33.574 -15.817
5 24 -6.068 28.683 -7.596 -4.2285 27.3424 -5.6548 -3.137 25 -6.1206 -6.773 30.859 -6.286
5 24 -2.8 17.341 3.486 .01 17.355 3.458 -2.6185 19.2475 1.8513 .01 15.863 5.243
5 24 -4 8.88 .599 -4 4 0 -3.978 9.514 1.9 -4 8.882 -.607
5 24 6.419 29.837 -6.929 4.5 29.3279 -4.3279 7.044 32.569 -4.208 4.2285 27.3424 -5.6548
5 24 5.182 35.539 -11.355 3.011 34.719 -14.223 3.377 36.139 -14.083 5.019 29.197 -9.634
2 24 -1.376 33.574 -15.817 -1.573 29.855 -14.47
5 24 -3.358 38.614 -5.531 -2.625 37.4656 -3.9499 -3.2792 42.9 -8.106 -4.547 37.993 -6.545
5 24 4.127 18.475 2.895 2.8421 18.6968 3.589 2.8411 18.6948 -3.598 5.999 18.128 3.066
5 24 -4.529 35.119 3.203 -5.965 33.223 1.535 -4.085 31.371 6.281 -5.627 35.485 .672
5 24 -.89 40.589 3.909 -1.64 39.529 4.025 -.89 36.446 7.179 -1.64 41.021 2.463
5 24 -1.6117 33.2912 -14.8135 -4.069 32.767 -12.46 -1.376 33.574 -15.817 -1.64 32.746 -12.265
5 24 -4.991 39.709 -1.485 -5.771 36.635 -.605 -6.368 37.644 -3.64 -5.556 37.006 -.382
5 24 3.377 36.139 -14.083 3.011 34.719 -14.223 5.182 35.539 -11.355 2.236 36.679 -15.315
5 24 -4.01 7.294 -4 -3.981 9.493 -1.888 -3.008 14.47 -5.959 -4 4 0
5 24 3.137 25 -6.1206 3.628 23.333 -8.37 5.082 26.221 -8.363 1.5256 22.6576 -5.6548
5 24 -4.547 51.507 -21.14 -4.547 49.257 -19.74 -4.935 50 -18.497 -3.495 48.747 -20.661
5 24 -1.573 29.855 -14.47 -.89 33.055 -16.148 -.89 26.56 -13.391 -1.376 33.574 -15.817
5 24 2.8058 18.6122 -4.0683 5.969 18.039 -3.437 5.858 17.405 -4.128 2.8411 18.6948 -3.598
5 24 .86 27.187 -13.894 -.89 33.055 -16.148 -.89 26.56 -13.391 .86 32.566 -16.044
5 24 4.547 36.5053 -5.6184 4.547 38.025 -6.565 4.727 36.17 -6.201 3.358 38.638 -5.546
5 24 4 31.299 6.394 3.08 34.124 5.915 .86 35.613 7.694 4.915 32.36 4.34
5 24 4 6.483 -4 4.001 6.643 -3.315 4.001 6.561 3.3 4 10.497 -3.313
5 24 6.843 36.17 -6.201 7.044 32.569 -4.208 6.55 35.614 -8.145 6.368 37.644 -3.64
5 24 4.547 38.484 -13.034 4.547 35.542 -11.203 4.416 35.539 -11.355 4.881 39.127 -11.964
5 24 4 10.497 3.298 4.683 10.512 3.176 4 13.81 4 4.001 6.561 3.3
5 24 6.419 29.837 -6.929 4.2285 27.3424 -5.6548 5.082 26.221 -8.363 4.5 29.3279 -4.3279
5 24 .01 14.689 -6.098 -3.981 9.493 -1.888 -3.008 14.47 -5.959 .01 9.451 -1.707
5 24 3.2792 42.9238 -8.1213 3.237 45.215 -9.498 4.547 42.271 -9.207 2.625 55.297 -15.052
5 24 6.108 36.273 -1.552 4.948 39.709 -1.485 4.915 32.36 4.34 6.368 37.644 -3.64
5 24 4.547 51.507 -21.14 4.547 49.288 -19.759 4.935 50.034 -18.518 3.495 48.747 -20.661
5 24 5.999 18.128 3.066 4.127 18.475 2.895 5.972 17.987 2.235 2.8421 18.6968 3.589
5 24 .86 43.192 .293 -.89 40.589 3.909 .86 39.919 4.517 -.89 43.192 .293
5 24 .01 8.841 0 -4 8.882 -.607 -4 8.88 .599 .01 9.451 -1.707
5 24 -2.22 15.101 -9.969 -3.008 14.47 -5.959 -4.01 7.294 -4 -2.895 15.013 -6.152
5 24 5.25 35.614 -8.156 5.25 52.894 -18.912 4.866 43.927 -11.64 4.902 43.413 -14.539
5 24 5.082 26.221 -8.363 2.694 27.993 -12.425 5.019 29.197 -9.634 3.628 23.333 -8.37
2 24 -1.558 26.49 -12.754 -1.507 23.5 -10.376
5 24 -3.981 9.493 -1.888 .01 9.451 -1.707 .01 14.689 -6.098 -4 8.882 -.607
5 24 -4.547 35.542 -11.203 -4.547 38.452 -13.014 -4.881 39.093 -11.943 -4.416 35.539 -11.355
5 24 4.115 18.475 -2.913 5.99 18.151 -2.912 2.8411 18.6948 -3.598 4.116 18.309 -2.263
5 24 5.969 18.039 -3.437 2.8411 18.6948 -3.598 2.8058 18.6122 -4.0683 5.99 18.151 -2.912
5 24 .86 39.919 4.517 3.016 41.66 -.291 3.468 37.998 2.609 .86 43.192 .293
5 24 -5.556 37.006 -.382 -1.64 37.006 -.382 -4.699 38.034 .56 -1.64 36.56 -.624
5 24 -3.377 36.139 -14.083 -1.376 33.574 -15.817 -4.069 32.767 -12.46 -2.287 36.674 -15.295
5 24 -6.068 28.683 -7.596 -6.019 31.314 -8.576 -6.773 30.859 -6.286 -4.947 28.999 -9.824
5 24 2.8046 18.5645 4.1897 2.484 18.592 6.638 2.7245 20.8289 4.4326 2.7235 17.9468 4.7965
5 24 -2.858 15.409 -5.949 -2.003 16.264 -10.096 -2.035 17.098 -9.295 -2.116 15.524 -10.131
5 24 4 3.812 6.603 -4 3.812 6.603 4 6.483 4 -4 0 7.625
5 24 5.019 29.197 -9.634 5.182 35.539 -11.355 6.419 29.837 -6.929 3.011 34.719 -14.223
5 24 3.468 37.998 2.609 3.016 41.66 -.291 4.948 39.709 -1.485 .86 39.919 4.517
5 24 2.672 17.092 4.939 5.861 17.316 4.116 2.7235 17.9468 4.7965 5.741 16.622 4.275
5 24 2.079 17.098 -9.295 -2.035 17.098 -9.295 -2.274 18.936 -6.233 1.93 16.25 -10.1
5 24 -5.627 35.485 .672 -5.965 33.223 1.535 -4.529 35.119 3.203 -5.93 35.826 -.362
5 24 -4 0 -7.625 4 0 -7.625 -4 3.812 -6.603 4 -3.812 -6.603
5 24 -3.137 25 -6.1206 -4.749 25.441 -8.427 -6.068 28.683 -7.596 -1.5256 22.6576 -5.6548
5 24 -4.547 45.011 -17.097 -4.547 42.697 -15.657 -3.374 42.125 -16.682 -4.914 45.714 -15.921
5 24 -4 8.882 -.607 .01 9.451 -1.707 .01 8.841 0 -3.981 9.493 -1.888
5 24 5.973 17.973 3.578 2.7235 17.9468 4.7965 5.861 17.316 4.116 2.8046 18.5645 4.1897
5 24 -2.8 17.341 3.486 -2.275 18.938 6.229 -2.868 15.865 5.256 -2.6185 19.2475 1.8513
5 24 -1.64 29.914 -14.136 -1.64 26.853 -12.552 -1.558 26.49 -12.754 -1.64 27.416 -10.294
5 24 1.955 15.101 -9.969 -2.116 15.524 -10.131 1.918 15.659 -10.161 -2.22 15.101 -9.969
5 24 -1.64 32.729 -9.092 -4.758 32.689 -11.406 -1.64 32.746 -12.265 -5.971 32.744 -9.127
5 24 4.902 43.413 -14.539 5.25 35.614 -8.156 4.914 45.748 -15.943 4.881 39.127 -11.964
5 24 3.08 34.124 5.915 .86 35.613 7.694 4 31.299 6.394 3.468 37.998 2.609
5 24 -.89 27.118 9.59 .86 32.1 8.981 .86 27.118 9.59 -.89 31.54 9.14
5 24 -1.64 31.9 -8.358 -6.163 31.754 -8.37 -6.182 32.322 -8.492 -1.64 31.508 -8.462
5 24 -4.5 29.3279 -4.3279 -6.773 30.859 -6.286 -4.2285 27.3424 -5.6548 -4.5 30.6548 -2.3424
5 24 -2.275 18.938 6.229 -2.6185 19.2475 1.8513 -2.2425 20.8289 4.4326 -2.8 17.341 3.486
5 24 -2.98 41.66 -.291 -3.372 39.42 1.561 -4.991 39.709 -1.485 -1.64 41.021 2.463
5 24 -1.5256 22.6576 -5.6548 -4.749 25.441 -8.427 -3.137 25 -6.1206 -2.564 21.769 -7.833
5 24 2.694 27.993 -12.425 3.011 34.719 -14.223 .86 32.566 -16.044 5.019 29.197 -9.634
5 24 2.896 18.8794 0 2.8411 18.6948 -3.598 2.8421 18.6968 3.589 2.8435 19.3452 -2.3424
5 24 -4 8.88 .599 .01 9.451 1.707 -3.978 9.514 1.9 .01 8.841 0
5 24 2.753 12.688 -4 4 13.741 -4 2.672 17.089 -4.947 4 6.483 -4
5 24 .01 15.398 -5.948 -2.858 15.409 -5.949 .01 17.063 -3.763 .01 15.072 -6.157
5 24 4.125 17.849 1.748 5.894 17.54 1.742 4.126 18.31 2.246 5.786 16.914 1.521
5 24 .86 35.613 7.694 -.89 36.446 7.179 -.89 31.54 9.14 .86 39.919 4.517
5 24 -1.64 32.746 -12.265 -4.758 32.689 -11.406 -1.64 32.729 -9.092 -4.069 32.767 -12.46
5 24 5.525 15.408 1.388 4.124 15.408 1.37 5.414 14.769 1.165 4.124 17.201 1.525
5 24 -4.991 39.709 -1.485 -5.556 37.006 -.382 -4.699 38.034 .56 -5.771 36.635 -.605
5 24 1.955 15.101 9.969 2.079 17.098 9.295 2.753 7.294 4 1.918 15.662 10.162
5 24 .997 36.256 -16.373 -1.68 36.697 -15.834 -1.042 36.269 -16.36 1.564 36.674 -15.908
5 24 -3 14.612 5.835 .01 14.606 5.82 .01 13.936 5.568 -2.902 15.321 5.712
5 24 1.955 15.101 9.969 -2.22 15.101 9.969 -2.084 15.674 10.163 -4 7.294 4
5 24 4 31.299 6.394 2.5285 29.3279 4.3279 4.915 32.36 4.34 .86 27.3424 5.6548
5 24 -6.859 33.418 -1.765 -5.93 35.826 -.362 -5.965 33.223 1.535 -6.368 37.644 -3.64
5 24 -5.965 33.223 1.535 -5.93 35.826 -.362 -6.859 33.418 -1.765 -5.627 35.485 .672
5 24 -.89 26.56 -13.391 -1.573 29.855 -14.47 -.89 33.055 -16.148 -1.558 26.49 -12.754
5 24 2.625 55.297 -15.052 3.237 45.215 -9.498 3.159 49.501 -12.073 2.625 37.4647 -3.9515
5 24 4.116 18.309 -2.263 4.126 18.31 2.246 4.115 18.475 -2.913 4.125 17.849 1.748
5 24 5.972 17.987 2.235 4.127 18.475 2.895 4.126 18.31 2.246 5.999 18.128 3.066
5 24 -2.274 18.936 -6.233 -2.858 15.409 -5.949 -2.035 17.098 -9.295 -2.822 17.041 -3.801
5 24 2.672 17.089 -4.947 5.74 16.721 -4.306 2.7333 17.9415 -4.812 4 13.741 -4
5 24 5.786 16.914 1.521 4.124 17.201 1.525 4.125 17.849 1.748 5.525 15.408 1.388
5 24 -.115 27.107 9.566 .76 27.3424 5.6548 -.99 27.118 9.59 .76 27.118 9.59
5 24 .86 22.22 -9.542 3.628 23.333 -8.37 .86 27.187 -13.894 .86 20.313 -6.379
5 24 -1.64 39.529 4.025 -.89 36.446 7.179 -.89 40.589 3.909 -1.64 37.365 5.803
5 24 2.8046 18.5645 4.1897 5.973 17.973 3.578 2.8272 18.6593 3.8949 2.7235 17.9468 4.7965
5 24 1.5256 22.6576 -5.6548 3.628 23.333 -8.37 3.137 25 -6.1206 .86 20.313 -6.379
5 24 -.89 31.54 9.14 -2.768 29.605 8.384 -.89 27.118 9.59 -1.64 32.591 8.32
5 24 -2.287 36.674 -15.295 2.236 36.679 -15.315 1.564 36.674 -15.908 -3.377 36.139 -14.083
5 24 2.8272 18.6593 3.8949 5.999 18.128 3.066 5.973 17.973 3.578 2.8421 18.6968 3.589
5 24 4.118 14.771 -1.168 5.409 14.768 -1.188 4.12 14.316 -.672 5.519 15.408 -1.413
5 24 5.99 18.151 -2.912 2.8411 18.6948 -3.598 4.115 18.475 -2.913 5.969 18.039 -3.437
5 24 -5.971 32.744 -9.127 -6.721 35.614 -8.145 -6.182 32.322 -8.492 -5.278 35.539 -11.355
5 24 -3.2792 42.9 -8.106 -3.237 45.192 -9.483 -4.547 44.509 -10.6 -2.625 37.4656 -3.9499
5 24 .86 35.874 -16.48 -1.042 36.269 -16.36 -.89 35.874 -16.48 .997 36.256 -16.373
5 24 -2.564 21.769 -7.833 -.89 22.073 -9.337 -1.507 23.5 -10.376 -.89 20.313 -6.379
5 24 -4.991 39.709 -1.485 4.948 39.709 -1.485 6.368 37.644 -3.64 -2.98 41.66 -.291
5 24 .86 32.566 -16.044 2.694 27.993 -12.425 3.011 34.719 -14.223 .86 27.187 -13.894
5 24 4 0 7.625 -4 0 7.625 4 3.812 6.603 -4 -3.812 6.603
5 24 4.915 32.36 4.34 4.5 31.1206 0 6.574 33.432 -.708 3.8705 30.6548 2.3424
5 24 2.079 17.098 -9.295 -2.274 18.936 -6.233 -2.035 17.098 -9.295 2.485 18.597 -6.632
5 24 4.5 30.6547 -2.3423 6.574 33.432 -.708 7.044 32.569 -4.208 4.5 31.1206 0
5 24 4 6.483 4 4.001 6.561 3.3 4 6.483 -4 4 10.497 3.298
5 24 -1.64 36.56 -.624 -5.556 37.006 -.382 -5.771 36.635 -.605 -1.64 37.006 -.382
5 24 2.672 17.092 4.939 2.079 17.098 9.295 2.753 7.294 4 2.484 18.592 6.638
5 24 -.89 43.192 .293 -1.64 41.021 2.463 -.89 40.589 3.909 -2.98 41.66 -.291
5 24 -2.822 17.041 -3.801 -2.274 18.936 -6.233 -2.6183 19.2461 -1.8442 -2.858 15.409 -5.949
2 24 1.2437 37.3102 -4.22 2.2981 37.6691 -3.6138
2 24 2.625 37.4647 -3.9515 1.965 37.5524 -3.7992
2 24 1.9692 51.5048 -12.4845 1.9686 37.5192 -3.7797
2 24 -1.2437 37.3101 -4.2201 -2.2982 37.6692 -3.6137
2 24 -1.965 37.5526 -3.7987 -2.625 37.4656 -3.9499
2 24 -2.5669 19.3452 2.3424 -2.2668 20.6721 4.3279
2 24 -2.2668 20.6721 4.3279 -2.2425 20.8289 4.4326
2 24 -2.5669 19.3452 2.3424 -2.6185 19.2475 1.8513
2 24 -2.5664 19.3452 -2.3424 -2.6183 19.2461 -1.8442
2 24 -2.2709 20.6721 -4.3279 -2.247 20.8288 -4.4326
2 24 -2.5664 19.3452 -2.3424 -2.2709 20.6721 -4.3279
2 24 2.719 20.8288 -4.4326 2.7291 20.6721 -4.3279
2 24 2.7291 20.6721 -4.3279 2.8435 19.3452 -2.3424
2 24 2.7338 20.6721 4.3279 2.843 19.3452 2.3424
2 24 2.7338 20.6721 4.3279 2.7245 20.8289 4.4326
5 24 2.7245 20.8289 4.4326 2.8272 18.6593 3.8949 2.8046 18.5645 4.1897 2.8421 18.6968 3.589
5 24 2.843 19.3452 2.3424 2.8421 18.6968 3.589 2.7245 20.8289 4.4326 2.896 18.8794 0
5 24 2.8411 18.6948 -3.598 2.8435 19.3452 -2.3424 2.896 18.8794 0 2.719 20.8288 -4.4326
5 24 2.719 20.8288 -4.4326 2.8058 18.6122 -4.0683 2.8411 18.6948 -3.598 2.7333 17.9415 -4.812
5 24 2.485 18.597 -6.632 2.7333 17.9415 -4.812 2.672 17.089 -4.947 2.719 20.8288 -4.4326
5 24 4 0 4 -4 0 4 4 -1.818 3.597 4 1.5308 3.6956
5 24 -4 0 -4 4 0 -4 4 -1.818 -3.597 4 1.5308 -3.6956
