0 Electric Mindstorms RCX Module (Needs Work)
0 Name: 883.dat
0 Author: John Van Zwieten [jvan]
0 !LDRAW_ORG Unofficial_Part
0 !LICENSE Redistributable under CCAL version 2.0 : see CAreadme.txt

0 BFC CERTIFY CCW

0 !HISTORY 1999-03-26 [PTadmin] Official Update 1999-02
0 !HISTORY 2007-07-23 [PTadmin] Header formatted for Contributor Agreement
0 !HISTORY 2008-07-01 [PTadmin] Official Update 2008-01
0 !HISTORY 2014-11-21 [roland] Auto-corrected with libfix version of LDCad 1.4
0 !HISTORY 2017-01-04 [MagFors] Made BFC,

0 // Left Half
0 // Front Left Face
0 // Needs to be divided into parts

2 24 -60 46 -120 -80 46 -120
2 24 -80 16 -120 -80 46 -120
2 24 -60 46 -118 -78 46 -118
2 24 -78 46 -118 -78 46 118
2 24 -60 46 -118 -60 12 -118
4 16 -60 46 -120 -60 8 -120 -80 16 -120 -80 46 -120
1 16 -60 27 -119 0 -1 0 0 0 19 -1 0 0 rect2a.dat
1 16 -60 10 -114 0 -1 0 2 0 0 0 0 4 rect1.dat
4 16 -78 46 -118 -60 46 -118 -60 46 -120 -80 46 -120
4 16 -78 46 -118 -80 46 -120 -80 46 120 -78 46 118
1 16 -35 10 -110 25 0 0 0 0 2 0 1 0 rect.dat
1 16 -10 10 -105 0 -1 0 2 0 0 0 0 5 rect.dat
0 // Left Face
2 24 -80 16 -120 -80 16 -40
2 24 -80 8 120 -80 46 120
1 16 -80 26 -60 0 1 0 8 0 0 0 0 8 4-4ndis.dat
1 16 -80 26 40 0 1 0 8 0 0 0 0 8 4-4ndis.dat
4 16 -80 34 -68 -80 34 -120 -80 18 -120 -80 18 -68
4 16 -80 34 32 -80 34 -52 -80 18 -52 -80 18 32
4 16 -80 18 120 -80 34 120 -80 34 48 -80 18 48
4 16 -80 18 120 -80 18 -120 -80 16 -120 -80 16 120
1 16 -80 40 0 0 1 0 6 0 0 0 0 -120 rect1.dat
1 16 -80 14 -10 0 1 0 0 0 -2 -30 0 0 rect3.dat
1 16 -80 12 90 0 1 0 0 0 -4 -30 0 0 rect2a.dat
0 // Left Angled Face and Holes
2 24 -60 0 120 -80 8 120
1 16 -75 10 -10 5 0 0 -2 1 0 0 0 30 rect.dat
1 16 -70 12 -100 -10 0 0 4 1 0 0 0 -20 rect3.dat
2 24 -80 16 20 -60 8 20
1 16 -64 9.6 40 4 0 0 -1.6 1 0 0 0 20 rect1.dat
1 16 -78.5 15.4 40 -1.5 0 0 0.6 1 0 0 0 -20 rect1.dat
1 16 -72.5 13 54 0 0 4.5 0 1 -1.8 -6 0 0 rect1.dat
1 16 -72.5 13 26 0 0 -4.5 0 1 1.8 6 0 0 rect1.dat
2 24 -68 20.32 48 -77 20.32 48
2 24 -68 20.32 32 -77 20.32 32
2 24 -68 20.32 48 -68 11.2 48
2 24 -68 20.32 32 -68 11.2 32
2 24 -77 20.32 48 -77 14.8 48
2 24 -77 20.32 32 -77 14.8 32
4 16 -77 14.8 48 -77 20.32 48 -68 20.32 48 -68 11.2 48
4 16 -68 20.32 32 -77 20.32 32 -77 14.8 32 -68 11.2 32
1 16 -77 15.4 40 0 -1 0 -0.6 0 0 0 0 -8 rect1.dat
1 16 -68 13.6 40 0 1 0 -2.4 0 0 0 0 8 rect1.dat
1 16 -68 26 40 0 1 0 0 0 -10 -10 0 0 2-4edge.dat
1 16 -77 26 40 0 1 0 0 0 -10 -10 0 0 2-4edge.dat
1 16 -68 26 40 0 1 0 0 0 -10 -10 0 0 2-4ndis.dat
1 16 -77 26 40 0 -1 0 0 0 -10 -10 0 0 2-4ndis.dat
1 16 -77 26 40 0 9 0 0 0 -10 -10 0 0 2-4cyli.dat
1 16 -80 26 40 0 1 0 0 0 -8 -8 0 0 4-4edge.dat
1 16 -78 26 40 0 1 0 0 0 -8 -8 0 0 4-4edge.dat
1 16 -78 26 40 0 1 0 0 0 -6 -6 0 0 4-4edge.dat
1 16 -72 26 40 0 1 0 0 0 -6 -6 0 0 4-4edge.dat
1 16 -72 26 40 0 1 0 0 0 -8 -8 0 0 2-4edge.dat
1 16 -68 26 40 0 1 0 0 0 -8 -8 0 0 2-4edge.dat
0 BFC INVERTNEXT
1 16 -80 26 40 0 2 0 0 0 -8 -8 0 0 4-4cyli.dat
1 16 -78 26 40 0 1 0 0 0 -2 -2 0 0 4-4ring3.dat
0 BFC INVERTNEXT
1 16 -78 26 40 0 6 0 0 0 -6 -6 0 0 4-4cyli.dat
1 16 -72 26 40 0 1 0 0 0 -2 -2 0 0 4-4ring3.dat
0 BFC INVERTNEXT
1 16 -72 26 40 0 4 0 0 0 -8 -8 0 0 2-4cyli.dat
1 16 -68 26 40 0 1 0 0 0 -8 -8 0 0 2-4disc.dat
4 16 -68 26 32 -68 26 48 -68 36 48 -68 36 32
4 16 -68 26 32 -68 36 32 -72 36 32 -72 26 32
4 16 -68 26 48 -68 36 48 -72 36 48 -72 26 48
2 24 -60 8 -40 -80 16 -40
1 16 -64 9.6 -60 4 0 0 -1.6 1 0 0 0 20 rect1.dat
1 16 -78.5 15.4 -60 -1.5 0 0 0.6 1 0 0 0 -20 rect1.dat
1 16 -72.5 13 -46 0 0 4.5 0 1 -1.8 -6 0 0 rect1.dat
1 16 -72.5 13 -74 0 0 -4.5 0 1 1.8 6 0 0 rect1.dat
2 24 -68 20.32 -52 -77 20.32 -52
2 24 -68 20.32 -68 -77 20.32 -68
2 24 -68 20.32 -52 -68 11.2 -52
2 24 -68 20.32 -68 -68 11.2 -68
2 24 -77 20.32 -52 -77 14.8 -52
2 24 -77 20.32 -68 -77 14.8 -68
4 16 -77 14.8 -52 -77 20.32 -52 -68 20.32 -52 -68 11.2 -52
4 16 -68 20.32 -68 -77 20.32 -68 -77 14.8 -68 -68 11.2 -68
1 16 -77 15.4 -60 0 -1 0 -0.6 0 0 0 0 -8 rect1.dat
1 16 -68 13.6 -60 0 1 0 -2.4 0 0 0 0 8 rect1.dat
1 16 -68 26 -60 0 1 0 0 0 -10 -10 0 0 2-4edge.dat
1 16 -77 26 -60 0 1 0 0 0 -10 -10 0 0 2-4edge.dat
1 16 -68 26 -60 0 1 0 0 0 -10 -10 0 0 2-4ndis.dat
1 16 -77 26 -60 0 -1 0 0 0 -10 -10 0 0 2-4ndis.dat
1 16 -77 26 -60 0 9 0 0 0 -10 -10 0 0 2-4cyli.dat
1 16 -80 26 -60 0 1 0 0 0 -8 -8 0 0 4-4edge.dat
1 16 -78 26 -60 0 1 0 0 0 -8 -8 0 0 4-4edge.dat
1 16 -78 26 -60 0 1 0 0 0 -6 -6 0 0 4-4edge.dat
1 16 -72 26 -60 0 1 0 0 0 -6 -6 0 0 4-4edge.dat
1 16 -72 26 -60 0 1 0 0 0 -8 -8 0 0 2-4edge.dat
1 16 -68 26 -60 0 1 0 0 0 -8 -8 0 0 2-4edge.dat
0 BFC INVERTNEXT
1 16 -80 26 -60 0 2 0 0 0 -8 -8 0 0 4-4cyli.dat
1 16 -78 26 -60 0 1 0 0 0 -2 -2 0 0 4-4ring3.dat
0 BFC INVERTNEXT
1 16 -78 26 -60 0 6 0 0 0 -6 -6 0 0 4-4cyli.dat
1 16 -72 26 -60 0 1 0 0 0 -2 -2 0 0 4-4ring3.dat
0 BFC INVERTNEXT
1 16 -72 26 -60 0 4 0 0 0 -8 -8 0 0 2-4cyli.dat
1 16 -68 26 -60 0 1 0 0 0 -8 -8 0 0 2-4disc.dat
4 16 -68 26 -68 -68 26 -52 -68 36 -52 -68 36 -68
4 16 -68 26 -68 -68 36 -68 -72 36 -68 -72 26 -68
4 16 -68 26 -52 -68 36 -52 -72 36 -52 -72 26 -52
0 // Left Angled Faces Connecting Faces
1 16 -70 8 60 -10 0 0 4 0 4 0 1 0 rect2p.dat
4 16 -80 12 -40 -80 16 -40 -60 8 -40 -70 8 -40
4 16 -60 8 20 -80 16 20 -80 12 20 -70 8 20
0 // Left Buttons Face
0 // Button hole
1 16 -58 8 9 10 0 0 0 1 0 0 0 1 2-4edge.dat
1 16 -58 8 -1 10 0 0 0 -1 0 0 0 -1 2-4edge.dat
1 16 -58 8 9 10 0 0 0 1 0 0 0 1 2-4ndis.dat
1 16 -58 8 -1 10 0 0 0 1 0 0 0 -1 2-4ndis.dat
1 16 -58 8 9 10 0 0 0 4 0 0 0 1 2-4cyli.dat
1 16 -58 8 -1 -10 0 0 0 4 0 0 0 -1 2-4cyli.dat
1 16 -68 10 4 0 1 0 0 0 -2 -5 0 0 rect.dat
1 16 -48 10 4 0 -1 0 0 0 2 -5 0 0 rect.dat
0 // Button hole
1 16 -58 8 -17 10 0 0 0 1 0 0 0 1 2-4edge.dat
1 16 -58 8 -27 10 0 0 0 -1 0 0 0 -1 2-4edge.dat
1 16 -58 8 -17 10 0 0 0 1 0 0 0 1 2-4ndis.dat
1 16 -58 8 -27 10 0 0 0 1 0 0 0 -1 2-4ndis.dat
1 16 -58 8 -17 10 0 0 0 4 0 0 0 1 2-4cyli.dat
1 16 -58 8 -27 -10 0 0 0 4 0 0 0 -1 2-4cyli.dat
1 16 -68 10 -22 0 1 0 0 0 -2 -5 0 0 rect.dat
1 16 -48 10 -22 0 -1 0 0 0 2 -5 0 0 rect.dat
4 16 -68 8 20 -70 8 20 -70 8 -40 -68 8 -40
4 16 -40 8 20 -48 8 20 -48 8 -40 -40 8 -40
4 16 -48 8 10 -48 8 20 -68 8 20 -68 8 10
4 16 -48 8 -16 -48 8 -2 -68 8 -2 -68 8 -16
4 16 -48 8 -40 -48 8 -28 -68 8 -28 -68 8 -40
0 // Left Top Face
2 24 -12 0 120 -12 0 110
4 16 -10 8 -110 -10 8 -100 -60 8 -100 -60 8 -110
1 16 -60 8.5 -60 0 1 0 0.5 0 0 0 0 20 rect.dat
4 16 -60 9 -40 -59 9 -41 -59 9 -79 -60 9 -80
1 16 -60 8.5 40 0 1 0 0.5 0 0 0 0 20 rect.dat
4 16 -60 9 20 -59 9 21 -59 9 59 -60 9 60
1 16 -36 0 90 0 0 -24 0 1 0 30 0 0 rect2a.dat
0 // Left Back Face
2 24 -12 2 117 -12 34 117
3 16 -12 2 117 -12 0 117 -12 0 109
4 16 -80 8 120 -60 0 120 -12 0 120 -12 34 120
3 16 -80 34 120 -80 8 120 -12 34 120
1 16 -12 17 118.5 0 -1 0 0 0 -17 1.5 0 0 rect1.dat
0 // Right Half
0 // Front Right Face
2 24 60 46 -120 80 46 -120
2 24 80 16 -120 80 46 -120
2 24 60 46 -118 78 46 -118
2 24 78 46 -118 78 46 118
2 24 60 46 -118 60 12 -118
4 16 80 16 -120 60 8 -120 60 46 -120 80 46 -120
1 16 60 27 -119 0 1 0 19 0 0 0 0 -1 rect2a.dat
1 16 60 10 -114 0 1 0 2 0 0 0 0 -4 rect1.dat
4 16 60 46 -120 60 46 -118 78 46 -118 80 46 -120
4 16 80 46 120 80 46 -120 78 46 -118 78 46 118
1 16 35 10 -110 -25 0 0 0 0 2 0 1 0 rect.dat
1 16 10 10 -105 0 1 0 2 0 0 0 0 5 rect.dat
0 // Right Face
2 24 80 16 -120 80 16 -40
2 24 80 8 120 80 46 120
1 16 80 26 -60 0 -1 0 8 0 0 0 0 8 4-4ndis.dat
1 16 80 26 40 0 -1 0 8 0 0 0 0 8 4-4ndis.dat
4 16 80 18 -120 80 34 -120 80 34 -68 80 18 -68
4 16 80 18 -52 80 34 -52 80 34 32 80 18 32
4 16 80 34 48 80 34 120 80 18 120 80 18 48
4 16 80 16 -120 80 18 -120 80 18 120 80 16 120
1 16 80 40 0 0 -1 0 6 0 0 0 0 120 rect1.dat
1 16 80 14 -10 0 -1 0 0 0 -2 30 0 0 rect3.dat
1 16 80 12 90 0 -1 0 -4 0 0 0 0 -30 rect2a.dat
0 // Right Angled Face and Holes
2 24 60 0 120 80 8 120
1 16 75 10 -10 -5 0 0 -2 1 0 0 0 30 rect.dat
1 16 70 12 -100 -10 0 0 -4 1 0 0 0 -20 rect3.dat
2 24 80 16 20 60 8 20
1 16 64 9.6 40 -4 0 0 -1.6 1 0 0 0 -20 rect1.dat
1 16 78.5 15.4 40 1.5 0 0 0.6 1 0 0 0 20 rect1.dat
1 16 72.5 13 54 0 0 4.5 0 1 1.8 -6 0 0 rect1.dat
1 16 72.5 13 26 0 0 -4.5 0 1 -1.8 6 0 0 rect1.dat
2 24 68 20.32 48 77 20.32 48
2 24 68 20.32 32 77 20.32 32
2 24 68 20.32 48 68 11.2 48
2 24 68 20.32 32 68 11.2 32
2 24 77 20.32 48 77 14.8 48
2 24 77 20.32 32 77 14.8 32
4 16 68 20.32 48 77 20.32 48 77 14.8 48 68 11.2 48
4 16 77 14.8 32 77 20.32 32 68 20.32 32 68 11.2 32
1 16 77 15.4 40 0 1 0 -0.6 0 0 0 0 8 rect1.dat
1 16 68 13.6 40 0 -1 0 -2.4 0 0 0 0 -8 rect1.dat
1 16 68 26 40 0 -1 0 0 0 -10 -10 0 0 2-4edge.dat
1 16 77 26 40 0 -1 0 0 0 -10 -10 0 0 2-4edge.dat
1 16 68 26 40 0 -1 0 0 0 -10 -10 0 0 2-4ndis.dat
1 16 77 26 40 0 1 0 0 0 -10 -10 0 0 2-4ndis.dat
1 16 77 26 40 0 -9 0 0 0 -10 -10 0 0 2-4cyli.dat
1 16 80 26 40 0 -1 0 0 0 -8 -8 0 0 4-4edge.dat
1 16 78 26 40 0 -1 0 0 0 -8 -8 0 0 4-4edge.dat
1 16 78 26 40 0 -1 0 0 0 -6 -6 0 0 4-4edge.dat
1 16 72 26 40 0 -1 0 0 0 -6 -6 0 0 4-4edge.dat
1 16 72 26 40 0 -1 0 0 0 -8 -8 0 0 2-4edge.dat
1 16 68 26 40 0 -1 0 0 0 -8 -8 0 0 2-4edge.dat
0 BFC INVERTNEXT
1 16 80 26 40 0 -2 0 0 0 -8 -8 0 0 4-4cyli.dat
1 16 78 26 40 0 -1 0 0 0 -2 -2 0 0 4-4ring3.dat
0 BFC INVERTNEXT
1 16 78 26 40 0 -6 0 0 0 -6 -6 0 0 4-4cyli.dat
1 16 72 26 40 0 1 0 0 0 -2 -2 0 0 4-4ring3.dat
0 BFC INVERTNEXT
1 16 72 26 40 0 -4 0 0 0 -8 -8 0 0 2-4cyli.dat
1 16 68 26 40 0 -1 0 0 0 -8 -8 0 0 2-4disc.dat
4 16 68 36 48 68 26 48 68 26 32 68 36 32
4 16 72 36 32 68 36 32 68 26 32 72 26 32
4 16 68 26 48 68 36 48 72 36 48 72 26 48
2 24 60 8 -40 80 16 -40
1 16 64 9.6 -60 -4 0 0 -1.6 1 0 0 0 -20 rect1.dat
1 16 78.5 15.4 -60 1.5 0 0 0.6 1 0 0 0 20 rect1.dat
1 16 72.5 13 -46 0 0 4.5 0 1 1.8 -6 0 0 rect1.dat
1 16 72.5 13 -74 0 0 -4.5 0 1 -1.8 6 0 0 rect1.dat
2 24 68 20.32 -52 77 20.32 -52
2 24 68 20.32 -68 77 20.32 -68
2 24 68 20.32 -52 68 11.2 -52
2 24 68 20.32 -68 68 11.2 -68
2 24 77 20.32 -52 77 14.8 -52
2 24 77 20.32 -68 77 14.8 -68
4 16 68 20.32 -52 77 20.32 -52 77 14.8 -52 68 11.2 -52
4 16 77 14.8 -68 77 20.32 -68 68 20.32 -68 68 11.2 -68
1 16 77 15.4 -60 0 1 0 -0.6 0 0 0 0 8 rect1.dat
1 16 68 13.6 -60 0 -1 0 -2.4 0 0 0 0 -8 rect1.dat
1 16 68 26 -60 0 -1 0 0 0 -10 -10 0 0 2-4edge.dat
1 16 77 26 -60 0 -1 0 0 0 -10 -10 0 0 2-4edge.dat
1 16 68 26 -60 0 -1 0 0 0 -10 -10 0 0 2-4ndis.dat
1 16 77 26 -60 0 1 0 0 0 -10 -10 0 0 2-4ndis.dat
1 16 77 26 -60 0 -9 0 0 0 -10 -10 0 0 2-4cyli.dat
1 16 80 26 -60 0 -1 0 0 0 -8 -8 0 0 4-4edge.dat
1 16 78 26 -60 0 -1 0 0 0 -8 -8 0 0 4-4edge.dat
1 16 78 26 -60 0 -1 0 0 0 -6 -6 0 0 4-4edge.dat
1 16 72 26 -60 0 -1 0 0 0 -6 -6 0 0 4-4edge.dat
1 16 72 26 -60 0 -1 0 0 0 -8 -8 0 0 2-4edge.dat
1 16 68 26 -60 0 -1 0 0 0 -8 -8 0 0 2-4edge.dat
0 BFC INVERTNEXT
1 16 80 26 -60 0 -2 0 0 0 -8 -8 0 0 4-4cyli.dat
1 16 78 26 -60 0 -1 0 0 0 -2 -2 0 0 4-4ring3.dat
0 BFC INVERTNEXT
1 16 78 26 -60 0 -6 0 0 0 -6 -6 0 0 4-4cyli.dat
1 16 72 26 -60 0 1 0 0 0 -2 -2 0 0 4-4ring3.dat
0 BFC INVERTNEXT
1 16 72 26 -60 0 -4 0 0 0 -8 -8 0 0 2-4cyli.dat
1 16 68 26 -60 0 -1 0 0 0 -8 -8 0 0 2-4disc.dat
4 16 68 36 -52 68 26 -52 68 26 -68 68 36 -68
4 16 72 36 -68 68 36 -68 68 26 -68 72 26 -68
4 16 68 26 -52 68 36 -52 72 36 -52 72 26 -52
0 // Right Angled Faces Connecting Faces
1 16 70 8 60 -10 0 0 -4 0 4 0 1 0 rect2p.dat
4 16 60 8 -40 80 16 -40 80 12 -40 70 8 -40
4 16 80 12 20 80 16 20 60 8 20 70 8 20
0 // Right Buttons Face
0 // Button hole
1 16 58 8 9 -10 0 0 0 1 0 0 0 1 2-4edge.dat
1 16 58 8 -1 -10 0 0 0 -1 0 0 0 -1 2-4edge.dat
1 16 58 8 9 -10 0 0 0 1 0 0 0 1 2-4ndis.dat
1 16 58 8 -1 -10 0 0 0 1 0 0 0 -1 2-4ndis.dat
1 16 58 8 9 -10 0 0 0 4 0 0 0 1 2-4cyli.dat
1 16 58 8 -1 10 0 0 0 4 0 0 0 -1 2-4cyli.dat
1 16 68 10 4 0 -1 0 0 0 -2 -5 0 0 rect.dat
1 16 48 10 4 0 1 0 0 0 2 -5 0 0 rect.dat
0 // Button hole
1 16 58 8 -17 -10 0 0 0 1 0 0 0 1 2-4edge.dat
1 16 58 8 -27 -10 0 0 0 -1 0 0 0 -1 2-4edge.dat
1 16 58 8 -17 -10 0 0 0 1 0 0 0 1 2-4ndis.dat
1 16 58 8 -27 -10 0 0 0 1 0 0 0 -1 2-4ndis.dat
1 16 58 8 -17 -10 0 0 0 4 0 0 0 1 2-4cyli.dat
1 16 58 8 -27 10 0 0 0 4 0 0 0 -1 2-4cyli.dat
1 16 68 10 -22 0 -1 0 0 0 -2 -5 0 0 rect.dat
1 16 48 10 -22 0 1 0 0 0 2 -5 0 0 rect.dat
4 16 70 8 -40 70 8 20 68 8 20 68 8 -40
4 16 48 8 -40 48 8 20 40 8 20 40 8 -40
4 16 68 8 20 48 8 20 48 8 10 68 8 10
4 16 68 8 -2 48 8 -2 48 8 -16 68 8 -16
4 16 68 8 -28 48 8 -28 48 8 -40 68 8 -40
0 // Right Top Face
2 24 12 0 120 12 0 110
4 16 60 8 -100 10 8 -100 10 8 -110 60 8 -110
1 16 60 8.5 -60 0 -1 0 0.5 0 0 0 0 20 rect.dat
4 16 60 9 -40 59 9 -41 59 9 -79 60 9 -80
1 16 60 8.5 40 0 -1 0 0.5 0 0 0 0 20 rect.dat
4 16 60 9 20 59 9 21 59 9 59 60 9 60
1 16 36 0 90 24 0 0 0 1 0 0 0 30 rect2a.dat
0 // Right Back Face
2 24 12 2 117 12 34 117
3 16 12 0 117 12 2 117 12 0 109
4 16 12 0 120 60 0 120 80 8 120 12 34 120
3 16 80 8 120 80 34 120 12 34 120
1 16 12 17 118.5 0 1 0 0 0 17 1.5 0 0 rect1.dat
4 16 -63 1.2 60 -60 0 60 -60 0 120 -63 1.2 120
4 16 -80 8 120 -80 8 60 -73 5.2 60 -73 5.2 120
4 16 -63 1.2 60 -63 1.2 68 -73 5.2 68 -73 5.2 60
4 16 -73 5.2 110 -63 1.2 110 -63 1.2 120 -73 5.2 120
4 16 64 1.6 120 60 0 120 60 0 60 64 1.6 60
4 16 80 8 60 80 8 120 76 6.4 120 76 6.4 60
4 16 64 1.6 120 64 1.6 112 76 6.4 112 76 6.4 120
4 16 76 6.4 70 64 1.6 70 64 1.6 60 76 6.4 60
0 // Label "RCX 1.0"
0 // Letter R
1 0 61 0.4 73.5 0 0.7 0 0 0.28 1 0.5 0 0 s\letra.dat
1 16 61 10.4 73.5 0 0.7 0 0 0.28 1 0.5 0 0 s\letrb.dat
0 // Letter C
1 0 61 10.4 82 0 0.7 0 0 0.28 1 0.5 0 0 s\letca.dat
1 16 61 10.4 82 0 0.7 0 0 0.28 1 0.5 0 0 s\letcb.dat
0 // Letter X
1 0 61 10.4 90 0 0.7 0 0 0.28 1 0.5 0 0 s\letxa.dat
1 16 61 10.4 90 0 0.7 0 0 0.28 1 0.5 0 0 s\letxb.dat
0 // Number 1 and .
1 0 61 10.4 99.5 0 0.7 0 0 0.28 1 0.5 0 0 s\numb1a.dat
1 0 73.2 5.28 103 -1 0 0 -0.4 1 0 0 0 -1 4-4disc.dat
1 16 73.2 5.28 103 -1 0 0 -0.4 1 0 0 0 -1 4-4ndis.dat
4 16 61 0.4 94.5 65.2 2.08 98 64.85 1.94 99 64.5 1.8 99
4 16 61 0.4 94.5 64.5 1.8 99 64.5 1.8 100 61 0.4 104.5
4 16 61 0.4 104.5 64.5 1.8 100 72.2 4.88 100 72.2 4.88 104.5
4 16 72.2 4.88 102 72.2 4.88 100 74.2 5.68 100 74.2 5.68 102
4 16 77.8 7.12 100 77.8 7.12 104.5 74.2 5.68 104.5 74.2 5.68 100
4 16 77.8 7.12 104.5 74.3 5.72 100 74.3 5.72 99 77.8 7.12 94.5
4 16 77.8 7.12 94.5 74.3 5.72 99 66.25 2.5 99 66.6 2.64 98
4 16 77.8 7.12 94.5 66.6 2.64 98 65.2 2.08 98 61 0.4 94.5
0 // Numeral 0
1 0 61 10.4 108 0 0.7 0 0 0.28 1 0.5 0 0 s\numb0a.dat
1 16 61 10.4 108 0 0.7 0 0 0.28 1 0.5 0 0 s\numb0b.dat
0 // Serial Number "045270"
0 // Numeral 0
1 0 -62 10.8 106 0 -0.5 0 0 0.2 1 -0.4 0 0 s\numb0a.dat
1 16 -62 10.8 106 0 -0.5 0 0 0.2 1 -0.4 0 0 s\numb0b.dat
0 // Numeral 4
1 0 -62 10.8 99.2 0 -0.5 0 0 0.2 1 -0.4 0 0 s\numb4a.dat
1 16 -62 10.8 99.2 0 -0.5 0 0 0.2 1 -0.4 0 0 s\numb4b.dat
0 // Numeral 5
1 0 -60.1579 10.0631 92.4 0 -0.6655 0 0 0.2662 1 -0.4 0 0 s\numb5a.dat
1 16 -60.1579 10.0631 92.4 0 -0.6655 0 0 0.2662 1 -0.4 0 0 s\numb5b.dat
0 // Numeral 2
1 0 -61.7679 10.7072 85.6 0 -0.5 0 0 0.2 1 -0.4 0 0 s\numb2a.dat
1 16 -61.7679 10.7072 85.6 0 -0.5 0 0 0.2 1 -0.4 0 0 s\numb2b.dat
0 // Numeral 7
1 0 -62 10.8 78.4 0 -0.5 0 0 0.2 1 -0.4 0 0 s\numb7a.dat
1 16 -62 10.8 78.4 0 -0.5 0 0 0.2 1 -0.4 0 0 s\numb7b.dat
0 // Numeral 0
1 0 -62 10.8 71.2 0 -0.5 0 0 0.2 1 -0.4 0 0 s\numb0a.dat
1 16 -62 10.8 71.2 0 -0.5 0 0 0.2 1 -0.4 0 0 s\numb0b.dat
0 // Bottom Face
2 24 -78 46 118 78 46 118
4 16 78 46 118 -78 46 118 -80 46 120 80 46 120
0 // Top Center Faces
2 24 -70 8 -40 70 8 -40
2 24 -70 8 20 70 8 20
2 24 -60 0 60 60 0 60
1 16 0 10 -100 10 0 0 0 0 2 0 1 0 rect.dat
1 16 0 8.5 -80 60 0 0 0 0 0.5 0 1 0 rect.dat
1 16 0 8.5 -40 60 0 0 0 0 0.5 0 1 0 rect.dat
1 16 0 8.5 20 60 0 0 0 0 0.5 0 1 0 rect.dat
1 16 0 4.5 60 60 0 0 0 0 4.5 0 1 0 rect.dat
4 16 -60 8 -80 -60 8 -100 60 8 -100 60 8 -80
4 16 12 0 78 -12 0 78 -12 0 60 12 0 60
1 16 0 0 105.5 0 0 -12 0 1 0 3.5 0 0 rect1.dat
0 BFC INVERTNEXT
1 16 0 0 90 12 0 0 0 1 0 0 0 12 box5.dat
1 16 0 1 113 12 0 0 0 1 1 0 0 4 rect.dat
1 16 0 3 117 12 0 0 0 0 1 0 -1 0 rect.dat
1 16 0 34 118.5 12 0 0 0 1 0 0 0 1.5 rect.dat
1 16 0 40 120 0 0 -80 6 0 0 0 -1 0 rect1.dat
0 // Center Display
1 16 0 8 3 40 0 0 0 1 0 0 0 4 2-4edge.dat
1 16 0 8 -23 40 0 0 0 1 0 0 0 -4 2-4edge.dat
1 16 0 8 3 40 0 0 0 1 0 0 0 4 2-4ndis.dat
1 16 0 8 -23 40 0 0 0 1 0 0 0 -4 2-4ndis.dat
1 47 0 8 -10 0 0 40 0 1 0 -13 0 0 rect2p.dat
1 47 0 8 3 40 0 0 0 1 0 0 0 4 2-4disc.dat
1 47 0 8 -23 40 0 0 0 1 0 0 0 -4 2-4disc.dat
0 BFC INVERTNEXT
1 0 0 8 3 40 0 0 0 8 0 0 0 4 2-4cyli.dat
0 BFC INVERTNEXT
1 0 0 8 -23 40 0 0 0 8 0 0 0 -4 2-4cyli.dat
1 0 -40 12 -10 0 -1 0 4 0 0 0 0 13 rect1.dat
1 0 40 12 -10 0 1 0 4 0 0 0 0 -13 rect1.dat
1 7 0 16 3 40 0 0 0 1 0 0 0 4 2-4edge.dat
1 7 0 16 -23 40 0 0 0 1 0 0 0 -4 2-4edge.dat
4 8 -40 16 3 -40 16 -23 40 16 -23 40 16 3
1 8 0 16 3 40 0 0 0 1 0 0 0 4 2-4disc.dat
1 8 0 16 -23 40 0 0 0 1 0 0 0 -4 2-4disc.dat
0 // x
4 16 40 8 -27 35.4 8 -27.04 35.4 8 -40 40 8 -40
4 16 24.6 8 -27.04 5.4 8 -27.04 5.4 8 -40 24.6 8 -40
4 16 40 8 20 35.4 8 19.96 35.4 8 7 40 8 7
4 16 24.6 8 19.96 5.4 8 19.96 5.4 8 7 24.6 8 7
4 16 -35.4 8 -40 -35.4 8 -27.04 -40 8 -27 -40 8 -40
4 16 -5.4 8 -40 -5.4 8 -27.04 -24.6 8 -27.04 -24.6 8 -40
4 16 -35.4 8 7 -35.4 8 19.96 -40 8 20 -40 8 7
4 16 -5.4 8 7 -5.4 8 19.96 -24.6 8 19.96 -24.6 8 7
4 16 -35.4 8 -27.04 35.4 8 -27.04 40 8 -27 -40 8 -27

0 // Port Labels
0 // Numeral 1
1 0 30 18 -40 -0.54 0 0 0 0 1 0 0.54 0 s\numb1a.dat
1 16 30 18 -40 -0.54 0 0 0 0 1 0 0.54 0 s\numb1b.dat
0 // Numeral 2
1 0 0 18 -40 -0.54 0 0 0 0 1 0 0.54 0 s\numb2a.dat
1 16 0 18 -40 -0.54 0 0 0 0 1 0 0.54 0 s\numb2b.dat
0 // Numeral 3
1 0 -30 18 -40 -0.54 0 0 0 0 1 0 0.54 0 s\numb3a.dat
1 16 -30 18 -40 -0.54 0 0 0 0 1 0 0.54 0 s\numb3b.dat
0 // Letter A
1 0 30 18 7 -0.54 0 0 0 0 1 0 0.54 0 s\letaa.dat
1 16 30 18 7 -0.54 0 0 0 0 1 0 0.54 0 s\letab.dat
0 // Letter B
1 0 0 18 7 -0.54 0 0 0 0 1 0 0.54 0 s\letba.dat
1 16 0 18 7 -0.54 0 0 0 0 1 0 0.54 0 s\letbb.dat
0 // Letter C
1 0 -30 18 7 -0.54 0 0 0 0 1 0 0.54 0 s\letca.dat
1 16 -30 18 7 -0.54 0 0 0 0 1 0 0.54 0 s\letcb.dat
0 // Buttons
1 2 -58 4 4 1 0 0 0 1 0 0 0 1 s\883-1.dat
1 7 -58 4 -22 1 0 0 0 1 0 0 0 1 s\883-1.dat
1 0 58 4 -22 1 0 0 0 1 0 0 0 1 s\883-1.dat
1 4 58 4 4 1 0 0 0 1 0 0 0 1 s\883-1.dat
0 // Ports
1 0 -40 8 40 1 0 0 0 1 0 0 0 1 s\883-2.dat
1 0 0 8 40 1 0 0 0 1 0 0 0 1 s\883-2.dat
1 0 40 8 40 1 0 0 0 1 0 0 0 1 s\883-2.dat
1 8 -40 8 -60 1 0 0 0 1 0 0 0 1 s\883-2.dat
1 8 0 8 -60 1 0 0 0 1 0 0 0 1 s\883-2.dat
1 8 40 8 -60 1 0 0 0 1 0 0 0 1 s\883-2.dat
0 // IR Receiver
1 0 -50 10 -112 -8 0 0 0 0 -2 0 -1 0 1-4edge.dat
1 0 -20 10 -112 8 0 0 0 0 -2 0 -1 0 1-4edge.dat
2 8 -12 10 -112 -58 10 -112
1 0 -50 47 -119 -8 0 0 0 1 0 0 0 -2 1-4edge.dat
1 0 -20 47 -119 8 0 0 0 1 0 0 0 -2 1-4edge.dat
2 8 -58 10 -119 -58 47 -119
2 8 -12 10 -119 -12 47 -119
2 8 -8 10 -119 -8 10 -102
2 8 -60 10 -119 -60 10 -110
2 8 -10 10 -110 -10 10 -100
1 0 -50 10 -112 -8 0 0 0 0 -2 0 -1 0 1-4disc.dat
1 0 -20 10 -112 8 0 0 0 0 -2 0 -1 0 1-4disc.dat
1 0 -35 9 -112 0 0 15 -1 0 0 0 -1 0 rect1.dat
1 0 -50 47 -119 -8 0 0 0 -1 0 0 0 -2 1-4disc.dat
1 0 -20 47 -119 8 0 0 0 -1 0 0 0 -2 1-4disc.dat
1 0 -35 47 -120 0 0 -15 0 -1 0 -1 0 0 rect1.dat
1 0 -30 47 -118.5 -30 0 0 0 -1 0 0 0 0.5 rect2a.dat
1 0 -50 10 -112 -8 0 0 0 0 -2 0 -7 0 1-4cyli.dat
1 0 -20 10 -112 8 0 0 0 0 -2 0 -7 0 1-4cyli.dat
4 0 -20 8 -119 -20 8 -112 -50 8 -112 -50 8 -119
1 0 -50 10 -119 -8 0 0 0 37 0 0 0 -2 1-4cyli.dat
1 0 -20 10 -119 8 0 0 0 37 0 0 0 -2 1-4cyli.dat
1 0 -50 10 -119 -8 0 0 0 0 -2 0 -2 0 1-8sphe.dat
1 0 -20 10 -119 8 0 0 0 0 -2 0 -2 0 1-8sphe.dat
1 0 -20 10 -119 0 -30 0 0 0 -2 -2 0 0 1-4cyli.dat
4 0 -20 47 -121 -20 10 -121 -50 10 -121 -50 47 -121
0 // x
1 0 -59 10 -115.5 1 0 0 0 1 0 0 0 3.5 rect1.dat
1 0 -11 10 -115.5 -1 0 0 0 1 0 0 0 -3.5 rect1.dat
1 0 -35 10 -111 0 0 -25 0 1 0 1 0 0 rect1.dat
4 0 -8 10 -102 -10 10 -100 -10 10 -119 -8 10 -119
1 0 -59 28.5 -119 1 0 0 0 0 18.5 0 1 0 rect.dat
1 0 -10 28.5 -119 2 0 0 0 0 18.5 0 1 0 rect.dat
0 // x
1 0 50 10 -112 8 0 0 0 0 -2 0 -1 0 1-4edge.dat
1 0 20 10 -112 -8 0 0 0 0 -2 0 -1 0 1-4edge.dat
2 8 12 10 -112 58 10 -112
1 0 50 47 -119 8 0 0 0 1 0 0 0 -2 1-4edge.dat
1 0 20 47 -119 -8 0 0 0 1 0 0 0 -2 1-4edge.dat
2 8 58 10 -119 58 47 -119
2 8 12 10 -119 12 47 -119
2 8 8 10 -119 8 10 -102
2 8 60 10 -119 60 10 -110
2 8 10 10 -110 10 10 -100
1 0 50 10 -112 8 0 0 0 0 -2 0 -1 0 1-4disc.dat
1 0 20 10 -112 -8 0 0 0 0 -2 0 -1 0 1-4disc.dat
1 0 35 9 -112 0 0 15 -1 0 0 0 -1 0 rect1.dat
1 0 50 47 -119 8 0 0 0 -1 0 0 0 -2 1-4disc.dat
1 0 20 47 -119 -8 0 0 0 -1 0 0 0 -2 1-4disc.dat
1 0 35 47 -120 0 0 -15 0 -1 0 -1 0 0 rect1.dat
1 0 30 47 -118.5 0 0 30 0 -1 0 0.5 0 0 rect2a.dat
1 0 50 10 -112 8 0 0 0 0 -2 0 -7 0 1-4cyli.dat
1 0 20 10 -112 -8 0 0 0 0 -2 0 -7 0 1-4cyli.dat
4 0 50 8 -112 20 8 -112 20 8 -119 50 8 -119
1 0 50 10 -119 8 0 0 0 37 0 0 0 -2 1-4cyli.dat
1 0 20 10 -119 -8 0 0 0 37 0 0 0 -2 1-4cyli.dat
1 0 50 10 -119 8 0 0 0 0 -2 0 -2 0 1-8sphe.dat
1 0 20 10 -119 -8 0 0 0 0 -2 0 -2 0 1-8sphe.dat
1 0 20 10 -119 0 30 0 0 0 -2 -2 0 0 1-4cyli.dat
4 0 50 10 -121 20 10 -121 20 47 -121 50 47 -121
0 // x
1 0 59 10 -115.5 -1 0 0 0 1 0 0 0 -3.5 rect1.dat
1 0 11 10 -115.5 1 0 0 0 1 0 0 0 3.5 rect1.dat
1 0 35 10 -111 0 0 -25 0 1 0 1 0 0 rect1.dat
4 0 10 10 -119 10 10 -100 8 10 -102 8 10 -119
1 0 59 28.5 -119 -1 0 0 0 0 18.5 0 1 0 rect.dat
1 0 10 28.5 -119 -2 0 0 0 0 18.5 0 1 0 rect.dat
0 // x
2 8 -10 10 -100 10 10 -100
1 0 0 10 -102 -8 0 0 0 0 -2 0 -1 0 2-4edge.dat
1 0 0 47 -119 -8 0 0 0 1 0 0 0 -2 2-4edge.dat
1 0 0 10 -102 -8 0 0 0 0 -2 0 -1 0 2-4disc.dat
1 0 0 47 -119 -8 0 0 0 -1 0 0 0 -2 2-4disc.dat
1 0 0 10 -102 -8 0 0 0 0 -2 0 -17 0 2-4cyli.dat
1 0 0 10 -119 -8 0 0 0 37 0 0 0 -2 2-4cyli.dat
1 0 0 10 -119 -8 0 0 0 0 -2 0 -2 0 1-8sphe.dat
1 0 0 10 -119 8 0 0 0 0 -2 0 -2 0 1-8sphe.dat
4 0 8 10 -102 10 10 -100 -10 10 -100 -8 10 -102
0 // A/C Plug-in
1 0 0 19 119 -12 0 0 0 0 -15 0 -28 0 box5.dat
1 0 0 16 119 -8 0 0 0 0 -8 0 -1 0 4-4edge.dat
1 0 0 16 117 -5.66 0 5.66 5.66 0 5.66 0 1 0 1-4edge.dat
1 0 0 16 95 5.66 0 5.66 5.66 0 -5.66 0 1 0 3-4edge.dat
1 0 0 16 95 5.66 0 5.66 5.66 0 -5.66 0 -1 0 4-4disc.dat
0 BFC INVERTNEXT
1 0 0 16 95 5.66 0 5.66 5.66 0 -5.66 0 24 0 3-4cyli.dat
0 BFC INVERTNEXT
1 0 0 16 117 -5.66 0 5.66 5.66 0 5.66 0 2 0 1-4cyli.dat
1 0 0 16 117 -8 0 0 0 0 8 0 1 0 1-4ndis.dat
1 0 0 29.657 106 5.657 0 0 0 1 0 0 0 11 rect3.dat
1 0 0 25.657 95 -5.657 0 0 0 0 -4 0 -1 0 rect3.dat
1 0 5.657 25.657 106 0 1 0 -4 0 0 0 0 11 rect2a.dat
1 0 -5.657 25.657 106 0 -1 0 0 0 -4 11 0 0 rect2a.dat
1 0 0 16 119 -8 0 0 0 0 8 0 -1 0 4-4ndis.dat
4 0 -8 8 119 -12 4 119 12 4 119 8 8 119
4 0 -8 24 119 -12 34 119 -12 4 119 -8 8 119
4 0 8 24 119 12 34 119 -12 34 119 -8 24 119
4 0 8 8 119 12 4 119 12 34 119 8 24 119
0 // Metal parts
1 14 0 16 119 -2 0 0 0 0 -2 0 -1 0 4-4edge.dat
1 14 0 16 119 -2 0 0 0 0 -2 0 -28 0 4-4cyli.dat
1 14 0 16 119 -2 0 0 0 0 -2 0 -1 0 4-4disc.dat
1 14 0 23 111 -5 0 0 0 1 -3 0 0 -7 rect.dat
0 // x
1 16 -50 0 110 1 0 0 0 1 0 0 0 1 stud.dat
1 16 -50 0 90 1 0 0 0 1 0 0 0 1 stud.dat
1 16 -50 0 70 1 0 0 0 1 0 0 0 1 stud.dat
1 16 -30 0 110 1 0 0 0 1 0 0 0 1 stud.dat
1 16 -30 0 90 1 0 0 0 1 0 0 0 1 stud.dat
1 16 -30 0 70 1 0 0 0 1 0 0 0 1 stud.dat
1 16 -10 0 70 1 0 0 0 1 0 0 0 1 stud.dat
1 16 10 0 70 1 0 0 0 1 0 0 0 1 stud.dat
1 16 30 0 110 1 0 0 0 1 0 0 0 1 stud.dat
1 16 30 0 90 1 0 0 0 1 0 0 0 1 stud.dat
1 16 30 0 70 1 0 0 0 1 0 0 0 1 stud.dat
1 16 50 0 110 1 0 0 0 1 0 0 0 1 stud.dat
1 16 50 0 90 1 0 0 0 1 0 0 0 1 stud.dat
1 16 50 0 70 1 0 0 0 1 0 0 0 1 stud.dat
1 16 -50 8 -90 1 0 0 0 1 0 0 0 1 stud.dat
1 16 -30 8 -90 1 0 0 0 1 0 0 0 1 stud.dat
1 16 -10 8 -90 1 0 0 0 1 0 0 0 1 stud.dat
1 16 10 8 -90 1 0 0 0 1 0 0 0 1 stud.dat
1 16 30 8 -90 1 0 0 0 1 0 0 0 1 stud.dat
1 16 50 8 -90 1 0 0 0 1 0 0 0 1 stud.dat

0 // Battery box (Needs work)
1 2 0 42 0 78 0 0 0 2 0 0 0 118 box5.dat
1 2 0 44 0 72 0 0 0 8 0 0 0 112 box4.dat
1 2 0 52 0 76 0 0 0 1 0 0 0 116 rect.dat
1 2 76 53.5 0 0 -1 0 -1.5 0 0 0 0 -116 rect2p.dat
1 2 74 55 108 2 0 0 0 -1 0 0 0 5 rect.dat
1 2 74 55 55 2 0 0 0 -1 0 0 0 45 rect.dat
1 2 74 55 -43 2 0 0 0 -1 0 0 0 50 rect.dat
1 2 74 55 -104.5 2 0 0 0 -1 0 0 0 8.5 rect.dat
1 2 72 72 108 0 -1 0 17 0 0 0 0 5 rect.dat
1 2 72 72 55 0 -1 0 17 0 0 0 0 45 rect.dat
1 2 72 72 -43 0 -1 0 17 0 0 0 0 50 rect.dat
2 10 72 55 -96 72 55 -113
2 10 72 55 -110 72 69 -113
4 2 72 55 -113 72 69 -113 72 89 -96 72 55 -96
1 2 73 72 113 0 0 1 17 0 0 0 1 0 rect1.dat
4 2 76 55 113 74 55 113 74 89 113 76 83 113
1 2 73 72 116 0 0 -1 17 0 0 0 -1 0 rect1.dat
4 2 74 89 116 74 55 116 76 55 116 76 83 116
1 2 76 69 114.5 0 -1 0 0 0 14 -1.5 0 0 rect3.dat
1 2 75 86 114.5 0 -1 -1 0 0 3 -1.5 0 0 rect3.dat
1 2 73 89 114.5 -1 0 0 0 -1 0 0 0 1.5 rect1.dat
1 2 73 72 100 0 0 1 17 0 0 0 1 0 rect1.dat
4 2 76 55 100 74 55 100 74 89 100 76 83 100
1 2 73 72 103 0 0 -1 17 0 0 0 -1 0 rect1.dat
4 2 74 89 103 74 55 103 76 55 103 76 83 103
1 2 76 69 101.5 0 -1 0 0 0 14 -1.5 0 0 rect3.dat
1 2 75 86 101.5 0 -1 -1 0 0 3 -1.5 0 0 rect3.dat
1 2 73 89 101.5 -1 0 0 0 -1 0 0 0 1.5 rect1.dat
1 2 73 72 7 0 0 1 17 0 0 0 1 0 rect1.dat
4 2 76 55 7 74 55 7 74 89 7 76 83 7
1 2 73 72 10 0 0 -1 17 0 0 0 -1 0 rect1.dat
4 2 74 89 10 74 55 10 76 55 10 76 83 10
1 2 76 69 8.5 0 -1 0 0 0 14 -1.5 0 0 rect3.dat
1 2 75 86 8.5 0 -1 -1 0 0 3 -1.5 0 0 rect3.dat
1 2 73 89 8.5 -1 0 0 0 -1 0 0 0 1.5 rect1.dat
1 2 73 72 -96 -1 0 0 0 0 17 0 1 0 rect2a.dat
4 2 76 55 -96 74 55 -96 74 89 -96 76 83 -96
1 2 73 72 -93 0 0 -1 17 0 0 0 -1 0 rect1.dat
4 2 74 89 -93 74 55 -93 76 55 -93 76 83 -93
1 2 76 69 -94.5 0 -1 0 0 0 14 -1.5 0 0 rect3.dat
1 2 75 86 -94.5 0 -1 -1 0 0 3 -1.5 0 0 rect3.dat
1 2 73 89 -94.5 -1 0 0 0 -1 0 0 0 1.5 rect1.dat
1 2 -76 53.5 0 0 1 0 1.5 0 0 0 0 -116 rect2p.dat
1 2 -74 55 108 -2 0 0 0 -1 0 0 0 5 rect.dat
1 2 -74 55 55 -2 0 0 0 -1 0 0 0 45 rect.dat
1 2 -74 55 -43 -2 0 0 0 -1 0 0 0 50 rect.dat
1 2 -74 55 -104.5 -2 0 0 0 -1 0 0 0 8.5 rect.dat
1 2 -72 72 108 0 1 0 17 0 0 0 0 5 rect.dat
1 2 -72 72 55 0 1 0 17 0 0 0 0 45 rect.dat
1 2 -72 72 -43 0 1 0 17 0 0 0 0 50 rect.dat
2 10 -72 55 -96 -72 55 -113
2 10 -72 55 -113 -72 69 -113
4 2 -72 89 -96 -72 69 -113 -72 55 -113 -72 55 -96
1 2 -73 72 113 0 0 1 17 0 0 0 1 0 rect1.dat
4 2 -74 89 113 -74 55 113 -76 55 113 -76 83 113
1 2 -73 72 116 0 0 -1 17 0 0 0 -1 0 rect1.dat
4 2 -76 55 116 -74 55 116 -74 89 116 -76 83 116
1 2 -76 69 114.5 0 1 0 0 0 14 1.5 0 0 rect3.dat
1 2 -75 86 114.5 0 1 1 0 0 3 1.5 0 0 rect3.dat
1 2 -73 89 114.5 1 0 0 0 -1 0 0 0 -1.5 rect1.dat
1 2 -73 72 100 0 0 1 17 0 0 0 1 0 rect1.dat
4 2 -74 89 100 -74 55 100 -76 55 100 -76 83 100
1 2 -73 72 103 0 0 -1 17 0 0 0 -1 0 rect1.dat
4 2 -76 55 103 -74 55 103 -74 89 103 -76 83 103
1 2 -76 69 101.5 0 1 0 0 0 14 1.5 0 0 rect3.dat
1 2 -75 86 101.5 0 1 1 0 0 3 1.5 0 0 rect3.dat
1 2 -73 89 101.5 1 0 0 0 -1 0 0 0 -1.5 rect1.dat
1 2 -73 72 7 0 0 1 17 0 0 0 1 0 rect1.dat
4 2 -74 89 7 -74 55 7 -76 55 7 -76 83 7
1 2 -73 72 10 0 0 -1 17 0 0 0 -1 0 rect1.dat
4 2 -76 55 10 -74 55 10 -74 89 10 -76 83 10
1 2 -76 69 8.5 0 1 0 0 0 14 1.5 0 0 rect3.dat
1 2 -75 86 8.5 0 1 1 0 0 3 1.5 0 0 rect3.dat
1 2 -73 89 8.5 1 0 0 0 -1 0 0 0 -1.5 rect1.dat
1 2 -73 72 -96 0 0 1 17 0 0 0 1 0 rect2a.dat
4 2 -74 89 -96 -74 55 -96 -76 55 -96 -76 83 -96
1 2 -73 72 -93 0 0 -1 17 0 0 0 -1 0 rect1.dat
4 2 -76 55 -93 -74 55 -93 -74 89 -93 -76 83 -93
1 2 -76 69 -94.5 0 1 0 0 0 14 1.5 0 0 rect3.dat
1 2 -75 86 -94.5 0 1 1 0 0 3 1.5 0 0 rect3.dat
1 2 -73 89 -94.5 1 0 0 0 -1 0 0 0 -1.5 rect1.dat
1 2 -74 55 -114.5 0 0 -2 0 16 0 -1.5 0 0 box4-1.dat
1 2 74 55 -114.5 0 0 2 0 16 0 1.5 0 0 box4-1.dat
0 // x
4 2 76 52 -116 -76 52 -116 -76 55 -116 76 55 -116
4 2 -76 55 116 -76 52 116 76 52 116 76 55 116
1 2 0 63 -116 0 0 72 8 0 0 0 1 0 rect1.dat
1 2 0 72 116 0 0 -72 17 0 0 0 -1 0 rect1.dat
