0 Ball Socket Angled Quarter
0 Name: ballsocketr1.dat
0 Author: Santeri Piippo [arezey]
0 !LDRAW_ORG Unofficial_Primitive
0 !LICENSE Redistributable under CCAL version 2.0 : see CAreadme.txt

0 BFC CERTIFY CCW

0 !HISTORY 2008-06-16 [Philo]   Creation (s/62712s01.dat)
0 !HISTORY 2008-11-01 [arezey]  Derived primitive
0 !HISTORY 2009-10-13 {The LEGO Universe Team} Original part shape (m62712.dat)
0 !HISTORY 2009-11-01 [arezey]  Utilized LEGO Universe team version for side cavities
0 !HISTORY 2018-02-12 [MagFors] Recreated using LDD 61054

1 16 0 -9 -10 10 0 0 0 1 0 0 0 10 1-4ndis.dat
0 BFC INVERTNEXT
1 16 0 -9 -10 10 0 0 0 1.25 0 0 0 10 1-4cylo.dat
1 16 20 0 10 0 -1 0 0 0 -6 -6 0 0 1-4ndis.dat
0 BFC INVERTNEXT
1 16 14 0 -10 0 -3 0 0 0 -6 -6 0 0 2-4cyli.dat
1 16 11 0 -10 0 -1 0 0 0 -6 -6 0 0 2-4edge.dat
1 16 14 0 -10 0 -1 0 -6 0 0 0 0 6 1-4edge.dat
1 16 18.1 0 -10 -1.1 -1 0 0 0 -6 -6 0 0 1-4edge.dat
1 16 18.1 0 -10 -1.1 -1 0 0 0 -6 -6 0 0 1-4ndis.dat
0 BFC INVERTNEXT
1 16 18.1 0 -10 -1.1 -3 0 0 0 -6 -6 0 0 1-4cyli.dat
0 BFC INVERTNEXT
1 16 15.1 0 -10 -1.1 -1.1 0 0 0 -6 -6 0 0 1-4cyls.dat

1 16 15 -9 5 5 0 0 0 1 0 0 0 5 rect1.dat
3 16 10 -9 10 0 -9 0 10 -9 0
4 16 10 -9 -10 18.0096 -9 -10.637 20 -9 0 10 -9 0
3 16 18.0096 -9 -10.637 10 -9 -10 17.4691 -8.824 -13.5258
3 16 10 -9 -10 10.15 -8.859 -13.391 17.4691 -8.824 -13.5258
4 16 18.0096 -9 -10.637 18.1 -6 -10 20 -6.25 0 20 -9 0
4 16 17.4691 -8.824 -13.5258 17 -6 -16 18.1 -6 -10 18.0096 -9 -10.637
4 16 20 -6 10 20 -9 10 20 -9 0 20 -6 4
3 16 20 -6.25 0 20 -6.25 0.767 20 -9 0
4 16 20 -6 4 20 -9 0 20 -6.25 0.767 20 -5.954 1.577
3 16 20 -5.238 1.969 20 -6 4 20 -5.954 1.577
4 16 10.263 -6.25 0.767 20 -6.25 0.767 20 -6.25 0 11.084 -6.25 -0.106
3 16 20 -6.25 0 12.714 -6.25 -2.546 11.084 -6.25 -0.106
3 16 20 -6.25 0 18.1 -6 -10 15.1 -6 -10
3 16 14 -6.25 -5.457 12.714 -6.25 -2.546 20 -6.25 0
3 16 15.1 -6 -10 14 -6 -10 14 -6.25 -5.457
3 16 15.1 -6 -10 14 -6.25 -5.457 20 -6.25 0
4 16 20 -6.25 0.767 10.263 -6.25 0.767 9.554 -5.953 1.577 20 -5.954 1.577
4 16 20 -5.954 1.577 9.554 -5.953 1.577 9.562 -5.238 1.969 20 -5.238 1.969
4 16 10.019 -4.405 1.866 20 -4.405 1.866 20 -5.238 1.969 9.562 -5.238 1.969
4 16 11.146 -2.45 1.45 20 -2.4443 1.4349 20 -4.405 1.866 10.019 -4.405 1.866
4 16 20 -2.4443 1.4349 11.146 -2.45 1.45 11.756 0 1.25 20 0 1.25
3 16 17.4691 -8.824 -13.5258 10.15 -8.859 -13.391 16.9754 -7.589 -16.1642
3 16 16.9754 -7.589 -16.1642 10.15 -8.859 -13.391 10.15 -7.717 -15.945
4 16 16.398 -5.532 -19.25 17 -6 -16 17.4691 -8.824 -13.5258 16.9754 -7.589 -16.1642
4 16 17 -6 -16 16.398 -5.532 -19.25 16.398 0 -19.25 17 0 -16
4 16 16.9754 -7.589 -16.1642 10.575 -7.123 -16.847 10.575 -5.532 -19.25 16.398 -5.532 -19.25
3 16 10.575 -7.123 -16.847 16.9754 -7.589 -16.1642 10.15 -7.717 -15.945
1 16 13.4865 -2.766 -19.25 2.9115 0 0 0 0 -2.766 0 1 0 rect3.dat
3 16 10.575 -7.123 -16.847 10.15 -7.717 -15.945 10.575 -7.125 -10.002
3 16 10 -7.75 -10 10.575 -7.125 -10.002 10.15 -7.717 -15.945
3 16 11 -6 -10 11 -5.5434 -12.2962 10.575 -7.123 -16.847
3 16 10.575 -7.125 -10.002 10.575 -6.17 -6.44 11 -6 -10
3 16 11 -5.5434 -7.7038 11 -6 -10 10.575 -6.17 -6.44
3 16 10.575 -7.125 -10.002 10 -7.75 -10 10.575 -6.17 -6.44
3 16 10.575 -7.123 -16.847 10.575 -7.125 -10.002 11 -6 -10
3 16 10.575 -5.532 -19.25 11 0 -16 10.575 0 -19.25
3 16 10.575 -5.532 -19.25 10.575 -7.123 -16.847 11 -2.2962 -15.5434
3 16 11 0 -16 10.575 -5.532 -19.25 11 -2.2962 -15.5434
3 16 11 -4.2426 -14.2426 11 -2.2962 -15.5434 10.575 -7.123 -16.847
3 16 11 -5.5434 -12.2962 11 -4.2426 -14.2426 10.575 -7.123 -16.847
3 16 10.575 0 -2.877 11 0 -4 10.575 -3.562 -3.832
3 16 11 0 -4 11 -2.2962 -4.4566 10.575 -3.562 -3.832
3 16 9.239 -7.75 -6.173 7.071 -7.75 -2.929 10.575 -6.17 -6.44
3 16 10 -7.75 -10 9.239 -7.75 -6.173 10.575 -6.17 -6.44
3 16 11 -4.2426 -5.7574 11 -5.5434 -7.7038 10.575 -6.17 -6.44
3 16 10.575 -3.562 -3.832 11 -2.2962 -4.4566 11 -4.2426 -5.7574
3 16 11 -4.2426 -5.7574 10.575 -6.17 -6.44 10.575 -3.562 -3.832
5 24 11 -4.2426 -5.7574 10.575 -3.562 -3.832 10.575 -6.17 -6.44 11 -2.2962 -4.4566
4 16 7.071 -7.75 -2.929 8 -4.479 -0.99 10.575 -3.562 -3.832 10.575 -6.17 -6.44
4 16 10.575 0 -2.877 10.575 -3.562 -3.832 8 -4.479 -0.99 9.021 0 -0.99
3 16 4.2781 -2.2459 2.065 0 0 2.85 4.8315 0 2.065
3 16 2.7452 -3.9765 2.065 0 0 2.85 4.2781 -2.2459 2.065
3 16 0 -4.7964 2.065 0 0 2.85 2.7452 -3.9765 2.065
4 16 9.021 0 -0.99 8 -4.479 -0.99 4.2781 -2.2459 2.065 4.8315 0 2.065
3 16 4.2781 -2.2459 2.065 8 -4.479 -0.99 2.7452 -3.9765 2.065
3 16 8 -4.479 -0.99 3.827 -7.75 -0.761 2.7452 -3.9765 2.065
3 16 3.827 -7.75 -0.761 8 -4.479 -0.99 7.071 -7.75 -2.929
4 16 14 0 -2.094 14 -2.9851 -2.7936 14 -2.2962 -4.4566 14 0 -4
4 16 14 -4.2426 -5.7574 14 -5.5154 -4.4846 14 -6.25 -5.457 14 -5.5434 -7.7038
4 16 14 -2.2962 -4.4566 14 -2.9851 -2.7936 14 -5.5154 -4.4846 14 -4.2426 -5.7574
3 16 14 -6.25 -5.457 14 -6 -10 14 -5.5434 -7.7038
3 16 11.146 -2.45 1.45 10.019 -4.405 1.866 11.084 -6.25 -0.106
4 16 9.562 -5.238 1.969 10.263 -6.25 0.767 11.084 -6.25 -0.106 10.019 -4.405 1.866
3 16 10.263 -6.25 0.767 9.562 -5.238 1.969 9.554 -5.953 1.577
3 16 14 -5.5154 -4.4846 14 -2.9851 -2.7936 12.714 -6.25 -2.546
3 16 14 -6.25 -5.457 14 -5.5154 -4.4846 12.714 -6.25 -2.546
3 16 14 -2.9851 -2.7936 11.146 -2.45 1.45 11.084 -6.25 -0.106
3 16 11.084 -6.25 -0.106 12.714 -6.25 -2.546 14 -2.9851 -2.7936
3 16 11.146 -2.45 1.45 14 0 -2.094 11.756 0 1.25
3 16 14 0 -2.094 11.146 -2.45 1.45 14 -2.9851 -2.7936
4 16 3.827 -7.75 -0.761 0 -7.75 0 0 -4.7964 2.065 2.7452 -3.9765 2.065

2 24 18.0096 -9 -10.637 20 -9 0
2 24 17.4691 -8.824 -13.5258 18.0096 -9 -10.637
2 24 10 -7.75 -10 10.15 -7.717 -15.945
2 24 10.15 -7.717 -15.945 10.15 -8.859 -13.391
2 24 18.1 -6 -10 20 -6.25 0
2 24 20 -6.25 0 20 -9 0
2 24 20 -4.405 1.866 20 -2.4443 1.4349
2 24 20 -5.238 1.969 20 -4.405 1.866
2 24 20 -6.25 0 20 -6.25 0.767
2 24 20 -6.25 0.767 20 -5.954 1.577
2 24 20 -5.954 1.577 20 -5.238 1.969
2 24 12.714 -6.25 -2.546 11.084 -6.25 -0.106
2 24 14 -6 -10 14 -6.25 -5.457
2 24 14 -6.25 -5.457 12.714 -6.25 -2.546
2 24 11.084 -6.25 -0.106 10.263 -6.25 0.767
2 24 10.263 -6.25 0.767 9.554 -5.953 1.577
2 24 9.554 -5.953 1.577 9.562 -5.238 1.969
2 24 20 -2.4443 1.4349 20 0 1.25
2 24 9.562 -5.238 1.969 10.019 -4.405 1.866
2 24 10.019 -4.405 1.866 11.146 -2.45 1.45
2 24 11.146 -2.45 1.45 11.756 0 1.25
2 24 16.9754 -7.589 -16.1642 16.398 -5.532 -19.25
2 24 16.9754 -7.589 -16.1642 17.4691 -8.824 -13.5258
2 24 10.575 -7.123 -16.847 10.575 -5.532 -19.25
2 24 10.15 -7.717 -15.945 10.575 -7.123 -16.847
2 24 10.575 -7.125 -10.002 10.575 -7.123 -16.847
2 24 10.575 -7.125 -10.002 10.575 -6.17 -6.44
2 24 10.575 0 -2.877 10.575 -3.562 -3.832
2 24 10.575 -6.17 -6.44 10.575 -3.562 -3.832
2 24 14 0 -2.094 14 -2.9851 -2.7936
2 24 14 -5.5154 -4.4846 14 -6.25 -5.457
2 24 14 -2.9851 -2.7936 14 -5.5154 -4.4846
2 24 10 -9 -10 10.15 -8.859 -13.391
3 16 10 -9 -10 10 -7.75 -10 10.15 -8.859 -13.391
3 16 10.15 -8.859 -13.391 10 -7.75 -10 10.15 -7.717 -15.945
4 16 20 0 1.25 20 0 4 20 -4.405 1.866 20 -2.4443 1.4349
4 16 20 -5.238 1.969 20 -4.405 1.866 20 0 4 20 -6 4

5 24 8 -4.479 -0.99 7.071 -7.75 -2.929 3.827 -7.75 -0.761 10.575 -6.17 -6.44
5 24 10.263 -6.25 0.767 20 -6.25 0.767 20 -6.25 0 9.554 -5.953 1.577
5 24 18.0096 -9 -10.637 10 -9 -10 20 -9 0 17.4691 -8.824 -13.5258
5 24 11 0 -4 10.575 -3.562 -3.832 11 -2.2962 -4.4566 10.575 0 -2.877
5 24 10.15 -8.859 -13.391 16.9754 -7.589 -16.1642 17.4691 -8.824 -13.5258 10.15 -7.717 -15.945
5 24 8 -4.479 -0.99 10.575 -3.562 -3.832 10.575 -6.17 -6.44 9.021 0 -0.99
5 24 10.575 -6.17 -6.44 11 -5.5434 -7.7038 10.575 -3.562 -3.832 11 -6 -10
5 24 3.827 -7.75 -0.761 2.7452 -3.9765 2.065 0 -7.75 0 8 -4.479 -0.99
5 24 4.8315 0 2.065 4.2781 -2.2459 2.065 0 0 2.85 9.021 0 -0.99
5 24 4.2781 -2.2459 2.065 2.7452 -3.9765 2.065 0 0 2.85 8 -4.479 -0.99
5 24 11.146 -2.45 1.45 14 0 -2.094 11.756 0 1.25 14 -2.9851 -2.7936
5 24 10 -9 -10 17.4691 -8.824 -13.5258 10.15 -8.859 -13.391 18.0096 -9 -10.637
5 24 8 -4.479 -0.99 2.7452 -3.9765 2.065 4.2781 -2.2459 2.065 3.827 -7.75 -0.761
5 24 14 -2.9851 -2.7936 11.146 -2.45 1.45 14 0 -2.094 11.084 -6.25 -0.106
5 24 10.575 -7.125 -10.002 11 -6 -10 10.575 -6.17 -6.44 10.575 -7.123 -16.847
5 24 11 -6 -10 10.575 -7.123 -16.847 11 -5.5434 -12.2962 10.575 -7.125 -10.002
5 24 20 -4.405 1.866 10.019 -4.405 1.866 20 -5.238 1.969 20 -2.4443 1.4349
5 24 17 -6 -16 17.4691 -8.824 -13.5258 18.1 -6 -10 16.9754 -7.589 -16.1642
5 24 2.7452 -3.9765 2.065 0 -4.7964 2.065 0 0 2.85 3.827 -7.75 -0.761
5 24 10.575 -5.532 -19.25 11 0 -16 10.575 0 -19.25 11 -2.2962 -15.5434
5 24 10.263 -6.25 0.767 9.562 -5.238 1.969 11.084 -6.25 -0.106 9.554 -5.953 1.577
5 24 4.2781 -2.2459 2.065 0 0 2.85 4.8315 0 2.065 2.7452 -3.9765 2.065
5 24 10.575 -6.17 -6.44 11 -6 -10 10.575 -7.125 -10.002 11 -5.5434 -7.7038
5 24 9.562 -5.238 1.969 20 -5.238 1.969 20 -5.954 1.577 10.019 -4.405 1.866
5 24 10 -7.75 -10 10.575 -7.125 -10.002 10.575 -6.17 -6.44 10.15 -7.717 -15.945
5 24 4.2781 -2.2459 2.065 8 -4.479 -0.99 4.8315 0 2.065 2.7452 -3.9765 2.065
5 24 14 -2.9851 -2.7936 12.714 -6.25 -2.546 14 -6.25 -5.457 11.084 -6.25 -0.106
5 24 8 -4.479 -0.99 9.021 0 -0.99 4.2781 -2.2459 2.065 10.575 0 -2.877
5 24 10.15 -7.717 -15.945 10.575 -7.125 -10.002 10.575 -7.123 -16.847 10 -7.75 -10
5 24 9.554 -5.953 1.577 20 -5.954 1.577 20 -6.25 0.767 9.562 -5.238 1.969
5 24 8 -4.479 -0.99 3.827 -7.75 -0.761 2.7452 -3.9765 2.065 7.071 -7.75 -2.929
5 24 11.084 -6.25 -0.106 11.146 -2.45 1.45 10.019 -4.405 1.866 14 -2.9851 -2.7936
5 24 10.575 -5.532 -19.25 11 -2.2962 -15.5434 11 0 -16 10.575 -7.123 -16.847
5 24 11.146 -2.45 1.45 20 -2.4443 1.4349 20 0 1.25 10.019 -4.405 1.866
5 24 10.019 -4.405 1.866 11.084 -6.25 -0.106 11.146 -2.45 1.45 9.562 -5.238 1.969
5 24 2.7452 -3.9765 2.065 0 0 2.85 0 -4.7964 2.065 4.2781 -2.2459 2.065
5 24 10 -7.75 -10 10.15 -8.859 -13.391 10 -9 -10 10.15 -7.717 -15.945
5 24 10.15 -7.717 -15.945 16.9754 -7.589 -16.1642 10.575 -7.123 -16.847 10.15 -8.859 -13.391
5 24 10.15 -8.859 -13.391 17.4691 -8.824 -13.5258 16.9754 -7.589 -16.1642 10 -9 -10
5 24 9.239 -7.75 -6.173 10.575 -6.17 -6.44 10 -7.75 -10 7.071 -7.75 -2.929
5 24 4.8315 0 2.065 9.021 0 -0.99 4.2781 -2.2459 2.065 4.2781 2.2459 2.065
5 24 0 -7.75 0 0 -4.7964 2.065 2.7452 -3.9765 2.065 -3.827 -7.75 -0.761
5 24 10.575 0 -2.877 11 0 -4 10.575 3.562 -3.832 10.575 -3.562 -3.832
5 24 0 -4.7964 2.065 0 0 2.85 2.7452 -3.9765 2.065 -2.7452 -3.9765 2.065
5 24 0 0 2.85 4.8315 0 2.065 4.2781 -2.2459 2.065 4.2781 2.2459 2.065
5 24 9.021 0 -0.99 10.575 0 -2.877 8 4.479 -0.99 8 -4.479 -0.99
5 24 11.756 0 1.25 20 0 1.25 11.146 -2.45 1.45 11.146 2.45 1.45
5 24 14 0 -2.094 11.756 0 1.25 11.146 2.45 1.45 11.146 -2.45 1.45
5 24 10.575 -7.123 -16.847 11 -2.2962 -15.5434 10.575 -5.532 -19.25 11 -4.2426 -14.2426
5 24 10 -7.75 -10 10.575 -6.17 -6.44 10.575 -7.125 -10.002 9.239 -7.75 -6.173
5 24 20 -6.25 0 14 -6.25 -5.457 12.714 -6.25 -2.546 15.1 -6 -10
5 24 16.398 -5.532 -19.25 17 -6 -16 16.398 0 -19.25 16.9754 -7.589 -16.1642
5 24 15.1 -6 -10 14 -6.25 -5.457 14 -6 -10 20 -6.25 0
5 24 7.071 -7.75 -2.929 10.575 -6.17 -6.44 8 -4.479 -0.99 9.239 -7.75 -6.173
5 24 11 -2.2962 -4.4566 10.575 -3.562 -3.832 11 0 -4 11 -4.2426 -5.7574
5 24 17 0 -16 17 -6 -16 17.0761 -2.2962 -15.5434 16.398 -5.532 -19.25
5 24 10.575 -6.17 -6.44 11 -4.2426 -5.7574 10.575 -3.562 -3.832 11 -5.5434 -7.7038
5 24 15.1 -6 -10 20 -6.25 0 18.1 -6 -10 14 -6.25 -5.457
5 24 10.575 -7.123 -16.847 11 -4.2426 -14.2426 11 -2.2962 -15.5434 11 -5.5434 -12.2962
5 24 17 -6 -16 18.1 -6 -10 17.679 -5.5434 -12.2962 18.0096 -9 -10.637
5 24 11 -5.5434 -12.2962 10.575 -7.123 -16.847 11 -4.2426 -14.2426 11 -6 -10
5 24 11.084 -6.25 -0.106 14 -2.9851 -2.7936 11.146 -2.45 1.45 12.714 -6.25 -2.546
5 24 12.714 -6.25 -2.546 14 -5.5154 -4.4846 14 -2.9851 -2.7936 14 -6.25 -5.457
