0 Click Lock Hinge Single Finger for Plate Ends
0 Name: clh6.dat
0 Author: Chris Dee [cwdee]
0 !LDRAW_ORG Unofficial_Primitive
0 !LICENSE Redistributable under CCAL version 2.0 : see CAreadme.txt

0 !HELP For plates place 2 LDu below top surface

0 BFC CERTIFY CCW

0 !HISTORY 2003-12-19 [PTadmin] Official Update 2003-03
0 !HISTORY 2007-06-24 [PTadmin] Header formatted for Contributor Agreement
0 !HISTORY 2008-07-01 [PTadmin] Official Update 2008-01
0 !HISTORY 2012-02-16 [Philo] Changed to CCW, minor improvements
0 !HISTORY 2012-03-30 [PTadmin] Official Update 2012-01
0 !HISTORY 2019-07-21 [MagFors] Added missing edge, closed gaps

2 24 9 -2 0 -9 -2 0
1 16 3.48 5.48 -14.48 -0.52 0 0 0 0.52 0 0 0 -0.52 1-4cyls2.dat
1 16 3.48 5.48 -14.48 0 0.52 0 -0.52 0 0 0 0 -0.52 1-4cyls2.dat
1 16 3.48 5.48 -14.48 0.52 1 0 0.52 0 0 0 0 -0.52 1-4edge.dat
1 16 3.48 5.48 -14.48 0 -6.96 0 0 0 0.52 -0.52 0 0 1-4cyli.dat
1 16 0 6 -7.24 0 0 4 0 -1 0 7.24 0 0 rect2p.dat
1 16 -3.48 5.48 -14.48 0.52 0 0 0 0.52 0 0 0 -0.52 1-4cyls2.dat
1 16 -3.48 5.48 -14.48 0 -0.52 0 -0.52 0 0 0 0 -0.52 1-4cyls2.dat
1 16 -3.48 5.48 -14.48 -0.52 1 0 0.52 0 0 0 0 -0.52 1-4edge.dat
1 16 0 -6.69 -9.93 0 0 -3.48 -.69 1 0 4.55 0 0 rect1.dat
4 16 -9 -2 0 -4 -3.098 -1.098 4 -3.098 -1.098 9 -2 0
1 16 0 -5.013 -3.013 0 0 4 -1.915 1 0 -1.915 0 0 rect2p.dat
4 16 -4 -6.928 -4.928 -3.48 -7.38 -5.38 3.48 -7.38 -5.38 4 -6.928 -4.928
1 16 3.48 -6.928 -4.928 0.52 0 0 0 0 -0.458 0 -1 -0.452 1-4chrd.dat
1 16 3.48 -6.86 -5.38 0 0 0.52 -0.52 -0.068 0 0 0.452 0 1-4cyls.dat
1 16 3.48 -6.928 -4.928 0.52 0 0 0 0 -0.458 0 1 -0.452 1-4edge.dat
1 16 3.48 -6.86 -5.38 0.52 0 0 0 1.38 -0.52 0 -9.1 0 1-4cyli.dat
1 16 3.48 -5.48 -14.48 0.52 0 0 0 0 -0.52 0 -0.52 0 1-8sphe.dat
1 16 3.48 -5.48 -14.48 0 -6.96 0 0 0 -0.52 -0.52 0 0 1-4cyli.dat
1 16 -3.48 -5.48 -14.48 -0.52 0 0 0 0 -0.52 0 -0.52 0 1-8sphe.dat
1 16 -3.48 -6.86 -5.38 -0.52 0 0 0 1.38 -0.52 0 -9.1 0 1-4cyli.dat
1 16 -3.48 -6.928 -4.928 -0.52 0 0 0 0 -0.458 0 1 -0.452 1-4edge.dat
1 16 -3.48 -6.86 -5.38 0 0 -0.52 -0.52 -0.068 0 0 0.452 0 1-4cyls.dat
1 16 -3.48 -6.928 -4.928 -0.52 0 0 0 0 -0.458 0 -1 -0.452 1-4chrd.dat

0 BFC INVERTNEXT
1 16 -2 0 -10 0 -0.25 0 0 0 -2.25 2.25 0 0 4-4cylc.dat
0 BFC INVERTNEXT
1 16 -3 0 -10 0 0.75 0 0 0 -0.75 0.75 0 0 4-4con3.dat
0 BFC INVERTNEXT
1 16 -4 0 -10 0 1 0 0.7071 0 0.7071 -0.7071 0 0.7071 1-4con3.dat
0 BFC INVERTNEXT
1 16 -4 0 -10 0 1 0 0.7071 0 -0.7071 0.7071 0 0.7071 1-4con3.dat
0 BFC INVERTNEXT
1 16 -4 0 -10 0 1 0 -0.7071 0 -0.7071 0.7071 0 -0.7071 1-4con3.dat
1 16 -4 0 -10 0 1 0 2.8284 0 2.8284 -2.8284 0 2.8284 3-4edge.dat
1 16 -4 0 -10 0 1 0 2.8284 0 2.8284 -2.8284 0 2.8284 1-8ndis.dat
1 16 -4 0 -10 0 1 0 4 0 0 0 0 4 2-4ndis.dat
1 16 -4 0 -10 0 1 0 -2.8284 0 -2.8284 -2.8284 0 2.8284 1-8ndis.dat
0 BFC INVERTNEXT
1 16 2 0 -10 0 0.25 0 0 0 2.25 2.25 0 0 4-4cylc.dat

0 BFC INVERTNEXT
1 16 3 0 -10 0 -0.75 0 0 0 0.75 0.75 0 0 4-4con3.dat
0 BFC INVERTNEXT
1 16 4 0 -10 0 -1 0 -.7071 0 -.7071 -.7071 0 .7071 1-4con3.dat
0 BFC INVERTNEXT
1 16 4 0 -10 0 -1 0 -0.7071 0 0.7071 0.7071 0 0.7071 1-4con3.dat
0 BFC INVERTNEXT
1 16 4 0 -10 0 -1 0 0.7071 0 0.7071 0.7071 0 -0.7071 1-4con3.dat

1 16 4 0 -10 0 -1 0 -2.8284 0 -2.8284 -2.8284 0 2.8284 3-4edge.dat
1 16 4 0 -10 0 -1 0 2.8284 0 2.8284 -2.8284 0 2.8284 1-8ndis.dat
1 16 4 0 -10 0 -1 0 -4 0 0 0 0 4 2-4ndis.dat
1 16 4 0 -10 0 -1 0 -2.8284 0 -2.8284 -2.8284 0 2.8284 1-8ndis.dat
1 16 3.48 -5.48 -14.48 0.52 0 0 0 1.48 0 0 -0.16 -0.52 1-4cyli.dat
1 16 3.48 -4 -14.64 0.52 0 0 0 1 0 0 0 -0.52 1-4edge.dat
1 16 3.48 -4 -14.64 0.52 0 0 0 -1 0 0 0 -0.52 1-4chrd.dat
1 16 3.48 5.48 -14.48 0.52 0 0 0 -1.48 0 0 -0.16 -0.52 1-4cyli.dat
1 16 3.48 4 -14.64 0.52 0 0 0 1 0 0 0 -0.52 1-4edge.dat
1 16 3.48 4 -14.64 0.52 0 0 0 1 0 0 0 -0.52 1-4chrd.dat
1 16 -3.48 5.48 -14.48 -0.52 0 0 0 -1.48 0 0 -0.16 -0.52 1-4cyli.dat
1 16 -3.48 4 -14.64 -0.52 0 0 0 1 0 0 0 -0.52 1-4edge.dat
1 16 -3.48 4 -14.64 -0.52 0 0 0 1 0 0 0 -0.52 1-4chrd.dat

1 16 -3.48 -5.48 -14.48 -0.52 0 0 0 1.48 0 0 -0.16 -0.52 1-4cyli.dat
1 16 -3.48 -4 -14.64 -0.52 0 0 0 1 0 0 0 -0.52 1-4edge.dat
1 16 -3.48 -4 -14.64 -0.52 0 0 0 -1 0 0 0 -0.52 1-4chrd.dat
4 16 -3.48 -5.48 -15 -3.48 -4 -15.16 3.48 -4 -15.16 3.48 -5.48 -15
2 24 3.48 -4 -15.16 3.075 -4 -15.16
2 24 -3.48 -4 -15.16 -3.075 -4 -15.16
4 16 -3.075 -4 -15.16 -3 -2.26 -15.35 3 -2.26 -15.35 3.075 -4 -15.16
2 24 3.075 -4 -15.16 3 -2.26 -15.35
5 24 3 -2.26 -15.35 -3 -2.26 -15.35 0 0 -15.35 0 -5.48 -15
2 24 -3.075 -4 -15.16 -3 -2.26 -15.35
4 16 -3 -2.26 -15.35 -3 2.26 -15.35 3 2.26 -15.35 3 -2.26 -15.35
2 24 3 2.26 -15.35 3 -2.26 -15.35
5 24 -3 2.26 -15.35 3 2.26 -15.35 0 0 -15.35 0 5.48 -15
2 24 -3 2.26 -15.35 -3 -2.26 -15.35
4 16 3.075 4 -15.16 3 2.26 -15.35 -3 2.26 -15.35 -3.075 4 -15.16
2 24 3.075 4 -15.16 3 2.26 -15.35
2 24 -3.075 4 -15.16 -3 2.26 -15.35
4 16 3.48 5.48 -15 3.48 4 -15.16 -3.48 4 -15.16 -3.48 5.48 -15
2 24 3.48 4 -15.16 3.075 4 -15.16
2 24 -3.48 4 -15.16 -3.075 4 -15.16
4 16 4 2.828 -12.828 3 2.1213 -12.1213 3 1.1481 -12.7717 3.752 1.446 -13.45
4 16 3.752 1.446 -13.45 3 1.1481 -12.7717 3 0 -13 3.67 0 -13.66
4 16 3.67 0 -13.66 3 0 -13 3 -1.1481 -12.7717 3.752 -1.446 -13.45
4 16 3.752 -1.446 -13.45 3 -1.1481 -12.7717 3 -2.1213 -12.1213 4 -2.828 -12.828
3 16 3.67 0 -13.66 3.752 -1.446 -13.45 3 -2.26 -15.35
2 24 3.752 -1.446 -13.45 3.67 0 -13.67
2 24 4 -2.828 -12.828 3.752 -1.446 -13.45
3 16 4 -4 -12.828 3.075 -4 -15.16 4 -2.828 -12.828
4 16 3.075 -4 -15.16 3 -2.26 -15.35 3.752 -1.446 -13.45 4 -2.828 -12.828
2 24 4 -2.828 -12.828 4 -4 -12.828
2 24 3.075 -4 -15.16 4 -4 -12.828
4 16 4 -4 -12.828 4 -4 -14.64 3.48 -4 -15.16 3.075 -4 -15.16
2 24 4 -4 -12.828 4 -4 -14.64
4 16 4 -4 -14.64 4 -4 -12.828 4 -5.65 -10 4 -5.48 -14.48
3 16 4 -5.65 -10 4 -6.86 -5.38 4 -5.48 -14.48
3 16 4 -4 -12.828 4 -2.828 -12.828 4 -5.65 -10
4 16 4 -4 -6 4 4 -6 4 6 0 4 3.444 0
2 24 4 3.444 0 4 6 0
4 16 4 -6.86 -5.38 4 -5.65 -10 4 -4 -6 4 -6.928 -4.928
3 16 4 -5.65 -10 4 -4 -10 4 -4 -6
4 16 4 -6.928 -4.928 4 -4 -6 4 3.444 0 4 -3.098 -1.098
3 16 4 5.6568 -10 4 6 -14.48 4 6 0
4 16 4 6 0 4 4 -6 4 4 -10 4 5.6568 -10
3 16 4 2.828 -12.828 4 4 -12.828 4 5.6568 -10
2 24 4 2.828 -12.828 4 4 -12.828
4 16 4 4 -12.828 4 5.48 -14.48 4 6 -14.48 4 5.6568 -10
3 16 4 4 -14.64 4 5.48 -14.48 4 4 -12.828
2 24 3.075 4 -15.16 4 4 -12.828
4 16 4 4 -14.64 4 4 -12.828 3.075 4 -15.16 3.48 4 -15.16
2 24 4 4 -12.828 4 4 -14.64
4 16 3.075 4 -15.16 4 2.828 -12.828 3.752 1.446 -13.45 3 2.26 -15.35
3 16 3.075 4 -15.16 4 4 -12.828 4 2.828 -12.828
2 24 3.752 1.446 -13.45 4 2.828 -12.828
4 16 3.752 1.446 -13.45 3.67 0 -13.66 3 -2.26 -15.35 3 2.26 -15.35
2 24 3.752 1.446 -13.45 3.67 0 -13.67
4 16 -4 -2.828 -12.828 -3 -2.121 -12.121 -3 -1.148 -12.772 -3.752 -1.446 -13.45
4 16 -3.752 -1.446 -13.45 -3 -1.148 -12.772 -3 0 -13 -3.67 0 -13.66
4 16 -3.67 0 -13.66 -3 0 -13 -3 1.148 -12.772 -3.752 1.446 -13.45
4 16 -3.752 1.446 -13.45 -3 1.148 -12.772 -3 2.121 -12.121 -4 2.828 -12.828
4 16 -3 -2.26 -15.35 -3.67 0 -13.66 -3.752 1.446 -13.45 -3 2.26 -15.35
2 24 -3.752 1.446 -13.45 -3.67 0 -13.67
4 16 -4 2.828 -12.828 -3.075 4 -15.16 -3 2.26 -15.35 -3.752 1.446 -13.45
2 24 -4 2.828 -12.828 -3.752 1.446 -13.45
3 16 -4 2.828 -12.828 -4 4 -12.828 -3.075 4 -15.16
2 24 -4 2.828 -12.828 -4 4 -12.828
2 24 -3.075 4 -15.16 -4 4 -12.828
4 16 -4 4 -12.828 -4 4 -14.64 -3.48 4 -15.16 -3.075 4 -15.16
2 24 -4 4 -12.828 -4 4 -14.64
3 16 -4 4 -12.828 -4 5.48 -14.48 -4 4 -14.64
3 16 -4 4 -12.828 -4 2.828 -12.828 -4 5.6568 -10
4 16 -4 5.48 -14.48 -4 4 -12.828 -4 5.6568 -10 -4 6 -14.48
4 16 -4 6 0 -4 5.6568 -10 -4 4 -10 -4 4 -6
3 16 -4 6 0 -4 6 -14.48 -4 5.6568 -10
4 16 -4 -4 -6 -4 3.444 0 -4 6 0 -4 4 -6
2 24 -4 3.444 0 -4 6 0
4 16 -4 -4 -6 -4 -5.65 -10 -4 -6.86 -5.38 -4 -6.928 -4.928
3 16 -4 -4 -10 -4 -5.65 -10 -4 -4 -6
4 16 -4 -6.928 -4.928 -4 -3.098 -1.098 -4 3.444 0 -4 -4 -6
4 16 -4 -4 -14.64 -4 -5.48 -14.48 -4 -5.65 -10 -4 -4 -12.828
3 16 -4 -5.65 -10 -4 -2.828 -12.828 -4 -4 -12.828
3 16 -4 -5.48 -14.48 -4 -6.86 -5.38 -4 -5.65 -10
2 24 -4 -2.828 -12.828 -4 -4 -12.828
2 24 -3.075 -4 -15.16 -4 -4 -12.828
4 16 -4 -4 -14.64 -4 -4 -12.828 -3.075 -4 -15.16 -3.48 -4 -15.16
2 24 -4 -4 -12.828 -4 -4 -14.64
3 16 -4 -4 -12.828 -4 -2.828 -12.828 -3.075 -4 -15.16
4 16 -3.075 -4 -15.16 -4 -2.828 -12.828 -3.752 -1.446 -13.45 -3 -2.26 -15.35
2 24 -3.752 -1.446 -13.45 -4 -2.828 -12.828
3 16 -3.67 0 -13.66 -3 -2.26 -15.35 -3.752 -1.446 -13.45
2 24 -3.752 -1.446 -13.45 -3.67 0 -13.67
0 BFC INVERTNEXT
1 16 9 0 -3.25 0 -5 0 0.25 0 0 0 0 0.25 2-4cylo.dat
1 16 9 0 -3.25 0 -1 0 0.25 0 0 0 0 0.25 2-4ndis.dat
1 16 9 1.133 -4.359 0 -5 0 0.883 0 -0.117 -0.176 0 -0.589 2-4cylo.dat
1 16 9 1.133 -4.359 0 -1 0 0.883 0 -0.117 -0.176 0 -0.589 2-4chrd.dat
1 16 9 -1.133 -4.359 0 -5 0 -0.883 0 0.117 -0.176 0 -0.589 2-4cylo.dat
1 16 9 -1.133 -4.359 0 -1 0 -0.883 0 0.117 -0.176 0 -0.589 2-4chrd.dat
1 16 6.5 2.73 -2.2675 -2.5 0 0 0 -1 .714 0 0 2.2675 rect3.dat

1 16 6.5 -2.557 -2.8165 2.5 0 0 0 1 -.541 0 0 1.7185 rect3.dat
3 16 9 -2 0 4 -3.098 -1.098 9 -3.098 -1.098
2 24 9 -2 0 9 -3.098 -1.098
4 16 9 .25 -3 9 .25 -4.183 9 2.016 -4.535 9 3.444 0
4 16 9 -.25 -4.183 9 -.25 -3 9 -3.098 -1.098 9 -2.016 -4.535
1 16 6.5 0.25 -3.717 0 0 2.5 0 1 0 0.467 0 0 rect2p.dat
1 16 6.5 -0.25 -3.717 0 0 2.5 0 -1 0 0.467 0 0 rect2p.dat
4 16 9 3.444 0 9 -2 0 9 -.25 -3 9 .25 -3
3 16 9 -2 0 9 -3.098 -1.098 9 -.25 -3
2 24 9 -2 0 9 3.444 0
0 BFC INVERTNEXT
1 16 -9 0 -3.25 0 5 0 -0.25 0 0 0 0 0.25 2-4cylo.dat
1 16 -9 0 -3.25 0 1 0 -0.25 0 0 0 0 0.25 2-4ndis.dat
1 16 -9 -1.133 -4.359 0 5 0 -0.883 0 0.117 -0.176 0 -0.589 2-4cylo.dat
1 16 -9 -1.133 -4.359 0 1 0 -0.883 0 0.117 -0.176 0 -0.589 2-4chrd.dat
1 16 -9 1.133 -4.359 0 5 0 0.883 0 -0.117 -0.176 0 -0.589 2-4cylo.dat
1 16 -9 1.133 -4.359 0 1 0 0.883 0 -0.117 -0.176 0 -0.589 2-4chrd.dat
1 16 -6.5 -2.557 -2.8165 2.5 0 0 0 1 -.541 0 0 1.7185 rect3.dat
3 16 -9 -2 0 -9 -3.098 -1.098 -4 -3.098 -1.098
2 24 -9 -2 0 -9 -3.098 -1.098
1 16 -6.5 2.73 -2.2675 2.5 0 0 0 -1 .714 0 0 2.2675 rect3.dat

4 16 -9 -.25 -3 -9 -.25 -4.183 -9 -2.016 -4.535 -9 -3.098 -1.098
4 16 -9 .25 -4.183 -9 .25 -3 -9 3.444 0 -9 2.016 -4.535
1 16 -6.5 -0.25 -3.717 0 0 -2.5 0 -1 0 0.467 0 0 rect2p.dat
1 16 -6.5 0.25 -3.717 0 0 -2.5 0 1 0 0.467 0 0 rect2p.dat
4 16 -9 3.444 0 -9 .25 -3 -9 -.25 -3 -9 -2 0
3 16 -9 -.25 -3 -9 -3.098 -1.098 -9 -2 0
5 24 3 1.1481 -12.7717 3.752 1.446 -13.45 4 2.828 -12.828 3 0 -13
5 24 3 0 -13 3.67 0 -13.66 3.752 1.446 -13.45 3 -1.1481 -12.7717
5 24 3 -1.1481 -12.7717 3.752 -1.446 -13.45 3.67 0 -13.66 3 -2.1213 -12.1213
5 24 -3 -1.148 -12.772 -3.752 -1.446 -13.45 -4 -2.828 -12.828 -3 0 -13
5 24 -3 0 -13 -3.67 0 -13.66 -3.752 -1.446 -13.45 -3 1.148 -12.772
5 24 -3 1.148 -12.772 -3.752 1.446 -13.45 -3.67 0 -13.66 -3 2.121 -12.121
2 24 -9 -2 0 -9 3.444 0
5 24 3 -2.1213 -12.1213 4 -2.8284 -12.8284 3 -1.1481 -12.7717 3 -2.7717 -11.1481
5 24 3 2.1213 -12.1213 4 2.8284 -12.8284 3 2.7717 -11.1481 3 1.1481 -12.7717
5 24 -3 -2.1213 -12.1213 -4 -2.8284 -12.8284 -3 -2.7717 -11.1481 -3 -1.1481 -12.7717
5 24 -3 2.1213 -12.1213 -4 2.8284 -12.8284 -3 1.1481 -12.7717 -3 2.7717 -11.1481
