0 Click Lock Hinge Half Dual Finger 3-Position Type 1
0 Name: clh7.dat
0 Author: Donald Sutter [technog]
0 !LDRAW_ORG Unofficial_Primitive
0 !LICENSE Redistributable under CCAL version 2.0 : see CAreadme.txt

0 !HELP Requires 2 halves rotated 180 degrees apart on Z-axis.
0 !HELP Placement on side of bricks; rotate pair accordingly, place 10 Ldu
0 !HELP below top surface and 6 Ldu off side surface, fill as needed -
0 !HELP box4o4a.dat's recommended.
0 !HELP Placement off side of plates and windscreens; rotate pair accordingly,
0 !HELP place center origin 2 Ldu below top surface and 6 Ldu off side surface,
0 !HELP fill as needed.

0 BFC CERTIFY CCW

0 !HISTORY 2017-07-07 [ejboer] Improved design

1 16 6.25 -6 0.9 2.25 0 0 0 1 0 0 0 0.9 rect3.dat
1 16 6.25 6 .9 2.25 0 0 0 -1 0 0 0 .9 rect3.dat
1 16 8.5 0 4 0 -1 0 5.25 0 0 0 0 5.25 2-4disc.dat
1 16 4 0 4 0 1 0 5.25 0 0 0 0 5.25 2-4disc.dat
1 16 4 0 4 0 4.5 0 4.85037 0 -2.00909 2.00909 0 4.85037 1-8cylo.dat
1 16 4 0 4 0 4.5 0 -2.00909 0 -4.85037 4.85037 0 -2.00909 1-8cylo.dat
1 16 4 0 4 0 -1 0 4 0 0 0 0 4 4-4edge.dat
1 16 4 0 4 0 -1 0 1 0 0 0 0 1 4-4con3.dat
1 16 3 0 4 0 -1 0 3 0 0 0 0 3 4-4edge.dat
1 16 3 0 4 0 1 0 3 0 0 0 0 3 4-4disc.dat
1 16 6.25 -1.5 8.951 0 0 -2.25 -0.51 0 0 -0.101 -1 0 rect2p.dat
1 16 6.25 1.5 8.951 0 0 2.25 0.51 0 0 -0.101 -1 0 rect2p.dat
5 24 8.5 -2.00796 8.85021 4 -2.00796 8.85021 4 -2.87204 8.27179 8.5 -0.99 9.052
5 24 8.5 2.00977 8.84946 4 2.00977 8.84946 4 0.989773 9.05145 8.5 2.87227 8.27234
0 BFC INVERTNEXT
1 16 4 5.641 2.88 0 4.5 0 -0.175 0 -0.59 -0.875 0 0.117 2-4cyli.dat
1 16 8.5 5.64 2.88 0 -1 0 -0.175 0 -0.59 -0.875 0 0.117 2-4ndis.dat
1 16 8.5 5.64 2.88 0 -1 0 -0.175 0 -0.59 -0.875 0 0.117 2-4edge.dat
1 16 4 5.641 2.88 0 1 0 -0.175 0 -0.59 -0.875 0 0.117 2-4ndis.dat
1 16 4 5.641 2.88 0 -1 0 -0.175 0 -0.59 -0.875 0 0.117 2-4edge.dat
1 16 4 5.815 4 0 4.5 0 0 0 0.185 -0.245 0 0 8\2-4cylo.dat
1 16 8.5 5.815 4 0 -1 0 0 0 0.185 -0.245 0 0 8\2-4chrd.dat
1 16 4 5.815 4 0 1 0 0 0 0.185 -0.245 0 0 8\2-4chrd.dat
0 BFC INVERTNEXT
1 16 4 5.641 5.119 0 4.5 0 0.175 0 -0.59 -0.875 0 -0.117 1-4cyli.dat
1 16 8.5 5.641 5.119 0 -1 0 0.175 0 -0.59 -0.875 0 -0.117 1-4edge.dat
1 16 4 5.641 5.119 0 -1 0 0.175 0 -0.59 -0.875 0 -0.117 1-4edge.dat
1 16 4 5.641 5.119 0 1 0 0.174655 0 -0.589727 -0.874691 0 -0.11738 1-4ndis.dat
1 16 8.5 5.641 5.119 0 -1 0 0.174655 0 -0.589727 -0.874691 0 -0.11738 1-4ndis.dat
1 16 6.25 4.951 5.5 0 0 2.25 -0.101 -1 0 0.51 0 0 rect2p.dat
5 24 4 4.85 6.01 8.5 4.85 6.01 8.5 5.052 4.99 4 4.27179 6.87204
1 16 4 -1.12 9.64 0 1 0 0.874691 0 0.11738 0.174655 0 -0.589727 1-4ndis.dat
1 16 8.5 -1.12 9.64 0 -1 0 0.874691 0 0.11738 0.174655 0 -0.589727 1-4ndis.dat
1 16 4 0 9.815 0 4.5 0 0.245 0 0 0 0 0.185 8\2-4cylo.dat
1 16 8.5 0 9.815 0 -1 0 0.245 0 0 0 0 0.185 8\2-4chrd.dat
1 16 4 0 9.815 0 1 0 0.245 0 0 0 0 0.185 8\2-4chrd.dat
4 16 4 0.1274 9.2247 4 -0.1274 9.2247 4 -0.2449 9.8152 4 0.2449 9.8152
4 16 8.5 -0.1274 9.2247 8.5 0.1274 9.2247 8.5 0.2449 9.8152 8.5 -0.2449 9.8152
1 16 8.5 1.12 9.64 0 -1 0 -0.874691 0 -0.11738 0.174655 0 -0.589727 1-4ndis.dat
1 16 4 1.12 9.64 0 1 0 -0.874691 0 -0.11738 0.174655 0 -0.589727 1-4ndis.dat
0 BFC INVERTNEXT
1 16 4 -1.12 9.64 0 4.5 0 0.875 0 0.117 0.175 0 -0.59 1-4cyli.dat
1 16 8.5 -1.12 9.64 0 -1 0 0.875 0 0.117 0.175 0 -0.59 1-4edge.dat
1 16 4 -1.12 9.64 0 -1 0 0.875 0 0.117 0.175 0 -0.59 1-4edge.dat
0 BFC INVERTNEXT
1 16 8.5 1.12 9.64 0 -4.5 0 -0.875 0 -0.117 0.175 0 -0.59 1-4cyli.dat
1 16 4 1.12 9.64 0 1 0 -0.875 0 -0.117 0.175 0 -0.59 1-4edge.dat
1 16 8.5 1.12 9.64 0 1 0 -0.875 0 -0.117 0.175 0 -0.59 1-4edge.dat
0 BFC INVERTNEXT
1 16 8.5 -5.641 5.119 0 -4.5 0 -0.175 0 0.59 -0.875 0 -0.117 1-4cyli.dat
1 16 4 -5.641 5.119 0 1 0 -0.175 0 0.59 -0.875 0 -0.117 1-4edge.dat
1 16 8.5 -5.641 5.119 0 1 0 -0.175 0 0.59 -0.875 0 -0.117 1-4edge.dat
1 16 8.5 -5.641 5.119 0 -1 0 -0.174655 0 0.589727 -0.874691 0 -0.11738 1-4ndis.dat
1 16 4 -5.641 5.119 0 1 0 -0.174655 0 0.589727 -0.874691 0 -0.11738 1-4ndis.dat
1 16 6.25 -4.951 5.5 0 0 -2.25 0.101 1 0 0.51 0 0 rect2p.dat
5 24 8.5 -4.85 6.01 4 -4.85 6.01 4 -5.052 4.99 8.5 -4.27179 6.87204
0 BFC INVERTNEXT
1 16 4 -5.641 2.88 0 4.5 0 -0.175 0 0.59 0.875 0 0.117 2-4cyli.dat
1 16 4 -5.815 4 0 4.5 0 0 0 -0.185 0.245 0 0 8\2-4cylo.dat
1 16 8.5 -5.815 4 0 -1 0 0 0 -0.185 0.245 0 0 8\2-4chrd.dat
1 16 4 -5.815 4 0 1 0 0 0 -0.185 0.245 0 0 8\2-4chrd.dat
1 16 8.5 -5.64 2.88 0 -1 0 -0.175 0 0.59 0.875 0 0.117 2-4ndis.dat
1 16 8.5 -5.64 2.88 0 -1 0 -0.175 0 0.59 0.875 0 0.117 2-4edge.dat
1 16 4 -5.641 2.88 0 1 0 -0.175 0 0.59 0.875 0 0.117 2-4ndis.dat
1 16 4 -5.641 2.88 0 -1 0 -0.175 0 0.59 0.875 0 0.117 2-4edge.dat

5 24 4 -2.01 8.85 8.5 -2.01 8.85 8.5 -0.99 9.052 4 -3.71243 7.71238

4 16 8.5 -6 1.8 8.5 -6 0 8.5 6 0 8.5 6 1.8
4 16 8.5 -5.816 4.244 8.5 -5.816 3.755 8.5 -5.225 3.872 8.5 -5.22593 4.12693
4 16 8.5 5.815 3.755 8.5 5.815 4.245 8.5 5.81565 4.24431 8.5 5.816 3.755
4 16 8.5 5.225 3.872 8.5 5.815 3.755 8.5 5.815 4.245 8.5 5.22593 4.12693
4 16 8.5 -5.25 4 8.5 -5.051 2.997 8.5 5.05 2.997 8.5 5.25 4
4 16 8.5 -4.875 2.122 8.5 4.875 2.122 8.5 5.05 2.997 8.5 -5.051 2.997
3 16 8.5 -5.465 2.005 8.5 -6 1.8 8.5 -4.875 2.122
3 16 8.5 6 1.8 8.5 5.465 2.005 8.5 4.875 2.122
4 16 8.5 6 1.8 8.5 4.875 2.122 8.5 -4.875 2.122 8.5 -6 1.8
4 16 4 6 0 4 -6 0 4 -6 1.8 4 6 1.8
4 16 4 -5.225 3.872 4 -5.816 3.755 4 -5.816 4.244 4 -5.22593 4.12693
4 16 4 5.81565 4.24431 4 5.815 4.245 4 5.815 3.755 4 5.816 3.755
4 16 4 5.815 4.245 4 5.815 3.755 4 5.225 3.872 4 5.22593 4.12693
4 16 4 5.05 2.997 4 -5.051 2.997 4 -5.25 4 4 5.25 4
4 16 4 5.05 2.997 4 4.875 2.122 4 -4.875 2.122 4 -5.051 2.997
3 16 4 -6 1.8 4 -5.465 2.005 4 -4.875 2.122
3 16 4 5.465 2.005 4 6 1.8 4 4.875 2.122
4 16 4 -4.875 2.122 4 4.875 2.122 4 6 1.8 4 -6 1.8

4 16 4 -6 1.8 8.5 -6 1.8 8.5 -5.466 2.005 4 -5.466 2.005
4 16 8.5 6 1.8 4 6 1.8 4 5.465 2.005 8.5 5.465 2.005
2 24 4 5.465 2.005 4 6 1.8
2 24 8.5 5.465 2.005 8.5 6 1.8
2 24 4 -6 1.8 4 -5.466 2.005

2 24 8.5 -6 1.8 8.5 -5.466 2.005
