0 ~Electric Light & Sound Insectoid Tail  4 x 20 x  3 Side Panel (Needs Work)
0 Name: u9248.dat
0 Author: Paul Easter [pneaster]
0 !LDRAW_ORG Unofficial_Part
0 !LICENSE Redistributable under CCAL version 2.0 : see CAreadme.txt

0 BFC CERTIFY CCW

0 !CMDLINE -c42

0 !HISTORY 2006-12-17 [mikeheide] Fixed bowtie quads, delete identical lines, addes space to part name
0 !HISTORY 2007-09-16 [mikeheide] Fixed wrong dimensions
0 !HISTORY 2018-01-14 [Steffen]   split into multiple parts

0 // Needs work: inside surfaces not modeled completely

1 16 0 -12 0 0 0 4.5 0 1 0 -4.5 0 0 4-4disc.dat
0 BFC INVERTNEXT
1 16 0 0 0 0 0 4.5 0 -12 0 -4.5 0 0 4-4cyli.dat
1 16 0 0 0 0 0 4.5 0 -1 0 -4.5 0 0 4-4edge.dat
1 16 0 -12 0 0 0 4.5 0 -1 0 -4.5 0 0 4-4edge.dat
2 24 24 0 -136 4 0 -136
3 16 24 0 -136 24 -2 -136 22 -4 -136
4 16 24 0 -136 22 -4 -136 4 -18 -136 4 0 -136
4 16 -4 -18 -136 -4 -14 -136 4 -14 -136 4 -18 -136
2 24 4 -10 -136 4 0 -136
2 24 4 0 -136 4 0 -132
4 16 4 0 -136 4 -10 -136 4 -10 -132 4 0 -132
1 16 0 -10 -136 -4 0 0 0 0 -4 0 1 0 2-4ndis.dat
1 16 0 -10 -136 -4 0 0 0 0 -4 0 1 0 2-4edge.dat
0 BFC INVERTNEXT
1 16 0 -10 -132 -4 0 0 0 0 -4 0 4 0 2-8sphe.dat
0 BFC INVERTNEXT
1 16 0 -10 -136 -4 0 0 0 0 -4 0 4 0 2-4cyli.dat
0 BFC INVERTNEXT
1 16 0 -10 -132 -4 0 0 0 10 0 0 0 4 2-4cyli.dat
1 16 0 0 -132 -4 0 0 0 -1 0 0 0 4 2-4edge.dat
4 16 -4 0 -132 -4 -10 -132 -4 -10 -136 -4 0 -136
2 24 -4 0 -136 -4 0 -132
2 24 -4 -10 -136 -4 0 -136
4 16 -4 -18 -136 -22 -4 -136 -24 0 -136 -4 0 -136
3 16 -22 -4 -136 -24 -2 -136 -24 0 -136
2 24 -24 0 -136 -4 0 -136
1 16 24 -1 -56 0 -1 0 -1 0 0 0 0 80 rect.dat
2 24 22 -4 -132 24 -2 -132
2 24 24 -2 -136 22 -4 -136
4 16 22 -4 -132 22 -4 -136 24 -2 -136 24 -2 -132
3 16 24 -2 -132 22 -2 -132 22 -4 -132
2 24 22 -2 32 22 -2 -132
2 24 22 -2 -132 24 -2 -132
4 16 22 -2 -132 24 -2 -132 24 -2 24 22 -2 24
2 24 22 -4 24 22 -2 32
2 24 22 -2 -132 22 -4 -132
4 16 22 -4 24 22 -4 -132 22 -2 -132 22 -2 24
2 24 4 -18 24 22 -4 24
2 24 22 -4 24 22 -4 -132
2 24 22 -4 -136 4 -18 -136
4 16 4 -18 24 4 -18 -136 22 -4 -136 22 -4 24
2 24 24 2 24 22 2 32
4 16 24 2 24 22 2 32 22 -2 32 24 -2 24
2 24 24 -2 24 22 -2 32
3 16 24 -2 24 22 -2 32 22 -2 24
3 16 22 -2 24 22 -2 32 22 -4 24
3 16 22 -4 24 22 -2 32 4 -18 24
2 24 22 2 32 6 2 82
4 16 22 2 32 6 2 82 6 -2 82 22 -2 32
2 24 22 -2 32 6 -2 82
3 16 22 -2 32 6 -2 82 4 -18 24
2 24 6 2 82 4 2 84
4 16 6 2 82 4 2 84 4 -2 84 6 -2 82
2 24 6 -2 82 4 -2 84
3 16 6 -2 82 4 -2 84 4 -18 24
1 16 0 -18 -56 -4 0 0 0 1 0 0 0 80 rect.dat
1 16 0 -10 54 -4 0 0 0 1 8 0 0 30 rect.dat
1 16 0 0 84 -4 0 0 0 0 -2 0 -1 0 rect.dat
2 24 -24 2 24 -22 2 32
4 16 -24 2 24 -24 -2 24 -22 -2 32 -22 2 32
2 24 -24 -2 24 -22 -2 32
3 16 -24 -2 24 -22 -2 24 -22 -2 32
3 16 -22 -2 24 -22 -4 24 -22 -2 32
3 16 -22 -4 24 -4 -18 24 -22 -2 32
2 24 -22 2 32 -6 2 82
4 16 -22 2 32 -22 -2 32 -6 -2 82 -6 2 82
2 24 -22 -2 32 -6 -2 82
3 16 -22 -2 32 -4 -18 24 -6 -2 82
2 24 -6 2 82 -4 2 84
4 16 -6 2 82 -6 -2 82 -4 -2 84 -4 2 84
2 24 -6 -2 82 -4 -2 84
3 16 -6 -2 82 -4 -18 24 -4 -2 84
2 24 -4 -18 24 -22 -4 24
2 24 -22 -4 24 -22 -4 -132
2 24 -22 -4 -136 -4 -18 -136
4 16 -22 -4 -136 -4 -18 -136 -4 -18 24 -22 -4 24
2 24 -22 -4 24 -22 -2 32
2 24 -22 -2 32 -22 -2 -132
2 24 -22 -2 -132 -22 -4 -132
4 16 -22 -2 -132 -22 -4 -132 -22 -4 24 -22 -2 24
2 24 -24 -2 -132 -22 -2 -132
4 16 -24 -2 -132 -22 -2 -132 -22 -2 24 -24 -2 24
3 16 -24 -2 -132 -22 -4 -132 -22 -2 -132
2 24 -24 -2 -132 -22 -4 -132
2 24 -22 -4 -136 -24 -2 -136
4 16 -24 -2 -132 -24 -2 -136 -22 -4 -136 -22 -4 -132
1 16 -24 -1 -56 0 1 0 -1 0 0 0 0 80 rect.dat
1 16 22 1 24 0 0 2 -1 0 0 0 1 0 rect.dat
1 16 -22 1 24 0 0 2 -1 0 0 0 1 0 rect.dat
1 16 21 0 -56 0 0 3 0 -1 0 80 0 0 rect.dat
1 16 -21 0 -56 0 0 3 0 -1 0 80 0 0 rect.dat
1 16 0 0 -132 -4 0 0 0 -1 0 0 0 4 2-4ndis.dat
1 16 -10 0 -128 4 0 0 0 -1 0 0 0 -4 1-4ndis.dat
1 16 -10 0 -128 4 0 0 0 -1 0 0 0 -4 1-4edge.dat
0 BFC INVERTNEXT
1 16 -10 0 -128 4 0 0 0 -10 0 0 0 -4 1-4cyli.dat
1 16 -10 -10 -128 4 0 0 0 -1 0 0 0 -4 1-4edge.dat
1 16 10 0 -128 -4 0 0 0 -1 0 0 0 -4 1-4ndis.dat
1 16 10 0 -128 -4 0 0 0 -1 0 0 0 -4 1-4edge.dat
0 BFC INVERTNEXT
1 16 10 0 -128 -4 0 0 0 -10 0 0 0 -4 1-4cyli.dat
1 16 10 -10 -128 -4 0 0 0 -1 0 0 0 -4 1-4edge.dat
1 16 14 0 -134 0 0 10 0 -1 0 2 0 0 rect.dat
1 16 -14 0 -134 0 0 10 0 -1 0 2 0 0 rect.dat
4 16 6 0 -128 6 0 -132 4 0 -132 4 0 -128
4 16 -4 0 -128 -4 0 -132 -6 0 -132 -6 0 -128
4 16 6.5 0 -122 -6.5 0 -122 -6 0 -128 6 0 -128
2 24 6 0 -128 6.5 0 -122
2 24 -6 0 -128 -6.5 0 -122
3 16 -6.5 0 -122 6.5 0 -122 0 -6 -122
2 24 -6.5 0 -122 6.5 0 -122
2 24 -6.5 0 -122 0 -6 -122
3 16 -6.5 0 -122 0 -6 -122 0 -14 -84
2 24 0 -6 -122 6.5 0 -122
3 16 0 -6 -122 6.5 0 -122 0 -14 -84
2 24 0 -6 -122 0 -14 -84
3 16 6.5 0 -122 18 0 -22 0 -14 -84
2 24 6.5 0 -122 18 0 -22
3 16 -6.5 0 -122 0 -14 -84 -18 0 -22
2 24 -6.5 0 -122 -18 0 -22
2 24 0 -14 -84 18 0 -22
3 16 0 -14 -84 18 0 -22 0 -14 -22
2 24 0 -14 -84 0 -14 -22
3 16 0 -14 -84 0 -14 -22 -18 0 -22
2 24 0 -14 -84 -18 0 -22
2 24 0 -14 -22 -18 0 -12
3 16 0 -14 -22 -18 0 -12 -18 0 -22
2 24 0 -14 -22 18 0 -12
3 16 0 -14 -22 18 0 -22 18 0 -12
2 24 0 -14 -22 0 -16 22
3 16 0 -14 -22 0 -16 22 -18 0 -12
2 24 0 -16 22 -18 0 -12
3 16 0 -16 22 0 -14 -22 18 0 -12
2 24 0 -16 22 18 0 -12
2 24 0 -16 22 -18 0 34
2 24 0 -16 22 -3 0 80
2 24 0 -16 22 3 0 80
